7.827284941673278240e+01
2.459580933153629445e+01
1.245905701816082001e+01
1.037734218537807429e+01
9.410173188149929757e+00
8.331835189461708424e+00
7.920561189949512304e+00
7.183611637353896739e+00
6.873581796884536743e+00
6.590709322690964100e+00
6.138323794305324377e+00
5.855033732950687408e+00
5.724517819285392939e+00
5.362607869505882086e+00
5.020598779618739904e+00
4.786904574930668232e+00
4.575399127602577387e+00
4.374679821729659857e+00
4.222752212733030142e+00
4.011892086267470958e+00
3.867293639481067746e+00
3.681276042759418665e+00
3.500881737470626920e+00
3.358522211015224634e+00
3.254649701714515508e+00
3.119189839065074743e+00
3.047964530438184827e+00
2.924905662238598048e+00
2.850079808384180069e+00
2.779912468045949936e+00
2.755182940512895584e+00
2.679562056809663861e+00
2.612433734536170782e+00
2.604349342733621508e+00
2.575276736170053482e+00
2.563082541525363744e+00
2.536484818160533727e+00
2.532691793888807386e+00
2.516800137609243482e+00
2.505341041088104070e+00
2.504408902674913229e+00
2.471424846351146787e+00
2.468352453410625369e+00
2.455884150415658773e+00
2.442918603867292315e+00
2.443223945051431478e+00
2.431433076411485761e+00
2.434733036160468878e+00
2.414326441287994562e+00
2.412846341729164124e+00
2.403378701955079855e+00
2.408046019822358996e+00
2.407228050380945117e+00
2.412806736677885144e+00
2.398646232485771357e+00
2.405120335519313812e+00
2.393130355328321635e+00
2.396008167415857315e+00
2.398612211644649328e+00
2.385706707835197449e+00
2.392983024567365558e+00
2.390864457935094833e+00
2.387352849543094457e+00
2.389874456077814013e+00
2.388836539164185702e+00
2.385963591933250250e+00
2.386646076291799368e+00
2.387233555316925049e+00
2.387869779020547867e+00
2.387037397921085269e+00
2.381228616833686917e+00
2.381293630599975675e+00
2.384520581364631742e+00
2.382050187140703379e+00
2.383879406750202268e+00
2.382299850881099523e+00
2.387450478225946249e+00
2.380696050077676595e+00
2.384314975142479032e+00
2.382803580164909452e+00
2.385162353515625000e+00
2.386514384299516678e+00
2.384292521327734171e+00
2.382264531403779806e+00
2.381246072053909479e+00
2.378642334043979734e+00
2.383358915895223529e+00
2.381969933211803614e+00
2.384000913053751169e+00
2.382429850846528918e+00
2.381635493040084928e+00
2.380117840319871725e+00
2.379735229909420102e+00
2.379207418859004886e+00
2.380223765224218191e+00
2.379462321847677142e+00
2.382426338642835706e+00
2.382674366235733032e+00
2.382011233270168393e+00
2.381693225353956223e+00
2.381740306317806422e+00
2.378351102024316877e+00
2.381430856883525848e+00
2.378409998118877322e+00
2.381142108887433828e+00
2.380671412497759043e+00
2.378251945972442716e+00
2.380262494087219238e+00
2.378424665331840604e+00
2.379611560702323825e+00
2.380396060645580292e+00
2.380335938185453415e+00
2.382456905394792379e+00
2.379252529889344991e+00
2.379877916723489584e+00
2.378534823656082153e+00
2.377839183807373136e+00
2.381223810464143664e+00
2.377840007841586889e+00
2.378352659940719427e+00
2.377755191177129745e+00
2.378476089611649691e+00
2.379106857627630411e+00
2.380324598401784897e+00
2.376799682527780622e+00
2.378380011767148972e+00
2.379129697382450281e+00
2.377467679232359021e+00
2.379538702964782537e+00
2.380079766362905414e+00
2.382537206262349994e+00
2.379453288018703372e+00
2.378152030706405462e+00
2.378345214575529276e+00
2.381012471765279859e+00
2.378578569740056992e+00
2.377491556107997894e+00
2.379514824599027634e+00
2.380382407456636429e+00
2.379729180037975400e+00
2.376975575089454562e+00
2.378356584906577975e+00
2.379225117713212878e+00
2.379498637467622579e+00
2.378552340716123759e+00
2.379638508707285105e+00
2.378267044574022382e+00
2.380651222914457410e+00
2.378121133148670019e+00
2.379151535779237658e+00
2.377156029269099413e+00
2.379389569163322449e+00
2.379006128758192062e+00
2.378735592961311429e+00
2.377677249163389295e+00
2.379629871249199002e+00
2.378608254343271167e+00
2.382140986621379852e+00
2.378263584524392904e+00
2.378523926436900915e+00
2.378901571035385132e+00
2.383084424585104166e+00
2.376310811191797434e+00
2.376681138575077235e+00
2.382278783619403928e+00
2.380221889913082034e+00
2.377634153515100657e+00
2.377291230857372373e+00
2.378513737767934622e+00
2.380503825098275961e+00
2.378367855399846853e+00
2.377835174649953753e+00
2.377979758381843389e+00
2.377585407346487045e+00
2.379639671742916018e+00
2.379594087600708008e+00
2.377535282820463003e+00
2.377341893315315424e+00
2.377855550497770309e+00
2.378895287215709864e+00
2.379349658638238996e+00
2.377396795898675919e+00
2.380156227201223551e+00
2.378952801227569580e+00
2.380816168338060201e+00
2.379687281697988599e+00
2.377370911091566175e+00
2.377537138015031637e+00
2.376081904768943875e+00
2.377126352488994510e+00
2.376893597841262640e+00
2.378305433690548032e+00
2.378271160274743945e+00
2.380712296813726425e+00
2.376680993288755595e+00
2.380567073822021484e+00
2.378601586818695157e+00
2.378783857822418302e+00
2.378993912786245168e+00
2.378755605965852560e+00
2.376047119498252869e+00
2.380456030368804932e+00
2.379192221164703192e+00
2.381856715679168790e+00
2.378302779793739496e+00
2.379672281444072723e+00
2.377925194054841818e+00
2.381657436490058899e+00
2.378375241160392672e+00
2.378344547003507614e+00
2.377191729843616486e+00
2.378280769288539709e+00
2.377761852741241633e+00
2.375751329958438962e+00
2.377368235588073642e+00
2.378203964233398526e+00
2.376624559611081988e+00
2.377458288520574392e+00
2.378671656548976721e+00
2.377602026611566721e+00
2.378458938747644247e+00
2.377655933797359289e+00
2.375968955457210541e+00
2.379840826243162066e+00
2.377839872986078351e+00
2.373475059866905212e+00
2.369639006257057368e+00
2.368134859949350357e+00
2.364196978509426117e+00
2.359624424576759250e+00
2.360134910047054113e+00
2.359375037252902985e+00
2.358334380388259710e+00
2.360110286623239517e+00
2.359666721522807986e+00
2.356897587329149335e+00
2.357130788266658783e+00
2.359822291135787786e+00
2.356900371611118317e+00
2.356765122711658389e+00
2.356701175868511022e+00
2.355649477243423551e+00
2.356533021479845225e+00
2.355468717217445551e+00
2.358845737576484858e+00
2.358806689083576380e+00
2.355823688209056854e+00
2.355827514827251612e+00
2.355412055552005945e+00
2.356073619425296695e+00
2.357083355635404498e+00
2.356706117838621051e+00
2.358059886842966080e+00
2.355582350492477328e+00
2.355673966556787402e+00
2.355927069485187708e+00
2.355928156524896622e+00
2.354755524545907974e+00
2.358722382783889682e+00
2.355613599717616857e+00
2.356415314227342517e+00
2.355752577632665545e+00
2.357004690542817027e+00
2.357311908155679703e+00
2.357132179290056140e+00
2.357024897634983240e+00
2.357432141900062561e+00
2.355652341246604831e+00
2.357948584854602903e+00
2.356616289913654239e+00
2.355869945138692856e+00
2.356603457778692068e+00
2.356593630462884725e+00
2.356242717057466685e+00
2.356081128865480601e+00
2.355654443800449194e+00
2.357689937204122455e+00
2.356753897666931330e+00
2.355495551228523166e+00
2.356453806906938730e+00
2.356348405033350080e+00
2.360672877728938968e+00
2.357328388839960098e+00
2.358492332696914495e+00
2.356237779557704748e+00
2.355111555755138308e+00
2.358997654914856135e+00
2.358043434470892041e+00
2.356686887890100390e+00
2.355296602100133807e+00
2.355941861867904663e+00
2.355533151328563779e+00
2.357593701779842288e+00
2.356349457055330276e+00
2.355900753289461136e+00
2.358773565292358487e+00
2.354986528307199567e+00
2.356118618696927847e+00
2.357355424016714274e+00
2.357452322542667567e+00
2.358419527113437830e+00
2.357402686029672623e+00
2.357365162670612246e+00
2.355946321040391922e+00
2.356096301972866236e+00
2.355836680531501859e+00
2.355391232669353574e+00
2.356174623966217130e+00
2.356556131690740408e+00
2.355779117345810025e+00
2.354804258048534216e+00
2.357928381115198313e+00
2.357490114122628988e+00
2.357779434323310941e+00
2.357377723604440867e+00
2.355075153335929095e+00
2.356277062743902029e+00
2.355573328584432691e+00
2.356624101102352320e+00
2.356392789632081985e+00
2.355966042727231979e+00
2.356432385742664337e+00
2.355607099831104279e+00
2.356576146930456250e+00
2.356746095418929876e+00
2.357108055055141538e+00
2.359276279062032522e+00
2.356028146296739401e+00
2.357030348479747683e+00
2.356611248105764389e+00
2.357485523819923490e+00
2.354260331392288297e+00
2.357157558202743530e+00
2.355251828581094831e+00
2.362482934445142568e+00
2.355150242894887835e+00
2.356217611581087112e+00
2.358276596292853355e+00
2.355187153816223233e+00
2.355348563939332784e+00
2.355867085605859668e+00
2.357020165026187719e+00
2.356365385651588262e+00
2.357011348754167734e+00
2.355903103947639465e+00
2.357698432356118978e+00
2.356916623562574475e+00
2.356600151956081302e+00
2.357308972626924515e+00
2.355453542619943441e+00
2.355182291567325503e+00
2.355665913969278158e+00
2.355976914614438922e+00
2.355760163813829244e+00
2.355729182064533411e+00
2.355704470723867239e+00
2.356145633012056262e+00
2.357244718819856644e+00
2.356565836071967901e+00
2.355154970288276584e+00
2.356558634340763181e+00
2.355991072207689108e+00
2.355507493019104004e+00
2.355619599670171649e+00
2.356594454497098923e+00
2.356049139052629471e+00
2.355931027233600705e+00
2.355368277430534452e+00
2.356121613085270017e+00
2.356148387491702856e+00
2.356106784939766108e+00
2.356027661263942807e+00
2.358700386434793295e+00
2.356924960017204196e+00
2.355826699733734042e+00
2.356253594160079956e+00
2.357778751105070292e+00
2.355174533277749838e+00
2.355844002962112604e+00
2.357257216423749746e+00
2.357143413275480270e+00
2.357890876382589429e+00
2.355562464147806345e+00
2.356029742956161410e+00
2.355742222070694059e+00
2.356962817907333196e+00
2.356597451865673154e+00
2.355694583803415121e+00
2.355758105218410670e+00
2.355734831839799703e+00
2.356389363855123431e+00
2.357148444652557462e+00
2.355683528631925761e+00
2.356257566809654147e+00
2.358591419458389460e+00
2.357530863583087832e+00
2.355299965292215525e+00
2.355804494023323148e+00
2.354954875260591329e+00
2.355780661106109619e+00
2.356380270421504886e+00
2.355766877532005310e+00
2.357343889772891998e+00
2.357310216873884201e+00
2.357496485114097595e+00
2.356079165637493311e+00
2.355556069314479917e+00
2.356449976563453674e+00
2.357795618474483490e+00
2.356109648942947388e+00
2.355997509509324850e+00
2.355479513853788287e+00
2.357008063048124491e+00
2.357636806368827997e+00
2.355957167595625013e+00
2.357533528655767263e+00
2.357396342605352579e+00
2.354970428347587408e+00
2.357330317050218671e+00
2.357664063572883606e+00
2.356700570136308848e+00
2.356038450449704946e+00
2.354328788816928864e+00
2.356569489836692899e+00
2.357796119153499514e+00
2.356083569675683886e+00
2.357086912542581736e+00
2.357470109313726248e+00
2.356402086466550916e+00
2.357010015100240885e+00
2.356396608799696146e+00
2.354946366697549642e+00
2.356147033721208484e+00
2.355475378781556994e+00
2.355708486586808981e+00
2.355919188261032193e+00
2.358367189019918264e+00
2.355129154771566480e+00
2.355232456326484591e+00
2.357467915862798691e+00
2.355950930714607150e+00
2.358111160248518079e+00
2.357682317495346069e+00
2.355842046812176793e+00
2.355162094533443273e+00
2.357096008211374105e+00
2.355967045575380503e+00
2.356429297477006912e+00
2.355874352902174174e+00
2.355644308030605316e+00
2.357128921896219254e+00
2.354713642597198398e+00
2.357769075036048712e+00
2.355745428055525004e+00
2.356825616210699081e+00
2.353803452104330063e+00
2.356635705381632029e+00
2.361748754233121694e+00
2.355656838417053311e+00
2.358200765401124777e+00
2.355321542918682010e+00
2.357614932954311460e+00
2.357580426335334600e+00
2.355991232395171942e+00
2.355883184820413589e+00
2.356798808276653112e+00
2.354263425618410288e+00
2.356291183084249674e+00
2.354897390305995764e+00
2.358468471467495053e+00
2.354772704094648450e+00
2.358525121957063764e+00
2.355693534016609192e+00
2.355069469660520554e+00
2.359254003316164194e+00
2.355549315363168805e+00
2.355085294693708420e+00
2.359975370019674390e+00
2.355679371207952677e+00
2.356795398890972226e+00
2.355105926841497332e+00
2.357018815726041883e+00
2.354866525530815213e+00
2.356864028424024760e+00
2.358695265650749384e+00
2.356042902171611608e+00
2.356329802423715591e+00
2.358218446373939514e+00
2.355863313376903356e+00
2.356533157080412000e+00
2.355130696296691806e+00
2.357734724134206594e+00
2.355868407338857828e+00
2.357672888040542425e+00
2.358058600872754873e+00
2.357522523403167813e+00
2.355239555984735667e+00
2.357730360329151065e+00
2.356595235317945569e+00
2.354896982014179407e+00
2.355200258642434985e+00
2.354848507791757584e+00
2.357677492499351324e+00
2.355587889999151141e+00
2.357015111297369181e+00
2.355547724664211362e+00
2.355686569958925336e+00
2.355862191319465726e+00
2.357689686864614664e+00
2.356374771893024356e+00
2.356922972574829966e+00
2.356877434998750687e+00
2.356227490305900396e+00
2.355711963772773920e+00
2.356537704169750391e+00
2.356467714160680682e+00
2.358062846213579089e+00
2.356508141756057828e+00
2.355631883442401708e+00
2.356588980555534452e+00
2.355555978417396723e+00
2.356352858245372772e+00
2.357681782543659121e+00
2.356140415370464147e+00
2.356707428395748316e+00
2.355035149306059061e+00
2.355101615935564219e+00
2.356256118416786283e+00
2.355592159926891416e+00
2.354967713356018066e+00
2.358022131025791168e+00
2.358175816386938184e+00
2.356066808104515076e+00
2.356738712638616562e+00
2.357519371807575315e+00
2.356429164111614405e+00
2.357590964436531156e+00
2.355361962318420321e+00
2.357947027683258145e+00
2.354954873025417506e+00
2.355612398684024722e+00
2.356309957057237447e+00
2.356050124019384295e+00
2.355835822224617182e+00
2.355083294212818146e+00
2.357506876438856036e+00
2.356509590148925692e+00
2.355950236320495605e+00
2.355355627089738668e+00
2.358141108602285207e+00
2.355819280445575536e+00
2.356606422364711850e+00
2.356690544635057449e+00
2.355592838674783529e+00
2.357163066416978925e+00
2.356680295616388143e+00
2.355928897112607778e+00
2.357313465327024460e+00
2.356083405762910754e+00
2.354506491869687856e+00
2.357262106239795596e+00
2.356290342658758252e+00
2.355958814173936933e+00
2.356402579694986343e+00
2.355915290862321765e+00
2.356907052546739489e+00
2.356607408076524912e+00
2.355136628448962988e+00
2.356717589497566046e+00
2.355357865244150251e+00
2.355936913192272275e+00
2.356435940414667307e+00
2.354823230206966489e+00
2.358875720947980703e+00
2.354554069042205988e+00
2.357444255053997129e+00
2.357816194742917926e+00
2.356253200769424350e+00
2.359089363366365433e+00
2.356391717493534266e+00
2.356790047138929367e+00
2.355589994043111979e+00
2.354640166461467565e+00
2.355165649950504481e+00
2.356826519221067340e+00
2.357623001188039691e+00
2.354362548887729556e+00
2.355616682022810160e+00
2.356433608382940470e+00
2.356248650699853897e+00
2.355872102081775665e+00
2.355830062925815760e+00
2.355371453613043009e+00
2.355221918970346273e+00
2.355871891975402921e+00
2.355668866634368808e+00
2.357382725924253464e+00
2.356379173696041107e+00
2.356267913430929006e+00
2.354202456027269186e+00
