1.498935221433639526e+02
7.523623957633972736e+01
3.849253786802292154e+01
2.625085477232932973e+01
1.876558261513709880e+01
1.364535697698593175e+01
1.140011424124240946e+01
9.880367638170719502e+00
8.824108560383319144e+00
8.326226559281348472e+00
7.559071582555771052e+00
7.194066414237022755e+00
6.853349924087524414e+00
6.322812691330909729e+00
5.845498418807983043e+00
5.425392861664295019e+00
5.141268199682235363e+00
4.624119509011507034e+00
4.401555327326059697e+00
3.994697468727827161e+00
3.773095750063657938e+00
3.547971744090318680e+00
3.406417794525623322e+00
3.154285298287868411e+00
2.941731300204992294e+00
2.741254995018243878e+00
2.631236149370670407e+00
2.480021447688341318e+00
2.340487543493509293e+00
2.199103879556060015e+00
2.049784142524003983e+00
1.979500598832964808e+00
1.811796145141124637e+00
1.729995448142290115e+00
1.629255894199013621e+00
1.554401679709553674e+00
1.475962487608194262e+00
1.392388727515935898e+00
1.303453660011291593e+00
1.261328406631946564e+00
1.180201010406017215e+00
1.145950422063469976e+00
1.103379365988075733e+00
1.088410883769392878e+00
1.042685013450682208e+00
1.024191494658589274e+00
9.870789416134357896e-01
9.764607986435294151e-01
9.435824260115623918e-01
9.163053022697568162e-01
9.059634845703840034e-01
8.902449660003185494e-01
8.828681118786334547e-01
8.684946972876786964e-01
8.483325522392988205e-01
8.338304860517382622e-01
8.176861690357327683e-01
8.373852642253041267e-01
8.101602200418710487e-01
7.919493686407804711e-01
7.882433718070387396e-01
8.021679298952222315e-01
7.845070682466029899e-01
7.975609283894300461e-01
8.130108086392283662e-01
7.846307791769504547e-01
7.726586252450943215e-01
7.572319855913519637e-01
7.650580869987606558e-01
7.761860830709338410e-01
7.788898998871445212e-01
7.521073058247566001e-01
7.510741280391812769e-01
7.501391012221574339e-01
7.444079319015145524e-01
7.520312249660492387e-01
7.434173053130507247e-01
7.415983881801366806e-01
7.585764883086085764e-01
7.435492977499962297e-01
7.385495500639081001e-01
7.315048791468143907e-01
7.238935131579637972e-01
7.349091971293091330e-01
7.417589897289872392e-01
7.215148262679577096e-01
7.155152730643749015e-01
7.463854314759373887e-01
7.170224897563457489e-01
7.223152626305818780e-01
7.158927444368601289e-01
7.124845603480934875e-01
7.219250587746500747e-01
7.172085069119930045e-01
7.140408003702759521e-01
7.099474290385842101e-01
7.199920056387781875e-01
7.147569512948394044e-01
7.181011553853750007e-01
7.187738541513681856e-01
7.168703522533178552e-01
7.151222005486488342e-01
7.165640680119395034e-01
7.200458543375134468e-01
7.091407882049679534e-01
7.171779586002230422e-01
7.104579253122210725e-01
7.134857781231402907e-01
7.168972788378595862e-01
7.152271009981632233e-01
7.195155873894691911e-01
7.119289413094520569e-01
7.102329051122069359e-01
7.064496152102947013e-01
7.240885237231851068e-01
7.158258583396672758e-01
7.134150691330433114e-01
7.037721469998359236e-01
7.082104563713074175e-01
7.058279285207390563e-01
7.045314306393265502e-01
7.140472020953894106e-01
7.068048324435949326e-01
7.033275129273534043e-01
7.133310224860907045e-01
7.106909850612282975e-01
7.259336361661553605e-01
7.032433519139885680e-01
7.119992509484290855e-01
7.065276009961962700e-01
7.014862755313515663e-01
7.064151778817177041e-01
7.039844997227191481e-01
7.019150242209434287e-01
7.110980458557605299e-01
7.039251998066902161e-01
7.165283333510160668e-01
7.021944746375083923e-01
7.015182899311185327e-01
7.092749200761317985e-01
7.017264887690544128e-01
7.006363648921251075e-01
6.994861926883458869e-01
7.016384087502955946e-01
7.111352983862161414e-01
7.058723133057356325e-01
7.004918705672025236e-01
7.007139997556806055e-01
6.989446127787232177e-01
6.938304068520665391e-01
6.904639635235071404e-01
6.722847644239664522e-01
6.685061164200305495e-01
6.564913742244243844e-01
6.539436915889382806e-01
6.516385881230235544e-01
6.483997402712702307e-01
6.608514999970793724e-01
6.741161588579416275e-01
6.583376841619610342e-01
6.517728332430123839e-01
6.525888055562972800e-01
6.463911930099129899e-01
6.463810861110687034e-01
6.455713681876659171e-01
6.475379621610045655e-01
6.643769534304737601e-01
6.441699437797069328e-01
6.470865225419402122e-01
6.402308626100421396e-01
6.387687189504503982e-01
6.421408003196120706e-01
6.580686023458838241e-01
6.402259543538093567e-01
6.437760856002568977e-01
6.446377603337168916e-01
6.430683383718133195e-01
6.395173715427517891e-01
6.529471077024936454e-01
6.389560559764504433e-01
6.454887982457876427e-01
6.419451262801885161e-01
6.445055978372693506e-01
6.484501594677567482e-01
6.453919967636465582e-01
6.425926100462675539e-01
6.445370569825172868e-01
6.358003998175263405e-01
6.365710379555821197e-01
6.410568803548812866e-01
6.353808268904685974e-01
6.337929908186197281e-01
6.309225924313068834e-01
6.350735811516642348e-01
6.308554096147418466e-01
6.295886173844337241e-01
6.404885377734899077e-01
6.298408800736069457e-01
6.294276276603341103e-01
6.341276073828339133e-01
6.291632587090134621e-01
6.293835060670971426e-01
6.303527677431702836e-01
6.305092230439186540e-01
6.377261895686388016e-01
6.294937564060092416e-01
6.303820325061678664e-01
6.288901127874850783e-01
6.296008797362446785e-01
6.307378737255930901e-01
6.296496124938130157e-01
6.303855178877710852e-01
6.281506203114985976e-01
6.335967928171157837e-01
6.318165192380547079e-01
6.292577479034662247e-01
6.296264540404081789e-01
6.293031297624110953e-01
6.300013491883873495e-01
6.333573216572403464e-01
6.312441170215606911e-01
6.300915848463773949e-01
6.298891836777329445e-01
6.274944726377725823e-01
6.293517997488379256e-01
6.265600224956869857e-01
6.302997745573520882e-01
6.293003566563128981e-01
6.303581336513162103e-01
6.278087124228477478e-01
6.294872974976897240e-01
6.321005564182996528e-01
6.295029679313302040e-01
6.307182116433978081e-01
6.347613248974084410e-01
6.294865453615784423e-01
6.298321606591343880e-01
6.314867384731769340e-01
6.296692557632923570e-01
6.307942535728215949e-01
6.276236852630973084e-01
6.338533030822872671e-01
6.299865024164319482e-01
6.300095599144697189e-01
6.270759865641594155e-01
6.298361642286181006e-01
6.318085683509707673e-01
6.287370299920439498e-01
6.335699144750833733e-01
6.456149250268936601e-01
6.284709881991148439e-01
6.286385335028171761e-01
6.288102008402347565e-01
6.300220994278789011e-01
6.303690111264586005e-01
6.291121214628219160e-01
6.301126649603248087e-01
6.334901617839931998e-01
6.301527166739105956e-01
6.300479061901569366e-01
6.281325841322541459e-01
6.312381176277994665e-01
6.343506148084998575e-01
6.292719932273029837e-01
6.285719703882932663e-01
6.324675513431430307e-01
6.287651807069778442e-01
6.265013799071311729e-01
6.275077704340219498e-01
6.286265389993787034e-01
6.277704333886504617e-01
6.290119454264641030e-01
6.333710040897131410e-01
6.310467457398771796e-01
6.298168148845434411e-01
6.336417088285088983e-01
6.287387335672974809e-01
6.287671344354748282e-01
6.298984179273248163e-01
6.274645136669277923e-01
6.342017181217670663e-01
6.293092312291264090e-01
6.298070747405291048e-01
6.297616550698876825e-01
6.293102545663714631e-01
6.266704924404621346e-01
6.292726220563054085e-01
6.273966649547219054e-01
6.291082011535763518e-01
6.370790148153900878e-01
6.307262532413006051e-01
6.286122446879744974e-01
6.291347373276948707e-01
6.296299835667014122e-01
6.284764861688018067e-01
6.300052259117364661e-01
6.282042002305388007e-01
6.325256126001477242e-01
6.272303018718957679e-01
6.301179753616452661e-01
6.289419639855623467e-01
6.293839894235133681e-01
6.308462660759687202e-01
6.290012115612626520e-01
6.284462345764041391e-01
6.289473822340369003e-01
6.295112699270248857e-01
6.302497293800115585e-01
6.333992084488272445e-01
6.301159774884581566e-01
6.297625027596950309e-01
6.287385243922472000e-01
6.295704796910286394e-01
6.274641662836074607e-01
6.296314256265759246e-01
6.307706747204064879e-01
6.310057446360588518e-01
6.294376458972692490e-01
6.311056125909090264e-01
6.297547267749905586e-01
6.311284851282834563e-01
6.286159610375762208e-01
6.301755791530012640e-01
6.310050047934054884e-01
6.385563960298895614e-01
6.338323246687650458e-01
6.284950712695718256e-01
6.395273923873900923e-01
6.305098006501793639e-01
6.298975743353366630e-01
6.279239725321531518e-01
6.298766789957881418e-01
6.290185771882533805e-01
6.313392514362931029e-01
6.305963525548576865e-01
6.297716964036226273e-01
6.293348541483283487e-01
6.294560153037309647e-01
6.295645395293831825e-01
6.290891671553253683e-01
6.297512264922261460e-01
6.285447303205728975e-01
6.302455104887485504e-01
6.286842258647084014e-01
6.317450838163495286e-01
6.323750620707869752e-01
6.293167689815163390e-01
6.276784582063555940e-01
6.328548902645707575e-01
6.294887738302350488e-01
6.296189527958631071e-01
6.313939291983843294e-01
6.296135863289237244e-01
6.442574013024569002e-01
6.332873146981000678e-01
6.281901575624943002e-01
6.300361033529042754e-01
6.279352888464927451e-01
6.298818593844771607e-01
6.305064355954528299e-01
6.281388539820909056e-01
6.286696719005704370e-01
6.301556862890720367e-01
6.309175478294491990e-01
6.295562244951724562e-01
6.304437680169939773e-01
6.277565641328692880e-01
6.297487728297710419e-01
6.302573608234525171e-01
6.301571279764175415e-01
6.319418467581272569e-01
6.278197295963764413e-01
6.284683417528867944e-01
6.299263015389442444e-01
6.302593259140849558e-01
6.293822528794408289e-01
6.293632464483380762e-01
6.275661146268248780e-01
6.268340483307838218e-01
6.281239641830325127e-01
6.316236641258001772e-01
6.285269556567072424e-01
6.246682377532124519e-01
6.289371700957417932e-01
6.281278120353818162e-01
6.270424505695700867e-01
6.261244628578424010e-01
6.275415636599064317e-01
6.279308283701539040e-01
6.307603731751442178e-01
6.272445451468229294e-01
6.272995963692664656e-01
6.258996687829494476e-01
6.346421731635928376e-01
6.273996159434318542e-01
6.254878479987382445e-01
6.265544498339294943e-01
6.253569561988114867e-01
6.267865011468529701e-01
6.269654400646686998e-01
6.308163255453109741e-01
6.247112998738885148e-01
6.258923819288610968e-01
6.259315103292465432e-01
6.271428318694234338e-01
6.263956889510154946e-01
6.282081887125968711e-01
6.272464971989393234e-01
6.250937728211283240e-01
6.267747161909937859e-01
6.260600663721561654e-01
6.269250610843301041e-01
6.260197632014751212e-01
6.275965586304664834e-01
6.267874211072921309e-01
6.267736168578267320e-01
6.315844554454088655e-01
6.256757894530892150e-01
6.268933439627289994e-01
6.278575859963894112e-01
6.320779338479042275e-01
6.248995453119278176e-01
6.248978324234485404e-01
6.277846662327647431e-01
6.300761606544256210e-01
6.256628042086959107e-01
6.278322368860245195e-01
6.269710170105099456e-01
6.275032512843609078e-01
6.273840857669711335e-01
6.283199597150087579e-01
6.266379477456212044e-01
6.271836936473846880e-01
6.246941408142447916e-01
6.254740670323372109e-01
6.275374706834554450e-01
6.271455310285091178e-01
6.257368268445133719e-01
6.273912560194730981e-01
6.254893073812126669e-01
6.254406938329338805e-01
6.302060745656490326e-01
6.385633809491991775e-01
6.264010392129421012e-01
6.267887551337480989e-01
6.259012460708618386e-01
6.264944346621632576e-01
6.270853877067565918e-01
6.257866738364100678e-01
6.281204296275972876e-01
6.283161923289298789e-01
6.264944294467568175e-01
6.244960421696305053e-01
6.277561947703361733e-01
6.269691498950124009e-01
6.243827888742089494e-01
6.283377639949321303e-01
6.267664229497313944e-01
6.263702291995286719e-01
6.277982275933027267e-01
6.244580145925283654e-01
6.268778966739774194e-01
6.255306987091898696e-01
6.268004570156335831e-01
6.274950746446847916e-01
6.271840389817953110e-01
6.272955546155571938e-01
6.262324355542659982e-01
6.251515032723545806e-01
6.264734003692865594e-01
6.248795032501220925e-01
6.278267875313758850e-01
6.264595510438084602e-01
6.249551998451352564e-01
6.282721627503633499e-01
6.264842486009001288e-01
6.282577885314821753e-01
6.263550495728850143e-01
6.285741630941629188e-01
6.246256949380040169e-01
6.256953567266464455e-01
6.249114071950316873e-01
6.310477402061224206e-01
6.265970090404152648e-01
6.257411183789372000e-01
6.258554054424166901e-01
6.263841316103935242e-01
6.241955038160085234e-01
6.240673076361418214e-01
6.260106291621923003e-01
6.245660388842224631e-01
6.283773625269531982e-01
6.264830775558948295e-01
6.257219959050417391e-01
6.274574359878897223e-01
6.282171892002225144e-01
6.254261646419763121e-01
6.249567015096545441e-01
6.250869503244758096e-01
6.275678012520075066e-01
6.252912495285272154e-01
6.201324043795466423e-01
6.134786669164895567e-01
6.058735191822052224e-01
6.116136400029063003e-01
6.027965610846877098e-01
6.087600033730268256e-01
6.124640462920070139e-01
6.007380699738860130e-01
6.250148143619298491e-01
6.051899198442697303e-01
5.976972458884119987e-01
6.040137233212590218e-01
5.991162056103348510e-01
5.958612758666277376e-01
6.014066582545638529e-01
5.955504652112721953e-01
5.981393620371818765e-01
5.958120115101337433e-01
5.968516254797577858e-01
5.949735993519424948e-01
5.956430181860923323e-01
5.970691768452525139e-01
5.962420202791690604e-01
5.949506444856524912e-01
5.952512547373771667e-01
5.943557377904653549e-01
5.941541396081447823e-01
5.934368489310145600e-01
5.926065478473901971e-01
5.913505591452121735e-01
5.954617720097303835e-01
5.887068144977092299e-01
5.873990891501307265e-01
5.849143177270889060e-01
5.851994000375271288e-01
5.843295695260166678e-01
5.875360548496246782e-01
5.859294774010777029e-01
5.837156033143401368e-01
5.841323841363191827e-01
5.848462445661425368e-01
5.848630629479885101e-01
5.835318928584456444e-01
5.828852998092770576e-01
5.826486207544803175e-01
5.839595727622508559e-01
5.836920129135251267e-01
5.833421949297189490e-01
5.839055955410004106e-01
5.846694484353065491e-01
5.825563985854387283e-01
5.858880421146750450e-01
5.854926489293574843e-01
5.857011223211884277e-01
5.853102393448352814e-01
5.827663071453571542e-01
5.836908044293522835e-01
5.856759091839194298e-01
5.860791545361280219e-01
5.828878728672861609e-01
5.844001417979598489e-01
5.830943472683429718e-01
5.863939899951219337e-01
5.834636924788355605e-01
5.832485236227512582e-01
5.855181287974119408e-01
5.835109310224652068e-01
5.829253321513533370e-01
5.825850035995244758e-01
5.852110503241420014e-01
5.815747605636716333e-01
5.824462112039328066e-01
5.825117906555533631e-01
5.832731310278177483e-01
5.850747803226112875e-01
5.834694799035787804e-01
5.852893652394414170e-01
5.847527369856834190e-01
5.830976802855729613e-01
5.911076972261071205e-01
5.875539897009730561e-01
5.835258007049560769e-01
5.832577364519238028e-01
5.838124057278036849e-01
5.846290528774261697e-01
5.824948336929083315e-01
5.938042622059583886e-01
5.829683272168040276e-01
5.821918036788702455e-01
5.825218001380563226e-01
5.818438643589616266e-01
5.829931054264306800e-01
5.845035679638386217e-01
5.841469872742891534e-01
5.830650918185711351e-01
5.856696454808115737e-01
5.835231011733412743e-01
5.842910999432205932e-01
5.832259472459554450e-01
