2.048080255985260010e+02
1.060054190397262630e+02
5.961536704301833822e+01
3.868867502808571146e+01
2.514617416262626648e+01
1.778803185522556163e+01
1.375044645965099299e+01
1.122832084298133815e+01
1.003423482924699783e+01
8.940885272622107749e+00
8.379772505164146068e+00
7.894344645738601507e+00
7.208716578781604767e+00
6.938777822256088079e+00
6.357736934721470057e+00
5.944704081118106664e+00
5.546089316904544653e+00
5.254278594255447743e+00
4.784654673933983027e+00
4.382835558801889242e+00
4.211517442017793655e+00
3.936138255894184201e+00
3.727871283143758596e+00
3.462742786854505539e+00
3.226245256513357251e+00
2.925415621697902591e+00
2.781282155215740293e+00
2.715645896643400281e+00
2.451553229242563248e+00
2.311978007107973188e+00
2.155687291175127029e+00
1.991226680576801300e+00
1.904675703123211772e+00
1.787904047966003329e+00
1.774861482530832202e+00
1.589218396693468094e+00
1.518555009365081698e+00
1.478487297892570496e+00
1.386827982217073485e+00
1.343523193150758743e+00
1.293014383688569024e+00
1.276841739192605019e+00
1.231025560200214475e+00
1.172831116244196892e+00
1.153231358900666192e+00
1.123461688309908002e+00
1.079506110027432353e+00
1.029706763103604317e+00
1.017122330516576856e+00
1.003571728244423866e+00
9.657045170664787515e-01
9.572419064119458421e-01
9.453156013041734695e-01
9.207002600654959901e-01
9.115163879469037056e-01
8.823807869106531365e-01
8.752472819760441780e-01
8.540893079712986724e-01
8.450755931437015089e-01
8.289734724909066932e-01
8.516305396333336830e-01
8.330510051921009573e-01
8.226273680105805619e-01
8.139936542138457298e-01
8.117521641775965469e-01
8.192344538867473158e-01
7.901911832392215507e-01
8.050311846658587678e-01
7.921367693692445977e-01
7.833186121657490508e-01
7.821686215698718803e-01
7.739561073482036369e-01
7.789502339437603951e-01
7.738180132582783699e-01
7.715105099603534189e-01
7.666532080620527267e-01
7.704985549673437628e-01
7.717736603692173514e-01
7.663534173741937128e-01
7.823626570403575675e-01
7.613126812502741814e-01
7.582624960690736993e-01
7.565149607136845145e-01
7.520936271175742149e-01
7.662097910419106706e-01
7.703141527250408904e-01
7.635548526421189752e-01
7.514544676989316496e-01
7.550869127735495567e-01
7.729469632729888406e-01
7.653977861627936363e-01
7.534447275102138519e-01
7.501678580418229547e-01
7.540920207276939902e-01
7.652519671246409416e-01
7.553276175633072409e-01
7.586969945579766783e-01
7.423450844362378120e-01
7.723753595724701659e-01
7.510389769449830055e-01
7.445937227457761765e-01
7.276171090081333670e-01
7.522115832194685714e-01
7.356292607262731043e-01
7.231981312856078370e-01
7.241491168737411721e-01
7.258095981553196463e-01
7.265038708224892394e-01
7.299486754462123361e-01
7.235083717852830443e-01
7.384585216641426086e-01
7.284286851063370705e-01
7.304126447066664474e-01
7.176239017397165743e-01
7.331549521535635217e-01
7.257818138226866944e-01
7.290092427283525467e-01
7.165815165266394837e-01
7.343308888375759125e-01
7.246783090755343215e-01
7.276360692456365076e-01
7.266836863011121306e-01
7.350510491058230844e-01
7.169343531131744385e-01
7.192306259647012201e-01
7.152802105993032455e-01
7.139432229101657645e-01
7.123044852167368379e-01
7.105743609368800895e-01
7.072733793407678382e-01
7.042421266436577065e-01
7.064343176782130751e-01
7.186080062761902587e-01
6.993788171559571776e-01
6.986825728788972345e-01
6.964497752487659454e-01
6.940647866576910019e-01
6.953679507598280463e-01
7.034518828615545782e-01
6.839888958260417207e-01
7.000496041029691252e-01
6.905802959576249345e-01
6.859698992222547087e-01
6.839389454573392424e-01
6.918246770277619584e-01
6.872185707092285378e-01
6.798678942024707350e-01
6.771208178251981735e-01
6.596008041873574479e-01
6.485849279910326226e-01
6.506180262193084207e-01
6.419298680499195831e-01
6.344900228083133475e-01
6.718971522524952444e-01
6.352980719879269822e-01
6.347819939255714417e-01
6.424402747303247230e-01
6.432305842638015303e-01
6.535490127280354500e-01
6.376445898786187172e-01
6.298648307099938837e-01
6.360002040863037553e-01
6.299343651160598245e-01
6.227840049192309158e-01
6.306791838258505312e-01
6.257887577638030496e-01
6.295289484784006850e-01
6.259668761864304320e-01
6.317042149603366852e-01
6.370413027703761832e-01
6.239497864618896994e-01
6.277608180418610129e-01
6.264971733093261941e-01
6.487804129719734192e-01
6.327672295272350755e-01
6.247822120785713196e-01
6.219149354845285860e-01
6.308335207402706590e-01
6.280002772808075395e-01
6.275932895019650237e-01
6.250522088259458098e-01
6.277470961213111877e-01
6.310205617919564247e-01
6.210219807922839896e-01
6.306464610621332900e-01
6.297651570290326850e-01
6.280634513124823126e-01
6.204581959173083305e-01
6.387290431186556372e-01
6.251638635993004289e-01
6.380047988146543281e-01
6.265657328069209608e-01
6.230352949351072311e-01
6.370462657883763091e-01
6.282756568863987479e-01
6.251819480210543123e-01
6.237677743658422980e-01
6.237844558432698028e-01
6.239868450909853426e-01
6.208363533020019309e-01
6.349532427266240120e-01
6.240137394517659697e-01
6.222436828538775444e-01
6.228649601340293662e-01
6.290584240108728631e-01
6.273894293233752695e-01
6.221199208870530351e-01
6.211669066920876281e-01
6.228553604334592375e-01
6.191297871991991997e-01
6.344932587817311287e-01
6.194255130365491357e-01
6.232342440634965897e-01
6.222164500504732132e-01
6.189833363518119080e-01
6.250365315005182998e-01
6.144635811448097007e-01
6.163052864372730033e-01
6.137308748438954353e-01
6.087119936943053977e-01
6.190170140936970267e-01
6.128048080950975196e-01
6.260606449097394499e-01
6.145947549492121187e-01
6.017520403489470260e-01
6.083651440218090789e-01
6.079976009204983711e-01
6.098947063088416831e-01
6.087279018014669640e-01
6.074529487639666048e-01
6.114149466156959534e-01
6.132278643548488839e-01
6.119139600545168145e-01
6.130952628329395804e-01
6.059487149119376914e-01
6.119413094595074210e-01
6.082173356786370055e-01
6.107449570670724359e-01
6.051743252202868018e-01
6.072135007008909735e-01
6.106295185163617134e-01
6.153041973710060564e-01
6.176589172333478706e-01
6.122335281223059145e-01
6.066204471513628738e-01
6.046677934005856292e-01
6.049532700330019219e-01
6.072434829548001289e-01
6.114285307005047354e-01
6.093066394329070823e-01
6.124840224161743896e-01
6.089593337848782095e-01
6.114130543544888940e-01
6.227367486804723518e-01
6.079016653820872307e-01
6.055795818567275557e-01
6.061495697125792725e-01
6.194416746497154458e-01
6.044427189975977166e-01
6.154637258499860986e-01
6.103260545060038567e-01
6.122555106878280196e-01
6.041131727397441864e-01
6.118545809760689291e-01
6.068585604429245217e-01
6.123187007382512315e-01
6.099672749638557212e-01
6.151560155674815622e-01
6.098292818292975204e-01
6.127460505813360214e-01
6.112342532724142075e-01
6.049955086782574654e-01
6.062568370252847672e-01
6.114433962851762994e-01
6.158192755654454675e-01
6.109948424622416718e-01
6.079328712075948715e-01
6.094863062724471536e-01
6.055186023935675843e-01
6.083695972338318825e-01
6.078055847436190096e-01
6.061255626380444017e-01
6.082232242450118509e-01
6.184175727888941987e-01
6.099304288625717607e-01
6.075840290635824426e-01
6.073100499808787855e-01
6.164980318397283998e-01
6.070141710340977159e-01
6.043696725741029008e-01
6.045932218432426009e-01
6.095201455056666884e-01
6.069601731374859588e-01
6.204301072284579277e-01
6.067714227363467661e-01
6.151828309521079063e-01
6.123829022049903648e-01
5.995000332593918291e-01
6.278680361807346122e-01
6.105770498514175859e-01
6.103553585708141327e-01
6.127245157957077470e-01
6.125394446775317414e-01
6.078243590891361237e-01
6.061995031312108484e-01
6.067732881754637209e-01
6.073876511305570380e-01
6.140707373619079812e-01
6.068326257169246452e-01
6.087843982502818552e-01
6.117403319105505499e-01
6.103735562413931115e-01
6.065666461363434792e-01
6.083465158939361794e-01
6.107102468609809653e-01
6.052565284073352370e-01
6.206795250996947066e-01
6.070823831483721511e-01
6.133612154051661935e-01
6.095259694382548776e-01
6.046891149133444276e-01
6.129661701619625314e-01
6.066896075382828268e-01
6.089833335950970428e-01
6.121121691539883614e-01
6.072303550317883492e-01
6.145983319729566574e-01
6.144750908017158064e-01
6.065261323004961236e-01
6.088785422965884431e-01
6.097055278718471749e-01
6.095472417771816698e-01
6.099272185936570612e-01
6.070261035114526971e-01
6.089668322354555574e-01
6.162423752248287201e-01
6.124385559931397882e-01
6.087945548817514929e-01
6.078464586287737337e-01
6.103697560727596727e-01
6.064522489905357361e-01
6.069274455308913963e-01
6.097830941900610480e-01
6.107980437576771005e-01
6.074486773461102995e-01
6.066617634147405402e-01
6.091935114935040918e-01
6.094881212338805199e-01
6.107707973569631577e-01
6.076530126854777780e-01
6.113003544509411080e-01
6.122035754844545874e-01
6.062592646107077821e-01
6.075676973909139855e-01
6.067140640690922293e-01
6.028946664184331450e-01
6.124964265152812448e-01
6.070613211020827737e-01
6.044598862528800520e-01
6.144920796155929343e-01
6.099832247942685859e-01
6.080538580194115861e-01
6.058675047010183556e-01
6.119269397109746711e-01
6.049312690272927728e-01
6.108024980872869270e-01
6.123955894261599031e-01
6.082272551953792350e-01
6.112438721582293955e-01
6.144039766862988694e-01
6.142555786296725051e-01
6.150993736460804717e-01
6.114958668127655761e-01
6.019925786182284133e-01
6.078682223334908041e-01
6.082571666687727197e-01
6.122295042499900086e-01
6.063574226573109627e-01
6.084569519385695235e-01
6.061075394973158836e-01
6.077349284663796647e-01
6.078208677470684496e-01
6.119238995015621185e-01
6.035489341244101302e-01
6.090080671012401137e-01
6.081680234521626982e-01
6.107379773631691489e-01
6.091223524883389029e-01
6.103395283222198264e-01
6.062637029215693918e-01
6.059311790391802566e-01
6.151627415791154352e-01
6.064360806718468444e-01
6.081647446379065958e-01
6.074227260425686392e-01
6.096964601427317110e-01
6.077687265351414680e-01
6.076289843767881393e-01
6.040766863152384758e-01
6.101476281881332842e-01
6.125351002439856085e-01
6.059062283486127409e-01
6.083452913910150084e-01
6.106555424630641937e-01
6.083014229312538879e-01
6.081342408433556557e-01
6.056773249059915765e-01
6.140785083174705727e-01
6.087925637140869650e-01
6.050927788019180298e-01
6.077189341187476668e-01
6.080432506278157234e-01
6.071668611839413643e-01
6.081879939883947372e-01
6.120321579277515633e-01
6.165839189663528952e-01
6.045186383649706618e-01
6.078489759936929193e-01
6.070051830261945502e-01
6.065942430868744850e-01
6.046939481049775633e-01
6.088283682242036088e-01
6.043860055506229401e-01
5.994861975312233415e-01
6.099808672443032265e-01
5.878161013126372847e-01
5.818001735955476983e-01
5.977989759296178374e-01
5.823313137516379356e-01
5.802259853109716925e-01
5.909092810004950014e-01
5.748977350071072800e-01
5.763382546603679213e-01
5.897123152390122414e-01
6.027592834085225837e-01
5.711407698690891266e-01
5.776025978848338127e-01
5.749433787539601770e-01
5.787371493875980155e-01
5.698284393176435980e-01
5.694322716444730759e-01
5.717072684317827669e-01
5.668970972299576250e-01
5.710474094375967979e-01
5.710435416549444199e-01
5.739803351461887360e-01
5.687606548890471458e-01
5.842825479805469069e-01
5.757073592394590378e-01
5.734345583245158418e-01
5.645247859880327956e-01
5.654063671827316284e-01
5.749026166275144067e-01
5.702879125252365844e-01
5.743748141452670319e-01
5.624179881066083686e-01
5.621209973469376564e-01
5.699444422498345375e-01
5.676471430808305296e-01
5.666594592854380386e-01
5.648341085761785507e-01
5.695959888398647308e-01
5.739301338791846785e-01
5.675724184140562567e-01
5.640624275431036505e-01
5.670667583122849242e-01
5.646470580250024796e-01
5.635534355416893515e-01
5.651148114353418128e-01
5.720615020021796449e-01
5.670880755409598573e-01
5.605348059907555580e-01
5.681879362091422081e-01
5.653777141124010086e-01
5.631349587813019308e-01
5.630000201985240205e-01
5.693817878141999023e-01
5.652170849964022192e-01
5.660660790279508081e-01
5.685147967189549956e-01
5.634272608906030211e-01
5.618381278589368311e-01
5.679284682497381942e-01
5.795706503093243089e-01
5.629118982702493446e-01
5.679203962907195535e-01
5.679175078868865523e-01
5.655227672308683617e-01
5.667670292779802832e-01
5.652054354548454729e-01
5.632339106872678025e-01
5.639918981119990127e-01
5.673035193234682305e-01
5.664652025327086005e-01
5.678354084491730180e-01
5.627025412395596504e-01
5.682144556194543839e-01
5.693132741376757400e-01
5.609920827671885935e-01
5.641483614221215470e-01
5.649113630875944869e-01
5.657571069896221161e-01
5.662018708884716256e-01
5.635142387822270615e-01
5.722751867026090178e-01
5.654308632016181724e-01
5.649902967736124548e-01
5.620084708556533082e-01
5.680386466905474885e-01
5.645916324108839479e-01
5.656792752444743666e-01
5.623042499646544456e-01
5.711149532347917779e-01
5.628179525956511497e-01
5.691479627043009026e-01
5.600831711664795431e-01
5.644006932154297385e-01
5.620411204174160513e-01
5.744303088635206445e-01
5.707175090909004656e-01
5.615205444395542367e-01
5.598329847678542581e-01
5.674646688625216706e-01
5.624427037313580735e-01
5.659029092639684677e-01
5.660997206345200761e-01
5.718413600698113441e-01
5.628956103697418945e-01
5.666578218340874162e-01
5.711749900132417901e-01
5.640229459851979765e-01
5.648667845875025018e-01
5.652015855535864608e-01
5.640721509233117548e-01
5.676194597035646439e-01
5.625132670626044051e-01
5.724224803969264475e-01
5.623229814693331274e-01
5.629513306543231232e-01
5.692589197307824644e-01
5.824740808457136154e-01
5.655501961708069292e-01
5.608638981357216835e-01
5.646118817850946936e-01
5.670072635635733382e-01
5.627431906759738922e-01
5.683771170675754325e-01
5.623684454709291236e-01
5.690096434205770271e-01
5.628406574949622598e-01
5.619340104982256667e-01
5.649385744705796020e-01
5.659744938835501449e-01
5.623526800423860328e-01
5.653749935328959975e-01
5.677783520892262237e-01
5.712240874767303689e-01
5.652321867644787279e-01
5.629887513816356215e-01
5.621654605492949486e-01
5.630772978067397627e-01
5.698920516297221184e-01
5.627395788207649741e-01
5.658313490450381789e-01
5.668371139094233735e-01
5.659554827958345191e-01
5.647223377600312233e-01
5.655698485672473463e-01
5.649537954479455504e-01
5.663039190694689751e-01
5.624938352033496125e-01
5.647833531722425970e-01
5.651613410562277284e-01
5.639568874612450600e-01
5.642548497766256554e-01
5.654477247968315856e-01
5.652273405343294366e-01
5.634538490325212701e-01
5.659435868263245073e-01
5.768844038248062134e-01
5.631289582699536833e-01
5.660797262564301047e-01
5.678579548373818842e-01
5.731998696923256142e-01
5.602995960041881052e-01
5.619110614061355591e-01
5.667341871187090430e-01
5.656621921807527542e-01
5.643359685316682306e-01
5.632638745009899139e-01
5.689478674903512001e-01
5.636144317686557770e-01
5.656454851850867271e-01
5.663658333942294121e-01
5.642433907836675866e-01
5.669636530801653862e-01
5.686378622427582519e-01
5.626539725810288939e-01
5.647395897656679598e-01
5.612469129264354706e-01
