1.127540330886840820e+02
4.856111232042312764e+01
2.481947327554225780e+01
1.725980297923088003e+01
1.304587177038192713e+01
1.084804672896862066e+01
9.373391653597355599e+00
8.661800540983676910e+00
7.911103270947933197e+00
7.222163794934749248e+00
6.695017828047275188e+00
6.110208743810654042e+00
5.779606482386588695e+00
5.310682272911071422e+00
4.946448583900928675e+00
4.577630788087844849e+00
4.272111037373543141e+00
3.986023201048374265e+00
3.790344557911157430e+00
3.555061087012290955e+00
3.276776299625635325e+00
3.113243576884269892e+00
2.956949445605277838e+00
2.803232729434967041e+00
2.669169480353593915e+00
2.543297588080167593e+00
2.420259825885295868e+00
2.358122848719358622e+00
2.238485066592693418e+00
2.156984242796897711e+00
2.089918146654963671e+00
1.946400870755314871e+00
1.870059433579444930e+00
1.806848556920886084e+00
1.728122273460030556e+00
1.635275344550609633e+00
1.589633027836680368e+00
1.544232017919421107e+00
1.481085732951760381e+00
1.418903229758143425e+00
1.356350759789347604e+00
1.345707647502422333e+00
1.326635086908936501e+00
1.290810345858335539e+00
1.292162024974822909e+00
1.271284607052802995e+00
1.221405033767223314e+00
1.227937774360179812e+00
1.218586801365017847e+00
1.208771551027894020e+00
1.200557480379939035e+00
1.195383921265602112e+00
1.178907587006688074e+00
1.168862654641270593e+00
1.157632861286401749e+00
1.158136482536792800e+00
1.144232700020074933e+00
1.156480057165026665e+00
1.121190472692251250e+00
1.114952115342020988e+00
1.133021029829978987e+00
1.112089739181101322e+00
1.114153006300330206e+00
1.102813423052430242e+00
1.117876971513033002e+00
1.102301135659217834e+00
1.092535776272416159e+00
1.095888580009341196e+00
1.086937538534402892e+00
1.100796500220894814e+00
1.096117056347429841e+00
1.079768045991659209e+00
1.098324634507298558e+00
1.082797977700829417e+00
1.081594207137823060e+00
1.079816361516714007e+00
1.077427292615175336e+00
1.078280006349086717e+00
1.078185143694281534e+00
1.095513991266489073e+00
1.074611809104681015e+00
1.063462047651410058e+00
1.029150434210896581e+00
9.937832705676555856e-01
9.715249944478273614e-01
9.601902570575475693e-01
9.728570936247706857e-01
9.537256671115755813e-01
9.499942261725664583e-01
9.653102198615670648e-01
9.617271449416875395e-01
9.519318578764796035e-01
9.464654572308063285e-01
9.379253404214977774e-01
9.482973290607332739e-01
9.396408639848232713e-01
9.557514272630214247e-01
9.449024591594934464e-01
9.312207924202084985e-01
9.493618553504348245e-01
9.555936589837074058e-01
9.319833664223551306e-01
9.259676506742835489e-01
9.280709447339177132e-01
9.430334959179162979e-01
9.397550316527485403e-01
9.187207631766796112e-01
9.257250752300023589e-01
9.173284642398357169e-01
9.163652179762721284e-01
9.224144574254751205e-01
9.133026322349906412e-01
9.147390533238649590e-01
9.150001244619488938e-01
9.343873413279653040e-01
9.153386827558278593e-01
9.140278728678822295e-01
9.168936206027865632e-01
9.238784784451127274e-01
9.117045914754271507e-01
9.137523237615823302e-01
9.218792418017983659e-01
9.190807843580841574e-01
9.115423016250133736e-01
9.132581083104014397e-01
9.113656125962734667e-01
9.089268073439598083e-01
9.161139562726020591e-01
9.076266584917902502e-01
9.093594256788491981e-01
9.102149281650782076e-01
9.068213839083909544e-01
9.057153556495904922e-01
9.070022389292716758e-01
9.071059985086321609e-01
9.066076798364519629e-01
9.077023694291710409e-01
9.045594308525324312e-01
9.038997564464807954e-01
9.024703195318579674e-01
9.063053151592612711e-01
9.026380954310297966e-01
9.110844586044549720e-01
9.042795393615961075e-01
9.087123483419418113e-01
9.035891832783817801e-01
9.048521393910050614e-01
9.031917262822389825e-01
9.112124867737293465e-01
9.044792154803872331e-01
9.081144791096449342e-01
9.030158029869198577e-01
9.054164845496416314e-01
9.079424187541007552e-01
9.105881577357649581e-01
9.002277143299579620e-01
9.060745814815163168e-01
8.992985663935542107e-01
9.042685464024543540e-01
9.017559057101607323e-01
8.959242764860391173e-01
9.021901227533817291e-01
8.962369680404662642e-01
9.074743386358022912e-01
8.981252806261181831e-01
8.958338011056184991e-01
8.984985301271081193e-01
8.962361330166459528e-01
8.972506906837225404e-01
8.969193734228610992e-01
8.945860335603356139e-01
8.999796461313962492e-01
8.951086165383458360e-01
8.957145761698483977e-01
8.997819993644953218e-01
8.968010343611240165e-01
8.981838997453450713e-01
8.962668189778923988e-01
8.952835852280258688e-01
8.975206939503550529e-01
8.985278062522411568e-01
8.954315647482872231e-01
8.970863111317157745e-01
8.992008000612259355e-01
8.973314294591545615e-01
8.965756949037313461e-01
8.956989422440528870e-01
8.958196166902780977e-01
8.986949075013399568e-01
8.979182280600070953e-01
8.964878778904676881e-01
8.968888962641358154e-01
8.951809709891677125e-01
8.974554942920803802e-01
8.940789856016635451e-01
8.995643561705947144e-01
8.963045859709382057e-01
8.958632785826921019e-01
8.990157436579465644e-01
8.949724346399307029e-01
8.988321889191865921e-01
8.937300153076648268e-01
8.921699188649654388e-01
8.929029501974582450e-01
8.920069986954330954e-01
8.886850094422698021e-01
8.886995650827884674e-01
8.897316250950098038e-01
8.951809421181678994e-01
8.885087737813591735e-01
8.876093739643693414e-01
8.886535974219441636e-01
8.871869690716266410e-01
8.886697240173816459e-01
8.887585503980517387e-01
8.868800902739166769e-01
8.915455900132656097e-01
8.882189547643065675e-01
8.889706339687108994e-01
8.881216108798980491e-01
8.866519942879677041e-01
8.876531623303890450e-01
8.871401907876134141e-01
8.874907447025179863e-01
8.884965736418962701e-01
8.874606965109705925e-01
8.909295875579118507e-01
8.900059616193175538e-01
8.878896392881869826e-01
8.880253573879599571e-01
8.889196855947375520e-01
8.878231113776564598e-01
8.887530261650681274e-01
8.872674204409122245e-01
8.914104549214243445e-01
8.891799919307231681e-01
8.883570000529289468e-01
8.887344168499111685e-01
8.948125626891851869e-01
8.876503365114331023e-01
8.891194902360439745e-01
8.884520620107650979e-01
8.877776117995381799e-01
8.871923066675663216e-01
8.883630724623798880e-01
8.869710860773920569e-01
8.871369857341051546e-01
8.872757207602262053e-01
8.919577814638615099e-01
8.880955694243312104e-01
8.873037088662385496e-01
8.887627141550182852e-01
8.872168164700269255e-01
8.873241791501641496e-01
8.887636953964829223e-01
8.891869686543941720e-01
8.879948252812027709e-01
8.869311396032572015e-01
8.899754218757152113e-01
8.892612017691134962e-01
8.869210300967097504e-01
8.880302572622895685e-01
8.878736283630133119e-01
8.868688674643635528e-01
8.874362342059611830e-01
8.882627043873071448e-01
8.883870318531990051e-01
8.881985295563936678e-01
8.881788417696953042e-01
8.878270782530307548e-01
8.871582109481096490e-01
8.883130194619297537e-01
8.885896841064095941e-01
8.873459042981266531e-01
8.877349438145756277e-01
8.877882203087210655e-01
8.970345474779606310e-01
8.871810887008905189e-01
8.870646003633737564e-01
8.879065314307809098e-01
8.893552504479884657e-01
8.869017330929637177e-01
8.870321661233901978e-01
8.869817165657878366e-01
8.865445632487535255e-01
8.877894528210162894e-01
8.873846966773271117e-01
8.886834960430860519e-01
8.992541695013642755e-01
8.866366451606154664e-01
8.873200576752424684e-01
8.876159360632300821e-01
8.884687911719083564e-01
8.876948004588485208e-01
8.875642184168099913e-01
8.882367614656686561e-01
8.902349185198545900e-01
8.877251837402582169e-01
8.896788399666547553e-01
8.872301526367664115e-01
8.917009463533759339e-01
8.878215402364730835e-01
8.869967175647616164e-01
8.880580235272645950e-01
8.877812083810567856e-01
8.874821165576577409e-01
8.874209456145762953e-01
8.877858139574528185e-01
8.876861410215497461e-01
8.875704057514667289e-01
8.879471588879823685e-01
8.880160624161362870e-01
8.866476271301507728e-01
8.905496915802360025e-01
8.891000598669052124e-01
8.928697986528277841e-01
8.871727414429187997e-01
8.875296188518404517e-01
8.882362967357039230e-01
8.864997329190373865e-01
8.889785842970013841e-01
8.875317381694912688e-01
8.875358954071999040e-01
8.862098677083849463e-01
8.881425198167562929e-01
8.869728820398450342e-01
8.955808313563465850e-01
8.900244001299142393e-01
8.870532281696796861e-01
8.874251790344714896e-01
8.880198402330279350e-01
8.911898812279105409e-01
8.867625223472714868e-01
8.874657480046153069e-01
8.880353275686502235e-01
8.876952368766068968e-01
8.877325601875781791e-01
8.881509169936180337e-01
8.880400925874709639e-01
8.878913281485438791e-01
8.872196279466152413e-01
8.882163772359490395e-01
8.909648800268769042e-01
8.889266718178987503e-01
8.871067693457007630e-01
8.874801844358444214e-01
8.877739492803812249e-01
8.875473663210868835e-01
8.891700256615877596e-01
8.874153135344385879e-01
8.880169669166206869e-01
8.877374911680817604e-01
8.881276449188589828e-01
8.910162635147571564e-01
8.886583613231777701e-01
8.872222736477851646e-01
8.869462842121720314e-01
8.869407895952463594e-01
8.873324079439044443e-01
8.877885401248931663e-01
8.885417956858873145e-01
8.882026700302958488e-01
8.937489937990903410e-01
8.879594203084707482e-01
8.887377057224512544e-01
8.873365651816129684e-01
8.866818474605679956e-01
8.889542596414685693e-01
8.873152976855636087e-01
8.878063987940549850e-01
8.878941038623452409e-01
8.872987564653158632e-01
8.883139001205563323e-01
8.868658058345317841e-01
8.873647969216108544e-01
8.890026092529297319e-01
8.879951123148203118e-01
8.880718536674976349e-01
8.879449890926480737e-01
8.874102668836713059e-01
8.868212101981043372e-01
8.875084221363067627e-01
8.880471765995026079e-01
8.875398071482777373e-01
8.888348391279577987e-01
8.873019589111208472e-01
8.876397440209984335e-01
8.874175455421209335e-01
8.882281901314854622e-01
8.882331304252147897e-01
8.884087525308131950e-01
8.889982331544160621e-01
8.875268600881099923e-01
8.869486760348082033e-01
8.876263068988918814e-01
8.867992307990789635e-01
8.881940269842744096e-01
8.876123599708080070e-01
8.893881535157561746e-01
8.871942976489662902e-01
8.882143499329686609e-01
8.870193807408213171e-01
8.875155171379447427e-01
8.912670141085982101e-01
8.871841311454773393e-01
8.860175387933850732e-01
8.882339049130678621e-01
8.889462353661656824e-01
8.880557326599956003e-01
8.871029417961835417e-01
8.879443708807229774e-01
8.875244563445449097e-01
8.887001132592559083e-01
8.868037344887852447e-01
8.876221155747771041e-01
8.884994540363549964e-01
8.881332749500870927e-01
8.912968104705214500e-01
8.872536672279238701e-01
8.882352286949753983e-01
8.880661254748701827e-01
8.877693038433790429e-01
8.868425196036696656e-01
8.879251979291439278e-01
8.873990351334214433e-01
8.883636532351374404e-01
8.872425388544797897e-01
8.872331809252500534e-01
8.894033905118703398e-01
8.879318732768297640e-01
8.875559341162443383e-01
8.860426645725965056e-01
8.862806171178817527e-01
8.893182968720794168e-01
8.911996003240346687e-01
8.851817602291702780e-01
8.855019837617874590e-01
8.857666395604610887e-01
8.846967494115233199e-01
8.851363418623805490e-01
8.847967831417917761e-01
8.858175711706280930e-01
8.851866655051707777e-01
8.844998283311724663e-01
8.854716064408421072e-01
8.846744526177644508e-01
8.853002764284610970e-01
8.855634635314345582e-01
8.847439466044306755e-01
8.903260976076126099e-01
8.849037541076540947e-01
8.851278999820351157e-01
8.847410999238490836e-01
8.893285075202583823e-01
8.849091805517673714e-01
8.843187633901834488e-01
8.904403561726212946e-01
8.834084618836641756e-01
8.849287720397114310e-01
8.841572187840938124e-01
8.849160520359873328e-01
8.852097146213054879e-01
8.853088539093733056e-01
8.852501392364502397e-01
8.840712878853083101e-01
8.842453492805362192e-01
8.851995749399066415e-01
8.845399463549256103e-01
8.844384655356407610e-01
8.853896565735339674e-01
8.851905237883329614e-01
8.845896627753973007e-01
8.841373085975646751e-01
8.838771337643265280e-01
8.847984112799167633e-01
8.856289176270365493e-01
8.855403782799839973e-01
8.864069271832704100e-01
8.846660394221543822e-01
8.842373831197619660e-01
8.849445722997189012e-01
8.865105755627155082e-01
8.851196108385920303e-01
8.842147232964634451e-01
8.839550398290156874e-01
8.853386478498578294e-01
8.847002428025007026e-01
8.850856229662895647e-01
8.844421919435262458e-01
8.855333765968680382e-01
8.851709788665175216e-01
8.853623308241367340e-01
8.850158290937543137e-01
8.842218976467848268e-01
8.845920758321881294e-01
8.850691510364413483e-01
8.848648391664027946e-01
8.852136489003896713e-01
8.851265983656049219e-01
8.847177831456065622e-01
8.834827503189444098e-01
8.845901334658264892e-01
8.848300555720924887e-01
8.851159838959574699e-01
8.838565507903695107e-01
8.861460683867334875e-01
8.850200513377786127e-01
8.869051728397607803e-01
8.844807995483279228e-01
8.837679043412208779e-01
8.842035330832004325e-01
8.850503735244273917e-01
8.856182456016540305e-01
8.853388831019401994e-01
8.881425276398658974e-01
8.876304460689425913e-01
8.843274708837270959e-01
8.851678680628538576e-01
8.833028405904770342e-01
8.843900432810187784e-01
8.838463112711906211e-01
8.848710114136337790e-01
8.854339925572276560e-01
8.842374507337809053e-01
8.849963039159775002e-01
8.847329266369342582e-01
8.851738836616277473e-01
8.842554081231355223e-01
8.838238671422005144e-01
8.839589271694421324e-01
8.840147724375129190e-01
8.851065721362829652e-01
8.851746521890163644e-01
8.853240575641393439e-01
8.842182572931051032e-01
8.836656911298632622e-01
8.871487086638808472e-01
8.854618364945053832e-01
8.845109213143587112e-01
8.857290495187044588e-01
8.830029783770442231e-01
8.846295228227972762e-01
8.850532673299312814e-01
8.862904135137796846e-01
8.844125779345631821e-01
8.848511528223752531e-01
8.845918472856283410e-01
8.840857274830341561e-01
8.846075579524039778e-01
8.846943972632288489e-01
8.925941932946444002e-01
8.839112786576152070e-01
8.858862986788154092e-01
8.837966278195381609e-01
8.872052706778049691e-01
8.850623505190015061e-01
8.846021857112645881e-01
8.851604603230953661e-01
8.846596335992217286e-01
8.839708358049392922e-01
8.863107271492480788e-01
8.855978509411215338e-01
8.854473954066633956e-01
8.854017671197652595e-01
8.841545186936855538e-01
8.852232154458761215e-01
8.848171686753630860e-01
8.848846005275845528e-01
8.846859570592642275e-01
8.855013787746429665e-01
8.843949101865291595e-01
8.848622998222708258e-01
8.849723992869258371e-01
8.847062313929200394e-01
8.844593416899442229e-01
8.853064708411693129e-01
8.846589000895619392e-01
8.848238570615649667e-01
8.849436115473509057e-01
8.848494637757540193e-01
8.856040932238101737e-01
8.846030164510011451e-01
8.865541951730847581e-01
8.842966731637715849e-01
8.864187078550458398e-01
8.850599896162748559e-01
8.841522218659519927e-01
8.847226763144135919e-01
8.867847410961985366e-01
8.849615899845957312e-01
8.847508298233150992e-01
8.835486920550466028e-01
8.850136863067745718e-01
8.839653357863426208e-01
8.850706327706575616e-01
8.867383571341633797e-01
8.845493137836456521e-01
8.840977746993303743e-01
8.848892455920577271e-01
8.878986708819865958e-01
