3.956865687370300577e+01
1.839637147486210011e+01
1.145743363499641454e+01
1.029394972920417750e+01
9.472545984387398477e+00
8.634449744224548695e+00
7.740368828177452087e+00
6.801803782582283020e+00
5.860362294316291631e+00
5.295137898623943684e+00
4.897131770849227905e+00
4.571784405410289409e+00
4.414124149084091009e+00
4.234012497961520793e+00
4.100008088350295843e+00
4.016979497671127497e+00
3.905270206928252996e+00
3.858274593949317932e+00
3.787651212513446719e+00
3.737060874700546265e+00
3.695505620539188296e+00
3.677273511886596680e+00
3.623508763313293635e+00
3.603021433949470609e+00
3.584559333324432551e+00
3.534800639748573392e+00
3.532760681211948306e+00
3.517196080088615506e+00
3.498740725219249725e+00
3.493275941908359439e+00
3.460892133414745331e+00
3.458225111663341345e+00
3.454430586844682516e+00
3.447812495380639941e+00
3.437519767135381876e+00
3.427812246233224780e+00
3.418604848533868701e+00
3.412578995525836767e+00
3.403943531960249125e+00
3.402724383771419614e+00
3.391767186671495349e+00
3.392667220532894046e+00
3.382061974704265506e+00
3.391066239774227054e+00
3.388605932891368688e+00
3.377768169343471349e+00
3.382287552952766507e+00
3.376290162652730853e+00
3.378726260364055545e+00
3.369372412562370300e+00
3.368389128148555844e+00
3.367580331116914572e+00
3.370559529960155398e+00
3.367059015482664286e+00
3.365269254893064499e+00
3.361898649483919144e+00
3.362129887938499540e+00
3.359565161168575287e+00
3.358259510248899460e+00
3.359477912634611041e+00
3.360247020423412501e+00
3.361195633560419171e+00
3.358804617822170435e+00
3.356611988693475546e+00
3.362191943824291318e+00
3.359719698131084620e+00
3.356976285576820374e+00
3.360273957997560679e+00
3.355407246947288424e+00
3.356052431464195074e+00
3.357374482601881205e+00
3.354616342484951108e+00
3.357721973955631434e+00
3.355822249501943411e+00
3.353108765929937451e+00
3.350400216132402242e+00
3.350122390687465757e+00
3.349320204555988223e+00
3.347377599030733286e+00
3.348416043817997068e+00
3.349017962813377380e+00
3.348313523828983396e+00
3.348005972057580770e+00
3.347634367644786835e+00
3.345345825701952158e+00
3.345916539430618286e+00
3.346606469899415792e+00
3.347824446111917318e+00
3.347159624844789683e+00
3.348111029714345932e+00
3.347175040096044718e+00
3.347595574706792920e+00
3.345948766171932043e+00
3.344895488023758023e+00
3.345755979418754578e+00
3.347636314481496900e+00
3.347718824446201502e+00
3.344923594594001681e+00
3.345855016261339188e+00
3.346041078865527929e+00
3.348192208260297953e+00
3.345361203700304209e+00
3.345451441407203852e+00
3.346146940439939321e+00
3.346196361631155192e+00
3.346571773290634155e+00
3.346796283870935529e+00
3.344632782042026520e+00
3.346421722322702408e+00
3.346148327738046824e+00
3.344601088762283236e+00
3.345810294151306152e+00
3.345106756687164395e+00
3.344692350178957163e+00
3.347021875530481250e+00
3.346116597950458349e+00
3.345725865662097842e+00
3.345384687930345713e+00
3.344724010676145554e+00
3.344412667304277331e+00
3.344958849996328532e+00
3.345793601125478745e+00
3.344654740393161685e+00
3.345093239843845545e+00
3.345712359249591650e+00
3.343593035638332545e+00
3.346148618310690104e+00
3.344303483515977948e+00
3.346478150039911448e+00
3.343421030044555486e+00
3.344921526312828242e+00
3.343451561033725650e+00
3.339837761968374341e+00
3.343467187881469904e+00
3.341075544804334552e+00
3.340666798502206714e+00
3.340991863608360202e+00
3.339367045462131589e+00
3.339065913856029688e+00
3.341519118100404917e+00
3.340352103859186350e+00
3.340008819848299115e+00
3.341028834134340375e+00
3.340103258192539393e+00
3.340187878906726748e+00
3.339848477393388748e+00
3.339530090987682165e+00
3.338190073519945233e+00
3.338240711390972226e+00
3.339291253685951144e+00
3.340202136337757199e+00
3.337652766704559237e+00
3.339242319017648786e+00
3.338889721035957159e+00
3.339422433823346914e+00
3.340019222348928452e+00
3.338312385976314633e+00
3.337924671918153674e+00
3.338536693155765622e+00
3.339808772504329504e+00
3.339998313039541422e+00
3.340960306674241931e+00
3.337630143016576678e+00
3.338675811886787415e+00
3.338360346853733063e+00
3.338072648644447415e+00
3.338759782165289014e+00
3.338940276950597585e+00
3.338436432927847086e+00
3.339873238652944387e+00
3.340433187782764435e+00
3.338746441155671985e+00
3.339183273166418164e+00
3.338365390896797180e+00
3.339731543511152090e+00
3.338426675647497177e+00
3.339494443684816183e+00
3.338027290999889374e+00
3.337840250134468167e+00
3.340008157491683782e+00
3.339305198937654318e+00
3.340304770320654093e+00
3.338436271995306015e+00
3.340048339962959467e+00
3.339659778773784726e+00
3.338578949868678869e+00
3.339938845485448837e+00
3.339321272075176150e+00
3.339070151746272863e+00
3.338841518014669330e+00
3.338182798027992337e+00
3.339767145365476697e+00
3.338870505243539899e+00
3.338861605525016873e+00
3.338087332248687922e+00
3.339256296306848615e+00
3.337380151450633825e+00
3.338270208239555448e+00
3.338916831463575541e+00
3.337205073237419217e+00
3.334704962372780024e+00
3.334467963129282175e+00
3.336074662208557307e+00
3.334762679785490125e+00
3.335457365959882736e+00
3.333968853205442340e+00
3.334839787334203720e+00
3.334936647117137998e+00
3.332549583911895930e+00
3.334683278203010470e+00
3.333338028192520230e+00
3.333944386243820279e+00
3.333746848255395800e+00
3.333718300610780894e+00
3.335412098467350095e+00
3.332834596186876386e+00
3.334172437340021222e+00
3.334058447182178586e+00
3.336581026762723834e+00
3.335438866168260574e+00
3.334183257073163986e+00
3.333543089777231128e+00
3.333364365249872119e+00
3.334678209573030294e+00
3.332845304906368433e+00
3.334465930610895246e+00
3.333377610146999181e+00
3.332948501408099951e+00
3.333707509934902280e+00
3.333014065772295087e+00
3.333463581651449292e+00
3.333108203858137220e+00
3.333237522095441996e+00
3.333313916623592554e+00
3.333694252371787847e+00
3.334432089328765780e+00
3.333411729335785001e+00
3.333402508497238070e+00
3.333550608158111661e+00
3.335518309473991305e+00
3.335095331072807312e+00
3.332616554945707410e+00
3.333274061232805341e+00
3.334019233286380945e+00
3.333777279406786143e+00
3.331870007514953436e+00
3.333842027187347234e+00
3.333031778037548243e+00
3.335066062957048327e+00
3.332823501527309329e+00
3.332020611315965830e+00
3.335436885058880030e+00
3.332850553840398966e+00
3.333655396848917096e+00
3.332881268113851547e+00
3.333737903833389193e+00
3.334540348500013351e+00
3.333022747188806534e+00
3.333872921019792379e+00
3.333089521527290433e+00
3.333221859484910787e+00
3.333303164690732956e+00
3.335199040919542224e+00
3.332738315314054400e+00
3.334159231185913175e+00
3.333342813700437723e+00
3.332032820582389920e+00
3.334430605918169199e+00
3.333780100941658109e+00
3.333963447064161478e+00
3.333379729092121213e+00
3.333425797522068024e+00
3.334986414015292944e+00
3.333317846804857432e+00
3.335626571625470937e+00
3.334366831928491592e+00
3.333880554884672165e+00
3.334151338040828527e+00
3.335328936576843262e+00
3.335939083248376846e+00
3.333259342610836118e+00
3.333338467031717212e+00
3.331890703737735659e+00
3.333027505874633700e+00
3.332907295972108663e+00
3.333615222573280246e+00
3.333513107150793076e+00
3.334486116468906580e+00
3.334946929663419546e+00
3.335652143508196055e+00
3.335009991377591909e+00
3.333193819224834265e+00
3.334671052545309156e+00
3.332638763636350809e+00
3.332623571157455444e+00
3.333030914515256793e+00
3.334402821958065033e+00
3.333480230718850912e+00
3.333973219990730374e+00
3.332982008159160792e+00
3.372614072263240725e+00
3.372533667832612991e+00
3.371499639749527155e+00
3.373204784840345472e+00
3.371918804943561554e+00
3.371930041909217746e+00
3.373411633819341837e+00
3.372715070843696594e+00
3.372499650716781705e+00
3.372585121542215347e+00
3.372845735400915146e+00
3.371644371002912699e+00
3.371413113176822574e+00
3.371425990760326563e+00
3.371678936481475652e+00
3.374047835171222864e+00
3.372144849598407657e+00
3.370140610635280698e+00
3.373878315836191355e+00
3.371605043113231837e+00
3.372992452234029770e+00
3.372061021625995636e+00
3.372714461386203677e+00
3.371650381386280149e+00
3.373549318313598722e+00
3.371534847468137919e+00
3.371815069019794553e+00
3.371914902329444796e+00
3.372076109051704407e+00
3.370894627273082644e+00
3.371447364985942663e+00
3.371903198957443060e+00
3.371516678482294083e+00
3.371485680341720581e+00
3.372111970186233432e+00
3.372277577966451556e+00
3.371572525054216563e+00
3.371874070912599386e+00
3.371993329375982285e+00
3.371881920099258245e+00
3.370780722051859080e+00
3.372722879052162170e+00
3.372229436039924533e+00
3.372241176664829254e+00
3.371578349173069089e+00
3.372523277997970581e+00
3.371700570732355295e+00
3.372415600717067807e+00
3.372340896725654513e+00
3.370219362527131945e+00
3.372237060964107691e+00
3.372525043040513815e+00
3.372505903989076792e+00
3.371308642625808538e+00
3.371282325685024173e+00
3.372618497163057505e+00
3.373787416517734616e+00
3.373873385787010015e+00
3.371997652202844531e+00
3.373410257697105230e+00
3.370820388942957102e+00
3.374608136713504791e+00
3.370437467843294232e+00
3.372309461236000061e+00
3.371929802745580851e+00
3.373311338573694140e+00
3.374037738889455795e+00
3.372461809962987722e+00
3.372551180422306061e+00
3.372375020384788424e+00
3.373088288307189764e+00
3.371843133121728897e+00
3.372113480418920339e+00
3.372211141139268786e+00
3.371791475266218363e+00
3.372203629463911057e+00
3.370762827247381299e+00
3.371286572515964419e+00
3.371962896734475912e+00
3.370988125354051679e+00
3.372061970084905713e+00
3.372418397665023715e+00
3.373090302199125201e+00
3.372721132636070429e+00
3.371877047419547857e+00
3.371207007020712076e+00
3.371548803150653750e+00
3.372005113959312350e+00
3.371195730566978632e+00
3.372965275496244253e+00
3.370723100751638501e+00
3.371684964746236801e+00
3.373372042179107577e+00
3.372449045628309161e+00
3.371266983449459076e+00
3.372385401278734207e+00
3.375980635732412249e+00
3.370432405173778623e+00
3.372357536107301712e+00
3.372179024666547953e+00
3.374000774323940188e+00
3.371608243882656009e+00
3.371419605612754999e+00
3.373398409783840091e+00
3.371708357334136874e+00
3.370665647089481354e+00
3.370375640690326691e+00
3.373363701254129321e+00
3.372155975550413132e+00
3.373840179294347763e+00
3.371765645593404859e+00
3.370853363722562612e+00
3.370962715148925870e+00
3.371253695338964462e+00
3.371951676160096945e+00
3.373579587042331518e+00
3.374499069899320691e+00
3.371863335371017456e+00
3.372833908349275767e+00
3.371216580271720886e+00
3.371373827755451025e+00
3.372942921519279658e+00
3.371860729902982801e+00
3.372532664239406675e+00
3.372566302120685755e+00
3.370494725555181592e+00
3.370876971632242203e+00
3.371404472738504410e+00
3.373601537197828293e+00
3.370927994698285968e+00
3.371223937720060349e+00
3.370615003257989795e+00
3.372968344390392392e+00
3.375519929081201465e+00
3.371703844517469406e+00
3.372285699099302203e+00
3.372327298671007334e+00
3.373948715627193451e+00
3.372696316987275900e+00
3.372401282191276550e+00
3.371100959926843554e+00
3.371975153684616089e+00
3.371966578066349030e+00
3.372411707788705915e+00
3.371587935090064825e+00
3.372140210866928278e+00
3.371467968076467425e+00
3.371811839938163580e+00
3.372994631528854370e+00
3.371797204762697397e+00
3.371073358505964457e+00
3.372561343759298502e+00
3.373745911568403422e+00
3.370754807442426504e+00
3.371551543474197388e+00
3.371299695968628107e+00
3.372226757556199939e+00
3.371687186509370715e+00
3.370000338554382413e+00
3.371256835013627828e+00
3.372044775635004044e+00
3.370728887617588043e+00
3.372274670004844488e+00
3.371372726559639155e+00
3.371666305512190043e+00
3.372557254880666822e+00
3.371513061970472513e+00
3.372356771677732290e+00
3.370756249874830246e+00
3.372786701470613657e+00
3.372042315453291028e+00
3.370920632034540176e+00
3.372184171527623953e+00
3.372537410259246915e+00
3.371928380429744632e+00
3.372634394466877072e+00
3.370411292463541209e+00
3.372982564568519415e+00
3.369858352839946836e+00
3.370795910805463702e+00
3.371239665895700455e+00
3.372103448212146581e+00
3.370524022728204727e+00
3.371594033390283407e+00
3.372664723545312881e+00
3.372098261862993329e+00
3.371066106855869382e+00
3.371842520684003919e+00
3.371355861425399780e+00
3.372182331979274750e+00
3.371879948675632566e+00
3.372723968327045352e+00
3.370761479437351049e+00
3.371838201582431971e+00
3.371468177437782376e+00
3.369351555407047449e+00
3.369837924093007864e+00
3.371353280544281183e+00
3.370720568299293340e+00
3.369394934922456564e+00
3.370029944926500320e+00
3.368674204498529612e+00
3.368485571444034488e+00
3.367627854645252050e+00
3.368034242093563169e+00
3.366983044147491277e+00
3.366626891493797125e+00
3.364927657693624674e+00
3.367018184065818875e+00
3.367583883553743274e+00
3.366346107423305423e+00
3.366938471794128418e+00
3.366034422814846216e+00
3.367702841013669790e+00
3.366073108464479269e+00
3.366923657804727466e+00
3.366923017054796130e+00
3.366437026113271891e+00
3.367004815489053726e+00
3.366118581593036563e+00
3.365328416973352610e+00
3.365692815929651083e+00
3.365046738088131040e+00
3.366311771422624499e+00
3.366015204787254245e+00
3.365024342387914480e+00
3.367387879639863968e+00
3.364990106970071615e+00
3.366029175370931714e+00
3.367540986835956485e+00
3.367364016175270258e+00
3.367574850469827741e+00
3.367432348430156708e+00
3.367848168313503088e+00
3.367648033797741025e+00
3.365666026622057050e+00
3.366119048744439901e+00
3.365366455912590204e+00
3.365987776964902700e+00
3.367896232008933843e+00
3.367259597033262164e+00
3.365581124275922598e+00
3.364918479323387057e+00
3.366453224420547397e+00
3.366248961538076401e+00
3.366703142970800311e+00
3.365856007486581980e+00
3.366874726861715406e+00
3.367106442898511798e+00
3.365477067977189929e+00
3.365451101958751856e+00
3.367417697608471094e+00
3.367322994768619626e+00
3.366773770749568850e+00
3.366314867883920758e+00
3.365440873056650073e+00
3.366227248311042697e+00
3.365161610394716174e+00
3.367293719947338282e+00
3.366153296828270136e+00
3.366722832620143713e+00
3.367205673456191928e+00
3.365996038168668658e+00
3.365695606917142868e+00
3.365312360227108002e+00
3.366650628298521131e+00
3.367463123798370539e+00
3.367814016342163264e+00
3.365880433470010757e+00
3.366392982751130969e+00
3.367086434364318759e+00
3.367541474848985583e+00
3.367255520075559616e+00
3.366698802262544810e+00
3.367502704262733459e+00
3.365963965654373169e+00
3.365215285122394651e+00
3.366870208084583371e+00
3.365061376988887965e+00
3.366176066547632129e+00
3.366654154658317744e+00
3.365601189434528351e+00
3.368763063848018824e+00
3.366443350166082205e+00
3.365817407518625348e+00
3.366631332784891129e+00
3.367246875911951154e+00
3.366073429584503174e+00
3.367275013029575437e+00
3.365657924115657895e+00
3.366838644444942297e+00
3.367066424340009689e+00
3.367280416935682474e+00
3.365434248745441614e+00
3.367255285382270813e+00
3.365883360058069318e+00
3.366610269993543625e+00
3.366114416718482882e+00
3.365361004322767080e+00
3.367315480113029391e+00
