1.914051513886079123e-02
1.951902463333681295e-02
1.988080375595018337e-02
2.033163961605168740e-02
2.114497481379657914e-02
2.143349408870563050e-02
2.237019445165060530e-02
2.300462735001929104e-02
2.404374749166891118e-02
2.510702527943067114e-02
2.628147981595247915e-02
2.758771016960963676e-02
2.876183241605758528e-02
3.011222799541428755e-02
3.105921897804364562e-02
3.253183738561347266e-02
3.359452362637967149e-02
3.491173685761168877e-02
3.608504605945199450e-02
3.724518166854977330e-02
3.878149640513584018e-02
3.960010429145768146e-02
4.098880301462486109e-02
4.220375574659555873e-02
4.361761506879702210e-02
4.489179688971489668e-02
4.595673191361129145e-02
4.716490474529564519e-02
4.796457908814773241e-02
4.848749678349122127e-02
4.859479056904092431e-02
4.907459821552038332e-02
4.951363902073353807e-02
4.955489743733778457e-02
4.976883435156196495e-02
4.998504521790891886e-02
5.014427971327677092e-02
5.032743094488978386e-02
5.052227986743673682e-02
5.049906055210158506e-02
5.068168202415108958e-02
5.059344239998608828e-02
5.075487616704776883e-02
5.084196327952668348e-02
5.103077895473688563e-02
5.099370352691039165e-02
5.106850349111482362e-02
5.115985269658267220e-02
5.113912599626928290e-02
5.116738104261457643e-02
5.093309491639956554e-02
5.092554297298192839e-02
5.091540351277216991e-02
5.077748254407197376e-02
5.062570512527599792e-02
5.066370570566505055e-02
5.070988712832331935e-02
5.087566404836252332e-02
5.100118645932525535e-02
5.101874176179990034e-02
5.119781923713162541e-02
5.126439572777598958e-02
5.126765082823112746e-02
5.132096394663676620e-02
5.132539416663348814e-02
5.127641950966790180e-02
5.125799204688519239e-02
5.130033935420215407e-02
5.121437929337844391e-02
5.119618979515507678e-02
5.110978269949555119e-02
5.105520110810175816e-02
5.099679965060203990e-02
5.090902379015460610e-02
5.080456273863091787e-02
5.080358370905742327e-02
5.086861448362469534e-02
5.085146640194580098e-02
5.082316145999356966e-02
5.079954102402552824e-02
5.071983976522460857e-02
5.076958454446867108e-02
5.084295424167066535e-02
5.097533799707889418e-02
5.104250090662389855e-02
5.105398207670077543e-02
5.117932053981348595e-02
5.125216282904147824e-02
5.125862418208271265e-02
5.126296019880101362e-02
5.129921355983242670e-02
5.132751312339678407e-02
5.135745956795290112e-02
5.137656492879614373e-02
5.135455455165356675e-02
5.141068167285993418e-02
5.139655502280220112e-02
5.143238879973068695e-02
5.141121450578793606e-02
5.141310145845636587e-02
5.138754787622019926e-02
5.142492625163867792e-02
5.144247882999479493e-02
5.139884758973493895e-02
5.139749820809811492e-02
5.142418659524992247e-02
5.140112855006009202e-02
5.142233525402843675e-02
5.140340467914938927e-02
5.138121143681928515e-02
5.143351617734879394e-02
5.144317250233143568e-02
5.141989509575069228e-02
5.148776061832904816e-02
5.150528746889904141e-02
5.148603298002853851e-02
5.157520759385079284e-02
5.170275550335645676e-02
5.182973162736743966e-02
5.197961443336680809e-02
5.207020192174240808e-02
5.210698364535346766e-02
5.213292430853470882e-02
5.217272430891171237e-02
5.219891221495345096e-02
5.221079608891159018e-02
5.219836032483726740e-02
5.222578488755971055e-02
5.221838518045842509e-02
5.221897328738123178e-02
5.221392400562763214e-02
5.221568975830450515e-02
5.222243082243949175e-02
5.218711316119879762e-02
5.221585695398971161e-02
5.220596512081101398e-02
5.223487954353913526e-02
5.220536492997780720e-02
5.221585732651874701e-02
5.221579219214618484e-02
5.223222492495551567e-02
5.221137836342677752e-02
5.219042364042252025e-02
5.222050443990156054e-02
5.220440040575340113e-02
5.216832713922485432e-02
5.216237847926095267e-02
5.220368673326447606e-02
5.221587721025570950e-02
5.219265961786732216e-02
5.222899406217038770e-02
5.220966984052211046e-02
5.223992122337221822e-02
5.222455660114064951e-02
5.221977841574698687e-02
5.217805807478725910e-02
5.218607404967769842e-02
5.217161852633580427e-02
5.218196217902004719e-02
5.222335418220609704e-02
5.210864099208265682e-02
5.214896370889619132e-02
5.214236655738204579e-02
5.215523834340274334e-02
5.215349331265315552e-02
5.214971987297758321e-02
5.215889540268107971e-02
5.215089273406192660e-02
5.211948079522699118e-02
5.213489817688241740e-02
5.212490851990878721e-02
5.211892968509346247e-02
5.212257707025855918e-02
5.213032028404995799e-02
5.211831828346476236e-02
5.216769952094182233e-02
5.212969150161370774e-02
5.208999025635421137e-02
5.211991871474310617e-02
5.213551730848849097e-02
5.208109449595212798e-02
5.212766957702115456e-02
5.211881109280511876e-02
5.211335559142753204e-02
5.211899065179750185e-02
5.210658598225563487e-02
5.206329501233995100e-02
5.205338342348113378e-02
5.202770221512764692e-02
5.199425476603210250e-02
5.205096040153876086e-02
5.204739806940779367e-02
5.200950584840029201e-02
5.204601424047723690e-02
5.203319675056263666e-02
5.204385515535250167e-02
5.211540905293077230e-02
5.209723693551495532e-02
5.208220911445095996e-02
5.213943180860951265e-02
5.208258768543601314e-02
5.209095488535240431e-02
5.205462885787710825e-02
5.209602261893451353e-02
5.207446177955717126e-02
5.212088758125901083e-02
5.208419869886711517e-02
5.218034043209627409e-02
5.212933867005631328e-02
5.211477285483852306e-02
5.211619511246681075e-02
5.215220761019736390e-02
5.214230644050985714e-02
5.207440231461078067e-02
5.208925511687993726e-02
5.208211357239633799e-02
5.208920945879071812e-02
5.206316151889041344e-02
5.206324213650077859e-02
5.209484159713610729e-02
5.207676346180960258e-02
5.204206642229110280e-02
5.206887354142963886e-02
5.212033080169931054e-02
5.212240223772823811e-02
5.203656760277226845e-02
5.208694277098402381e-02
5.206231292104348402e-02
5.201931098708882650e-02
5.205977004952729026e-02
5.208698479691520333e-02
5.198641078313812752e-02
5.203315201215445718e-02
5.202447857009247223e-02
5.200711293146013936e-02
5.203823253978043933e-02
5.202046491904184500e-02
5.202711980091408173e-02
5.201075209770351926e-02
5.198639617301523824e-02
5.197699347045272450e-02
5.199284135596826673e-02
5.197046995162964145e-02
5.202150907134637375e-02
5.200368060031905493e-02
5.199192060390487452e-02
5.201223839540034671e-02
5.200633407803252617e-02
5.200195219367742538e-02
5.196918044239282747e-02
5.199658396886661788e-02
5.193679112708195905e-02
5.196202845545485477e-02
5.197810678509995341e-02
5.193363399012014547e-02
5.195193304680287977e-02
5.197577727958559851e-02
5.193434837274253646e-02
5.197633599163964391e-02
5.197351562092080574e-02
5.198261584155261517e-02
5.193443840835243464e-02
5.195463243871926984e-02
5.195979237323626598e-02
5.189592527458444099e-02
5.191223109140992442e-02
5.192418775986880342e-02
5.189930334454402605e-02
5.192966101458296180e-02
5.189996499102562943e-02
5.178763774456456026e-02
5.187290558824315945e-02
5.181653425097465515e-02
5.186147093772888045e-02
5.178376607364043593e-02
5.188024099916219850e-02
5.178567478433251242e-02
5.181525633670389791e-02
5.179750007810070972e-02
5.173959176754579226e-02
5.172097939066588879e-02
5.168829561443999410e-02
5.171093371463939686e-02
5.164062300464138111e-02
5.170860962243750691e-02
5.170319249154999713e-02
5.172736195381730934e-02
5.167983704013749680e-02
5.173295794520527124e-02
5.169413543771952252e-02
5.166656970977782926e-02
5.166799392318353196e-02
5.163699112599715729e-02
5.159091374371201077e-02
5.154867740347981314e-02
5.158092693891376534e-02
5.153583694482222199e-02
5.156910391524434367e-02
5.149238921003416319e-02
5.148559393128380318e-02
5.137077918043360392e-02
5.132659998489543657e-02
5.126615363406017423e-02
5.118576873792335391e-02
5.105587546713650365e-02
5.094669465906918188e-02
5.088816192001104077e-02
5.076636696467175941e-02
5.074341209838166555e-02
5.077741149580106139e-02
5.067219212651252747e-02
5.068845242494716963e-02
5.063784901285543760e-02
5.058678119676187496e-02
5.063873833278194347e-02
5.060830408474430164e-02
5.056136340135708451e-02
5.054426800925284485e-02
5.054875073255971074e-02
5.050157137447967848e-02
5.058699862565844974e-02
5.058450374053791165e-02
5.064530631061643640e-02
5.065577286295593062e-02
5.065591259626671394e-02
5.061837265966460248e-02
5.068841924658044895e-02
5.068400871241465072e-02
5.069033921463415165e-02
5.065539462957531491e-02
5.070378967793658098e-02
5.071402904577552995e-02
5.068604894913732867e-02
5.065684583969413957e-02
5.065795825794339180e-02
5.061249785358086506e-02
5.064834016375243525e-02
5.063929127063602348e-02
5.057889481540769200e-02
5.061373868957162042e-02
5.056803950574249168e-02
5.059889560798182945e-02
5.059680970152839741e-02
5.059727992629632631e-02
5.060880072414875031e-02
5.068413758417591314e-02
5.072255866834893961e-02
5.079117466229945282e-02
5.087034038733691255e-02
5.093850495759397884e-02
5.098086348734796186e-02
5.096961451927199682e-02
5.105031116399914165e-02
5.104350887704640904e-02
5.103923197602853318e-02
5.105887163663282852e-02
5.106127423932775578e-02
5.107060885056853572e-02
5.106681679608300606e-02
5.104131822008639574e-02
5.106523163849487762e-02
5.106805053073912998e-02
5.104160361224785447e-02
5.106472820043563704e-02
5.106146100442856411e-02
5.107682595262304226e-02
5.107273565372452001e-02
5.108123590471223135e-02
5.109692797996103625e-02
5.105358280707150698e-02
5.103676395956426720e-02
5.105064348317682466e-02
5.107534226262942095e-02
5.107542234472930293e-02
5.108797198627144237e-02
5.111084582749754468e-02
5.107717767823487243e-02
5.108991171000525078e-02
5.110070909140631418e-02
5.109592913649976115e-02
5.111031149281188707e-02
5.115809566341340819e-02
5.106842473614960770e-02
5.115179236745461683e-02
5.110743205295875669e-02
5.111173164332285385e-02
5.104936013231053948e-02
5.108083306113257727e-02
5.110355422366410355e-02
5.102736374828964472e-02
5.105656881351024190e-02
5.106197485001758019e-02
5.104262065142393251e-02
5.102511285804212093e-02
5.100766079267486652e-02
5.108937689801677784e-02
5.105616168584674319e-02
5.105382265755906840e-02
5.108239623950794339e-02
5.103012648178264360e-02
5.103719540638849278e-02
5.106782610528171062e-02
5.104492591926827749e-02
5.105179853271692852e-02
5.104113135021180053e-02
5.097557785920799056e-02
5.103226302890107036e-02
5.101950735552236715e-02
5.102779046865180135e-02
5.103101728018373529e-02
5.105218366952612996e-02
5.103489317698404332e-02
5.106485037831589441e-02
5.102710691280663152e-02
5.105550216976553063e-02
5.103053782368079105e-02
5.101644631940871477e-02
5.103199749719351808e-02
5.103643033653497418e-02
5.102925651008263092e-02
5.100765184033662081e-02
5.104221468791365901e-02
5.098641664953902641e-02
5.096231288043782254e-02
5.096225169254466753e-02
5.089760123519226909e-02
5.092172611039132157e-02
5.092203092062845549e-02
5.089266239665448527e-02
5.089585335226729651e-02
5.089051676914095601e-02
5.094264317303896089e-02
5.088431589538231631e-02
5.092581307981162986e-02
5.086861004820093790e-02
5.085249710828065872e-02
5.083814894314855198e-02
5.080486730439588705e-02
5.083224717527627667e-02
5.087896852055564384e-02
5.088551254011690339e-02
5.084668049821629981e-02
5.086149531416594982e-02
5.086385675240308324e-02
5.085293537704273920e-02
5.088120789732784172e-02
5.093872369034215669e-02
5.097112032817676525e-02
5.099053508602082591e-02
5.093791624531150003e-02
5.098716167267412086e-02
5.099962688982486586e-02
5.103379316860810061e-02
5.104359239339828491e-02
5.106358610792085390e-02
5.109985204180702428e-02
5.102674127556383610e-02
5.104690996231511096e-02
5.110695479670539221e-02
5.103948834585025907e-02
5.105182913830504099e-02
5.108281044522300363e-02
5.108429922256618738e-02
5.108585919952020327e-02
5.103973282966763059e-02
5.108249225886538764e-02
5.108738570706918697e-02
5.107526085339486599e-02
5.105211511254310885e-02
5.109952925704419613e-02
5.108980633085593442e-02
5.111300648422911763e-02
5.113774483324960013e-02
5.113102982286363979e-02
5.122566549107432365e-02
5.122532137902453819e-02
5.127366203814744811e-02
5.132063706405461112e-02
5.128056871471926847e-02
5.137243131175637384e-02
5.138572746654972156e-02
5.149560860591009120e-02
5.156498081050812921e-02
5.159959353040903529e-02
5.165516736451536417e-02
5.171175703871995488e-02
5.168465310707688609e-02
5.173194828676060120e-02
5.175381867447868128e-02
5.179848883999511877e-02
5.180917381076142331e-02
5.186442347476259013e-02
5.182190390769392252e-02
5.182236420223489126e-02
5.183327454142272472e-02
5.184856069972738901e-02
5.187438316643237790e-02
5.187875723931938132e-02
5.190222137607634206e-02
5.191926883999258002e-02
5.192487196763977131e-02
5.191712452797218880e-02
5.189042260171845833e-02
5.186526755569502434e-02
5.188997833756729683e-02
5.187994345324113687e-02
5.188042661175131659e-02
5.191545831039547781e-02
5.189158994471654296e-02
5.194778682198375463e-02
5.191800817847251615e-02
5.186932965880260149e-02
5.191008395049721141e-02
5.188922061352059523e-02
5.189157054992392382e-02
5.188256663968786320e-02
5.188354471465572715e-02
5.186820769449695945e-02
5.189200822496786714e-02
5.191407361999154230e-02
5.189169133082031926e-02
5.190178325865417441e-02
5.189600739395246187e-02
5.191098295617848496e-02
5.193203026428818564e-02
5.189854578347876529e-02
5.184982694918290058e-02
5.187476926948875189e-02
5.188977405196056047e-02
5.186464976286515871e-02
5.189385619014501294e-02
5.188006857642903785e-02
5.189453333150595427e-02
5.184893874684348702e-02
5.188709659269079288e-02
5.185195015510544320e-02
5.184777893591672321e-02
5.184133886359632015e-02
5.183607996441423615e-02
5.188126937719061971e-02
5.186124324100092192e-02
5.186868880409747223e-02
5.190895071718841514e-02
5.186423091217875342e-02
5.189201451139524579e-02
5.190860107541084290e-02
5.191646786406636099e-02
5.187295577488839488e-02
5.188533924520015439e-02
5.188709752401336750e-02
5.185418208129703721e-02
5.183472806820645790e-02
5.181995076127350608e-02
5.185087189311161915e-02
5.185903763631358881e-02
5.187719220994040092e-02
5.186232051346451044e-02
5.183238587342202386e-02
5.187870406080037633e-02
5.185833422001451254e-02
5.189698671456426105e-02
5.190858995774760842e-02
5.190001657465472679e-02
5.190221979282796244e-02
5.188023612136020979e-02
5.189836389617994566e-02
5.191848059184848985e-02
5.192527972394600511e-02
5.188852386781946102e-02
5.186212450498715182e-02
5.182994428323581954e-02
5.189593494869768758e-02
5.186979819554835697e-02
5.188392867567017536e-02
5.185332887340336760e-02
5.188372543780132851e-02
5.189264774089678844e-02
5.188725638436153531e-02
5.185885010287165364e-02
5.186507389880716523e-02
5.189739482011646032e-02
5.185416472377255698e-02
5.186213215347379446e-02
5.192901337286457558e-02
5.188546023564413051e-02
5.186390109593048969e-02
5.189816604834050079e-02
5.190844883909449120e-02
5.190304518910125037e-02
5.185709998477250338e-02
5.189637836301699142e-02
5.187630812870338420e-02
5.191154275089502473e-02
5.189411253668367585e-02
5.191187788732350150e-02
5.186702075880020996e-02
5.184517898596822938e-02
5.187543644569814205e-02
5.185620832489803295e-02
5.183047762839123468e-02
