1.735833671991713484e-02
1.808135237661190331e-02
1.875326456502079964e-02
1.917071592179126968e-02
1.949855186394415865e-02
2.036211148370057483e-02
2.093130750581622193e-02
2.176271922653540830e-02
2.264954706188291450e-02
2.349078948609530787e-02
2.456291692797094722e-02
2.535413134610280464e-02
2.612027266877703369e-02
2.681110732373781502e-02
2.749262861325405677e-02
2.799982692813500831e-02
2.866205100435763667e-02
2.905464216601103683e-02
2.966337538091465970e-02
3.016914441250264506e-02
3.043804007465951075e-02
3.090852107852697442e-02
3.133884697454050045e-02
3.179493483621627370e-02
3.200127755990252176e-02
3.238125320058315992e-02
3.262735119787976007e-02
3.290062431478872618e-02
3.325664554722607136e-02
3.340034295106306811e-02
3.362090531736612598e-02
3.388922318117693067e-02
3.416410960489883741e-02
3.434787896694615345e-02
3.455872609047219018e-02
3.479500820394605676e-02
3.496760525740683079e-02
3.519397940253839174e-02
3.537620714632794261e-02
3.545921174809336940e-02
3.561556075001135607e-02
3.577714374987408380e-02
3.588408465730026642e-02
3.595785386860370775e-02
3.605156199773773551e-02
3.618242420488968630e-02
3.617261437466368079e-02
3.631524633383378248e-02
3.642530267825350165e-02
3.647696614498272677e-02
3.650687374174595157e-02
3.658006248297170082e-02
3.664372592465951761e-02
3.672356117749586701e-02
3.677771650254726271e-02
3.685238894540816823e-02
3.690608690958470384e-02
3.695895347045734247e-02
3.699788702651858607e-02
3.702988564036786834e-02
3.708257311955094615e-02
3.709653158439323029e-02
3.709571376675739607e-02
3.711564274271950126e-02
3.713615322485566000e-02
3.715327704558148841e-02
3.716617707395926395e-02
3.719766989815979918e-02
3.721226585330441455e-02
3.720029778778553148e-02
3.724590938072651347e-02
3.729711701162159720e-02
3.734647816745564203e-02
3.742841008352115750e-02
3.748999437084421515e-02
3.754393206909299036e-02
3.763411056715994935e-02
3.769374908879399161e-02
3.773198990384116908e-02
3.778574154712259492e-02
3.780780879314989129e-02
3.781057475134730339e-02
3.783626424847170988e-02
3.784530374687165161e-02
3.785400816705077748e-02
3.784633141476660689e-02
3.786906189052387933e-02
3.788639537524431805e-02
3.787721644621342559e-02
3.791781939798966050e-02
3.791941766394302249e-02
3.792426963336766044e-02
3.791116529610007863e-02
3.791946008568629345e-02
3.791781896725297113e-02
3.791455191094428301e-02
3.792668320238590240e-02
3.793699988164007941e-02
3.792588824871927222e-02
3.794071753509342670e-02
3.794362496118992845e-02
3.794526201672852178e-02
3.792487835744395852e-02
3.793518751626834273e-02
3.795346905244514207e-02
3.794192974455654760e-02
3.792235850123688856e-02
3.792888298630714417e-02
3.792322071967646480e-02
3.791456692852079868e-02
3.790439044823869924e-02
3.791160511318594079e-02
3.790655052289367000e-02
3.791344590717926621e-02
3.790397866396233439e-02
3.791024686070158800e-02
3.788612685166299621e-02
3.788799664471298456e-02
3.788433517329394679e-02
3.786657553864643255e-02
3.790066654328257123e-02
3.789735735626890978e-02
3.791925425175577541e-02
3.789584380574524680e-02
3.791497024940326810e-02
3.794756187126040181e-02
3.793278613593429466e-02
3.794671606738120317e-02
3.797532541211694201e-02
3.801898191450163444e-02
3.810213538818061491e-02
3.817864627344533940e-02
3.825055976631119847e-02
3.829800912644713839e-02
3.834285174962133447e-02
3.838672707788646360e-02
3.839001253945752840e-02
3.838565160986036340e-02
3.840267179766669592e-02
3.840588026214390716e-02
3.841205296339467168e-02
3.843041640939191123e-02
3.843270274810493131e-02
3.840739476727321466e-02
3.843563931295648078e-02
3.840337342116981884e-02
3.841157539281993966e-02
3.842538730241358558e-02
3.843359521124511957e-02
3.839346184395253658e-02
3.838182359468191723e-02
3.839553315192460736e-02
3.838442203123122731e-02
3.841470391489565372e-02
3.836343652801588178e-02
3.839470691746101061e-02
3.840491664595901966e-02
3.841637314762920419e-02
3.837996299844235321e-02
3.839574472513049980e-02
3.840940868249163170e-02
3.841616238933056454e-02
3.837727182544767995e-02
3.841888210736214837e-02
3.837349878158420602e-02
3.839227302232757488e-02
3.838288075057789961e-02
3.836935026338324228e-02
3.837822715286165476e-02
3.837989520980045199e-02
3.836234877817332883e-02
3.837514299666509171e-02
3.835806627757847032e-02
3.836518179159611325e-02
3.832881383132189651e-02
3.831228441558778147e-02
3.832272352883592248e-02
3.830397261772304496e-02
3.832601789617910704e-02
3.830486633814871034e-02
3.828147526364773789e-02
3.829046037280932346e-02
3.830211624735966464e-02
3.828895011683926264e-02
3.830726300366223136e-02
3.832009141333401342e-02
3.825658420100808144e-02
3.827616354683414240e-02
3.830864253686740856e-02
3.827150965807959299e-02
3.825279154116287966e-02
3.827726857271045169e-02
3.825558109674602469e-02
3.819298136513680358e-02
3.820799301611259302e-02
3.819882698589936038e-02
3.816360314376652380e-02
3.823396045481786132e-02
3.821844116318971057e-02
3.818821363383904238e-02
3.824128637788817148e-02
3.824387699132784924e-02
3.828699309378862103e-02
3.828379753977060457e-02
3.828393876319750866e-02
3.831180536653846364e-02
3.832547971978783607e-02
3.833316058153286854e-02
3.832002882845699648e-02
3.833390843356028477e-02
3.834516323404386917e-02
3.834946223068982224e-02
3.833983105141669512e-02
3.837044658139347753e-02
3.835389671148732582e-02
3.834515000926330686e-02
3.835157378343865414e-02
3.835236923769116263e-02
3.833749780897051374e-02
3.836783312726765871e-02
3.835677703609689793e-02
3.837278435239568214e-02
3.835207507945596894e-02
3.836827724007889351e-02
3.836975067388266603e-02
3.836766694439575076e-02
3.837599746184423843e-02
3.836647961288690289e-02
3.835944713791832050e-02
3.835548410424962501e-02
3.833994776941836158e-02
3.835147460922598561e-02
3.834834416629746834e-02
3.834789948305115242e-02
3.835940078133717041e-02
3.834082008106633882e-02
3.835882955463602861e-02
3.836316317319869718e-02
3.835986516205593805e-02
3.835155824199319025e-02
3.838069350458681722e-02
3.838083177106454968e-02
3.834872762672603130e-02
3.837043913081288060e-02
3.836896630236878714e-02
3.837061019148677726e-02
3.836850657826289257e-02
3.835449750768020472e-02
3.837043632520362874e-02
3.836973625002428750e-02
3.835497774416581074e-02
3.834243712481111288e-02
3.835737376939505477e-02
3.834917187923565784e-02
3.837138548260554671e-02
3.834954629419371624e-02
3.835865523433312774e-02
3.836873272666707635e-02
3.836372894002124806e-02
3.836817962583154162e-02
3.835241463966667513e-02
3.836293488275259456e-02
3.835411074105650464e-02
3.837513223988935074e-02
3.835625709034502784e-02
3.836909033125266572e-02
3.835192237747832994e-02
3.837448759004473409e-02
3.835438516689464172e-02
3.836874999105930467e-02
3.835676304297521572e-02
3.834396301535889645e-02
3.832612572005018869e-02
3.835893629584461589e-02
3.833953847642988105e-02
3.834349152166396241e-02
3.833733780775219063e-02
3.834088935982436080e-02
3.833045486826449494e-02
3.833645238773897290e-02
3.834116701036691804e-02
3.833893996197730580e-02
3.833835039986297627e-02
3.833320863777771315e-02
3.832776006311178207e-02
3.832015508087351779e-02
3.832594800041988492e-02
3.834100771928206086e-02
3.833879863377660790e-02
3.836012630490585884e-02
3.833246269496157904e-02
3.836823032470419725e-02
3.835909725166856965e-02
3.835991499945521493e-02
3.834432351868599653e-02
3.835001211846247177e-02
3.834186635212973038e-02
3.834137830417603393e-02
3.832853822968899926e-02
3.833747133612632613e-02
3.832596013089641790e-02
3.833201562520116568e-02
3.834631526842713356e-02
3.831174488877877454e-02
3.832855906803160628e-02
3.835965348407625874e-02
3.832450492773205319e-02
3.830518714385107437e-02
3.832804406993091384e-02
3.834921671077608923e-02
3.835350582376122197e-02
3.832788452273235003e-02
3.832613726845011254e-02
3.833572959993034740e-02
3.833561778301373263e-02
3.831331257242709398e-02
3.832475035451352735e-02
3.831976135261357108e-02
3.831046890700236240e-02
3.832762329839169840e-02
3.830912141129374365e-02
3.830939243780449172e-02
3.831312400288879733e-02
3.829760553780943433e-02
3.829890043707564334e-02
3.829114224063232680e-02
3.830839272122830291e-02
3.829490023199468712e-02
3.829674642765894255e-02
3.831329727545380870e-02
3.829565457999706268e-02
3.831603771541267772e-02
3.829754919279367009e-02
3.828378228936344524e-02
3.828093007905408740e-02
3.830151007277891179e-02
3.828426097752526264e-02
3.825761799234896759e-02
3.826043352019041499e-02
3.827325567835941633e-02
3.828664695611223856e-02
3.825723999179899554e-02
3.826620293548330803e-02
3.829285710817202648e-02
3.829505714820698181e-02
3.827825331827625771e-02
3.826281665824353417e-02
3.829243869986385246e-02
3.824882482877001166e-02
3.824548835400491675e-02
3.826797149376943985e-02
3.823341613169759651e-02
3.828315865248441835e-02
3.829497859114781161e-02
3.825615681707859178e-02
3.826932865194976330e-02
3.827925910009070953e-02
3.825673102401196818e-02
3.829168328084051748e-02
3.830242214025929293e-02
3.828195629175752679e-02
3.831504737026989599e-02
3.828115046489984075e-02
3.827213671756908575e-02
3.828810015693306923e-02
3.826407715678215027e-02
3.829132892424240431e-02
3.830543758813291511e-02
3.827185018453747173e-02
3.831025313120335618e-02
3.828396982280537347e-02
3.829791488824411949e-02
3.827947698300704360e-02
3.828402002109214386e-02
3.828744200291112065e-02
3.830797701375558695e-02
3.825885121477767825e-02
3.827173745958134532e-02
3.828555704094469686e-02
3.824999897042289515e-02
3.826035236706957360e-02
3.825814847368746996e-02
3.829611457185819884e-02
3.826878990512341122e-02
3.828566359588876644e-02
3.828193151857704063e-02
3.826944829197600345e-02
3.828167798928916454e-02
3.828085960121825615e-02
3.829470742493867874e-02
3.826703993836418072e-02
3.829476576065644899e-02
3.826201723422854861e-02
3.826860924018547078e-02
3.826637520687654892e-02
3.827613650355488062e-02
3.827689490281045714e-02
3.827314047375694056e-02
3.826182830380275846e-02
3.825001884251832962e-02
3.828168190084398070e-02
3.827807224588468393e-02
3.825495761120691757e-02
3.826091898372396827e-02
3.827448801603168527e-02
3.826797064393758913e-02
3.826836351072415709e-02
3.824962498620152612e-02
3.823730810545385161e-02
3.825746411457657536e-02
3.827497165184468031e-02
3.827011462999507785e-02
3.824890758842229566e-02
3.822945674182846865e-02
3.823756847996264557e-02
3.823529831133783141e-02
3.822551862103864412e-02
3.825136285740882158e-02
3.825276833958923817e-02
3.826700490899383883e-02
3.824559125350788374e-02
3.824724991573021093e-02
3.828493142500519891e-02
3.822747154626995186e-02
3.826068056514486670e-02
3.824488486861810088e-02
3.824073174037039002e-02
3.823342084651813050e-02
3.821984265232458711e-02
3.824340853607281765e-02
3.824298644904047112e-02
3.825403422815724930e-02
3.823360997484996637e-02
3.825896254274994274e-02
3.822264929767697772e-02
3.821568082785233716e-02
3.824111596914007982e-02
3.821249941829592267e-02
3.822379531338811198e-02
3.819875385379419008e-02
3.824500202899798473e-02
3.826212690910324454e-02
3.821586018893867454e-02
3.821650517638772865e-02
3.822430492145940939e-02
3.823294048197567463e-02
3.824729972984641790e-02
3.821941285859793702e-02
3.825003660749644319e-02
3.821635746862739325e-02
3.820869657211005410e-02
3.821345554897561531e-02
3.822431360604241352e-02
3.819526815786957602e-02
3.820914111565798521e-02
3.821885064244270186e-02
3.820130723761394620e-02
3.822714008856564760e-02
3.822418514173477749e-02
3.820352009497583051e-02
3.821091114077716788e-02
3.820430950727313896e-02
3.822343046776950637e-02
3.821947079850360890e-02
3.821848813677206774e-02
3.823187268571928005e-02
3.824952339055016914e-02
3.822065768763423244e-02
3.821767660556361218e-02
3.821700803237036009e-02
3.822316904552280903e-02
3.821510252309963385e-02
3.818797153653576831e-02
3.823011546628549834e-02
3.824308017501607676e-02
3.824186497367918630e-02
3.823054591193795343e-02
3.817484437022358040e-02
3.820861680433153967e-02
3.821038610767572841e-02
3.824120677309110483e-02
3.820897908881306509e-02
3.823282344965264062e-02
3.820535797858611027e-02
3.820414826041087369e-02
3.822976639494300027e-02
3.820042801089584827e-02
3.820492291124537310e-02
3.820019783452153345e-02
3.821528931148350516e-02
3.818229093449190120e-02
3.820510598598048091e-02
3.816762883216142516e-02
3.816708581289276342e-02
3.815787644125521322e-02
3.819677199935540834e-02
3.816199899883940955e-02
3.818214073544368148e-02
3.815767563646658977e-02
3.824563469970598817e-02
3.824785338947549185e-02
3.824844552436843653e-02
3.829912344226613780e-02
3.833548068068921844e-02
3.834932417375967045e-02
3.836833070963621001e-02
3.838749625720083714e-02
3.839398693526163697e-02
3.839707985753193498e-02
3.840061475057154894e-02
3.841606727801263194e-02
3.843188309110701084e-02
3.841043848078697781e-02
3.842834794195369025e-02
3.844400640809908509e-02
3.843789576785638928e-02
3.845477399881928882e-02
3.845226921839639544e-02
3.845534069696441432e-02
3.845383381703868647e-02
3.846378806047141830e-02
3.844653506530448794e-02
3.845783335855230967e-02
3.845739430980756740e-02
3.845186585094780007e-02
3.843855758896097541e-02
3.841997919371351738e-02
3.845500096213072538e-02
3.844619886949658671e-02
3.845743138808756928e-02
3.845382794970646223e-02
3.843085366534069319e-02
3.843808050733059367e-02
3.845739457756280899e-02
3.845370119670406261e-02
3.843978809891268611e-02
3.845341841224581003e-02
3.844569382490590354e-02
3.844221147010103146e-02
3.845113139832392196e-02
3.844893922796473185e-02
3.845148260006681085e-02
3.845537099987268725e-02
3.846618595998733958e-02
3.845178320771083097e-02
3.845083483029156785e-02
3.844887559534981847e-02
3.845660609658807516e-02
3.844345347024500509e-02
3.846100706141442060e-02
3.845429905923083286e-02
3.845917916623875499e-02
3.844619387527927618e-02
3.845314582576975226e-02
3.844723035581409931e-02
3.845725107239559432e-02
3.844067668542265614e-02
3.843925547553226491e-02
3.843747923383489251e-02
3.842660109512507915e-02
3.845077843870967765e-02
3.844339278293773532e-02
3.844316015020012717e-02
3.843767757061868767e-02
3.844488107133656879e-02
3.845746334409341077e-02
3.846538288053125143e-02
3.845156463794410090e-02
3.846600318793207129e-02
3.845748913008719544e-02
3.844901149859651646e-02
3.844722243957221508e-02
3.843359564198180894e-02
3.846271826187148968e-02
3.844778453931212148e-02
3.845391010399908105e-02
3.845164522062986812e-02
3.846951322630047521e-02
3.845667496789247075e-02
3.845477630384266238e-02
3.846180249238386611e-02
3.847986111650243679e-02
3.845599415944889188e-02
3.846295046387240152e-02
3.847178501309826693e-02
3.845179965719580650e-02
3.846131518948823352e-02
3.845312466146424274e-02
3.847432796610519151e-02
3.848522984189912954e-02
3.846916288603097200e-02
3.847280499758198857e-02
3.847157527925446768e-02
3.846614016219973564e-02
3.844891547923907915e-02
3.845655972836539011e-02
3.844650523969903727e-02
3.846418628236279030e-02
3.847121576545760313e-02
3.845906793139874935e-02
