3.956865687370300577e+01
1.839637147486210011e+01
1.145743363499641454e+01
1.029394972920417750e+01
9.472545984387398477e+00
8.634449744224548695e+00
7.740368828177452087e+00
6.801803782582283020e+00
5.860362294316291631e+00
5.295137898623943684e+00
4.897131770849227905e+00
4.571784405410289409e+00
4.414124149084091009e+00
4.234012497961520793e+00
4.100008088350295843e+00
4.016979497671127497e+00
3.905270206928252996e+00
3.858274593949317932e+00
3.787651212513446719e+00
3.737060874700546265e+00
3.695505620539188296e+00
3.677273511886596680e+00
3.623508763313293635e+00
3.603021433949470609e+00
3.584559333324432551e+00
3.534800639748573392e+00
3.532760681211948306e+00
3.517196080088615506e+00
3.498740725219249725e+00
3.493275941908359439e+00
3.460892133414745331e+00
3.458225111663341345e+00
3.454430586844682516e+00
3.447812495380639941e+00
3.437519767135381876e+00
3.427812246233224780e+00
3.418604848533868701e+00
3.412578995525836767e+00
3.403943531960249125e+00
3.402724383771419614e+00
3.391767186671495349e+00
3.392667220532894046e+00
3.382061974704265506e+00
3.391066239774227054e+00
3.388605932891368688e+00
3.377768169343471349e+00
3.382287552952766507e+00
3.376290162652730853e+00
3.378726260364055545e+00
3.369372412562370300e+00
3.368389128148555844e+00
3.367580331116914572e+00
3.370559529960155398e+00
3.367059015482664286e+00
3.365269254893064499e+00
3.361898649483919144e+00
3.362129887938499540e+00
3.359565161168575287e+00
3.358259510248899460e+00
3.359477912634611041e+00
3.360247020423412501e+00
3.361195633560419171e+00
3.358804617822170435e+00
3.356611988693475546e+00
3.362191943824291318e+00
3.359719698131084620e+00
3.356976285576820374e+00
3.360273957997560679e+00
3.355407246947288424e+00
3.356052431464195074e+00
3.357374482601881205e+00
3.354616342484951108e+00
3.357721973955631434e+00
3.355822249501943411e+00
3.353108765929937451e+00
3.350400216132402242e+00
3.350122390687465757e+00
3.349320204555988223e+00
3.347377599030733286e+00
3.348416043817997068e+00
3.349017962813377380e+00
3.348313523828983396e+00
3.348005972057580770e+00
3.347634367644786835e+00
3.345345825701952158e+00
3.345916539430618286e+00
3.346606469899415792e+00
3.347824446111917318e+00
3.347159624844789683e+00
3.348111029714345932e+00
3.347175040096044718e+00
3.347595574706792920e+00
3.345948766171932043e+00
3.344895488023758023e+00
3.345755979418754578e+00
3.347636314481496900e+00
3.347718824446201502e+00
3.344923594594001681e+00
3.345855016261339188e+00
3.346041078865527929e+00
3.348192208260297953e+00
3.345361203700304209e+00
3.345451441407203852e+00
3.346146940439939321e+00
3.346196361631155192e+00
3.346571773290634155e+00
3.346796283870935529e+00
3.344632782042026520e+00
3.346421722322702408e+00
3.346148327738046824e+00
3.344601088762283236e+00
3.345810294151306152e+00
3.345106756687164395e+00
3.344692350178957163e+00
3.347021875530481250e+00
3.346116597950458349e+00
3.345725865662097842e+00
3.345384687930345713e+00
3.344724010676145554e+00
3.344412667304277331e+00
3.344958849996328532e+00
3.345793601125478745e+00
3.344654740393161685e+00
3.345093239843845545e+00
3.345712359249591650e+00
3.343593035638332545e+00
3.346148618310690104e+00
3.344303483515977948e+00
3.346478150039911448e+00
3.343421030044555486e+00
3.344921526312828242e+00
3.343451561033725650e+00
3.339837761968374341e+00
3.343467187881469904e+00
3.341075544804334552e+00
3.340666798502206714e+00
3.340991863608360202e+00
3.339367045462131589e+00
3.339065913856029688e+00
3.341519118100404917e+00
3.340352103859186350e+00
3.340008819848299115e+00
3.341028834134340375e+00
3.340103258192539393e+00
3.340187878906726748e+00
3.339848477393388748e+00
3.339530090987682165e+00
3.338190073519945233e+00
3.338240711390972226e+00
3.339291253685951144e+00
3.340202136337757199e+00
3.337652766704559237e+00
3.339242319017648786e+00
3.338889721035957159e+00
3.339422433823346914e+00
3.340019222348928452e+00
3.338312385976314633e+00
3.337924671918153674e+00
3.338536693155765622e+00
3.339808772504329504e+00
3.339998313039541422e+00
3.340960306674241931e+00
3.337630143016576678e+00
3.338675811886787415e+00
3.338360346853733063e+00
3.338072648644447415e+00
3.338759782165289014e+00
3.338940276950597585e+00
3.338436432927847086e+00
3.339873238652944387e+00
3.340433187782764435e+00
3.338746441155671985e+00
3.339183273166418164e+00
3.338365390896797180e+00
3.339731543511152090e+00
3.338426675647497177e+00
3.339494443684816183e+00
3.338027290999889374e+00
3.337840250134468167e+00
3.340008157491683782e+00
3.339305198937654318e+00
3.340304770320654093e+00
3.338436271995306015e+00
3.340048339962959467e+00
3.339659778773784726e+00
3.338578949868678869e+00
3.339938845485448837e+00
3.339321272075176150e+00
3.339070151746272863e+00
3.338841518014669330e+00
3.338182798027992337e+00
3.339767145365476697e+00
3.338870505243539899e+00
3.338861605525016873e+00
3.338087332248687922e+00
3.339256296306848615e+00
3.337380151450633825e+00
3.338270208239555448e+00
3.338916831463575541e+00
3.337205073237419217e+00
3.334704962372780024e+00
3.334467963129282175e+00
3.336074662208557307e+00
3.334762679785490125e+00
3.335457365959882736e+00
3.333968853205442340e+00
3.334839787334203720e+00
3.334936647117137998e+00
3.332549583911895930e+00
3.334683278203010470e+00
3.333338028192520230e+00
3.333944386243820279e+00
3.333746848255395800e+00
3.333718300610780894e+00
3.335412098467350095e+00
3.332834596186876386e+00
3.334172437340021222e+00
3.334058447182178586e+00
3.336581026762723834e+00
3.335438866168260574e+00
3.334183257073163986e+00
3.333543089777231128e+00
3.333364365249872119e+00
3.334678209573030294e+00
3.332845304906368433e+00
3.334465930610895246e+00
3.333377610146999181e+00
3.332948501408099951e+00
3.333707509934902280e+00
3.333014065772295087e+00
3.333463581651449292e+00
3.333108203858137220e+00
3.333237522095441996e+00
3.333313916623592554e+00
3.333694252371787847e+00
3.334432089328765780e+00
3.333411729335785001e+00
3.333402508497238070e+00
3.333550608158111661e+00
3.335518309473991305e+00
3.335095331072807312e+00
3.332616554945707410e+00
3.333274061232805341e+00
3.334019233286380945e+00
3.333777279406786143e+00
3.331870007514953436e+00
3.333842027187347234e+00
3.333031778037548243e+00
3.335066062957048327e+00
3.332823501527309329e+00
3.332020611315965830e+00
3.335436885058880030e+00
3.332850553840398966e+00
3.333655396848917096e+00
3.332881268113851547e+00
3.333737903833389193e+00
3.334540348500013351e+00
3.333022747188806534e+00
3.333872921019792379e+00
3.333089521527290433e+00
3.333221859484910787e+00
3.333303164690732956e+00
3.335199040919542224e+00
3.332738315314054400e+00
3.334159231185913175e+00
3.333342813700437723e+00
3.332032820582389920e+00
3.334430605918169199e+00
3.333780100941658109e+00
3.333963447064161478e+00
3.333379729092121213e+00
3.333425797522068024e+00
3.334986414015292944e+00
3.333317846804857432e+00
3.335626571625470937e+00
3.334366831928491592e+00
3.333880554884672165e+00
3.334151338040828527e+00
3.335328936576843262e+00
3.335939083248376846e+00
3.333259342610836118e+00
3.333338467031717212e+00
3.331890703737735659e+00
3.333027505874633700e+00
3.332907295972108663e+00
3.333615222573280246e+00
3.333513107150793076e+00
3.334486116468906580e+00
3.334946929663419546e+00
3.335652143508196055e+00
3.335009991377591909e+00
3.333193819224834265e+00
3.334671052545309156e+00
3.332638763636350809e+00
3.332623571157455444e+00
3.333030914515256793e+00
3.334402821958065033e+00
3.333480230718850912e+00
3.333973219990730374e+00
3.332982008159160792e+00
3.334288109093904495e+00
3.334201647341251462e+00
3.333153326809406458e+00
3.334893044084310532e+00
3.333590245991945089e+00
3.333570384979247958e+00
3.335087133944034665e+00
3.334409877657890320e+00
3.334171602129936129e+00
3.334235907346010386e+00
3.334492230415344149e+00
3.333316495269536883e+00
3.333086977154016584e+00
3.333090262115001590e+00
3.333343318104744046e+00
3.335734524577856241e+00
3.333820101618766962e+00
3.331820848584174932e+00
3.335567850619554520e+00
3.333277416229248225e+00
3.334683330357074649e+00
3.333751623332500635e+00
3.334401335567235947e+00
3.333352766931056976e+00
3.335250415652990519e+00
3.333243709057569504e+00
3.333506675809621900e+00
3.333620005846023471e+00
3.333779371529817404e+00
3.332581314444541754e+00
3.333151706308126627e+00
3.333587162196636200e+00
3.333219123631715686e+00
3.333201899379491628e+00
3.333831045031547369e+00
3.333976063132285894e+00
3.333288262039423078e+00
3.333616463094949633e+00
3.333732894062995999e+00
3.333608666062354953e+00
3.332494083046912969e+00
3.334465636312961667e+00
3.333963234722614466e+00
3.333948319405317218e+00
3.333283285051584333e+00
3.334245021641254247e+00
3.333437745273113428e+00
3.334123155474662870e+00
3.334092066437006174e+00
3.331973868608474554e+00
3.333969089388847173e+00
3.334291627258062274e+00
3.334222750365734012e+00
3.333013651520013720e+00
3.333026163280010223e+00
3.334349172562360852e+00
3.335508154332637698e+00
3.335616649687290103e+00
3.333705974370241076e+00
3.335107833892107188e+00
3.332538432627916158e+00
3.336293081194162458e+00
3.332156313210725695e+00
3.334037327021360575e+00
3.333641713112592608e+00
3.335047265142202289e+00
3.335746420174837024e+00
3.334156363457441152e+00
3.334279328584671021e+00
3.334064754843711675e+00
3.334804312139749705e+00
3.333545222878456116e+00
3.333834002166986554e+00
3.333927114307880579e+00
3.333504033833742053e+00
3.333895652741193594e+00
3.332503979653119952e+00
3.333014842122793198e+00
3.333677338808775037e+00
3.332738128304481684e+00
3.333801620453596293e+00
3.334160238504409790e+00
3.334794184565544217e+00
3.334452334046363653e+00
3.333591388911008924e+00
3.332925078272819697e+00
3.333279360830784022e+00
3.333723437041044235e+00
3.332914870232343674e+00
3.334670575708150952e+00
3.332456056773662745e+00
3.333390201628207983e+00
3.335110016912222086e+00
3.334180437773466288e+00
3.333000612258911310e+00
3.334109275043010800e+00
3.337703745812177658e+00
3.332159265130758108e+00
3.334095697104930700e+00
3.333929011225700290e+00
3.335719089955091476e+00
3.333330176770687103e+00
3.333164635300636114e+00
3.335137496888637365e+00
3.333433862775564194e+00
3.332397677749395548e+00
3.332107274234294980e+00
3.335114073008298874e+00
3.333918663859367193e+00
3.335582720488309949e+00
3.333490688353776932e+00
3.332583256065845490e+00
3.332713808864355087e+00
3.333024240285157980e+00
3.333714118599891751e+00
3.335344281792640864e+00
3.336273553222417920e+00
3.333611974865198224e+00
3.334581148624420344e+00
3.332949573546648114e+00
3.333128242194652646e+00
3.334695680439472287e+00
3.333575791865587057e+00
3.334305202215909869e+00
3.334305621683597565e+00
3.332249842584133148e+00
3.332636245340109049e+00
3.333171044290065943e+00
3.335381688177585513e+00
3.332684591412544250e+00
3.332980947196483523e+00
3.332360969483852298e+00
3.334734739363193423e+00
3.337260976433753967e+00
3.333481196314096451e+00
3.334070025384426206e+00
3.334086173027754008e+00
3.335736227035522639e+00
3.334472517669200720e+00
3.334202527254819692e+00
3.332855957746505560e+00
3.333713021874427973e+00
3.333750716596841634e+00
3.334195199608802618e+00
3.333363632112741559e+00
3.333907279372215093e+00
3.333220665156841456e+00
3.333592426776886164e+00
3.334744590520858587e+00
3.333580846339464276e+00
3.332864669710397632e+00
3.334347885102033615e+00
3.335521598160267054e+00
3.332559537887573420e+00
3.333342407643795191e+00
3.333080845326185315e+00
3.334025438874959946e+00
3.333460050821304144e+00
3.331776157021522522e+00
3.333053315430879682e+00
3.333833869546651840e+00
3.332524579018354416e+00
3.334051243960857391e+00
3.333153238147497088e+00
3.333447827398777097e+00
3.334325390309095472e+00
3.333263546228408813e+00
3.334136108309030622e+00
3.332538572698831469e+00
3.334569686651229770e+00
3.333819156140088946e+00
3.332705526053905576e+00
3.333996205776929678e+00
3.334307293593883337e+00
3.333685294538736521e+00
3.334392521530389786e+00
3.332180753350257874e+00
3.334807731956243693e+00
3.331649733334779651e+00
3.332585524767637253e+00
3.332998466491699396e+00
3.333894473314285456e+00
3.332291203737258733e+00
3.333388678729534149e+00
3.334460588544607251e+00
3.333868495374917806e+00
3.332865680754184545e+00
3.333637602627277374e+00
3.333155655115842997e+00
3.333967029303312124e+00
3.333697667717933744e+00
3.334518855810165494e+00
3.332593851536512553e+00
3.333671125024557202e+00
3.333310300111770541e+00
3.331154781579971136e+00
3.331675919890403570e+00
3.333171148598194300e+00
3.332562899589538663e+00
3.331149311363696963e+00
3.331782081723213107e+00
3.330425757914781570e+00
3.330186440050602048e+00
3.329292365908622653e+00
3.329684913158416748e+00
3.328614711016416372e+00
3.328239391744136633e+00
3.326533671468496323e+00
3.328621108084917068e+00
3.329183273017406464e+00
3.327930030971765429e+00
3.328506580740213217e+00
3.327623983472585589e+00
3.329274486005306066e+00
3.327629104256629944e+00
3.328485759347677320e+00
3.328468257933855146e+00
3.327984767407178968e+00
3.328549478948116480e+00
3.327664757519960492e+00
3.326864624768495649e+00
3.327246287465095431e+00
3.326588898897171021e+00
3.327854383736848831e+00
3.327563343197107226e+00
3.326585791260003866e+00
3.328967907279730021e+00
3.326535103470086963e+00
3.327582968026399524e+00
3.329083561897277832e+00
3.328910186141729177e+00
3.329143999516964048e+00
3.328994274884462534e+00
3.329390776157379328e+00
3.329194331169128329e+00
3.327226239442825140e+00
3.327665629982948126e+00
3.326920767873525531e+00
3.327545560151338400e+00
3.329445115476846517e+00
3.328810662776231943e+00
3.327129638195037931e+00
3.326463113725185217e+00
3.327987045794725596e+00
3.327797179669141681e+00
3.328252306580543607e+00
3.327407146990299047e+00
3.328418116271495641e+00
3.328662984073162079e+00
3.327016067504882990e+00
3.326996818184852600e+00
3.328958520293235690e+00
3.328876796364784063e+00
3.328320629149675192e+00
3.327867630124091924e+00
3.326983620971441180e+00
3.327786567807197393e+00
3.326722354441881357e+00
3.328856257349252612e+00
3.327726690471172422e+00
3.328272047638892950e+00
3.328762283921241849e+00
3.327552895247936071e+00
3.327257935702800928e+00
3.326867484301328837e+00
3.328193147480488001e+00
3.328997745364904226e+00
3.329362446069717318e+00
3.327414445579051971e+00
3.327935493737459005e+00
3.328637424111366094e+00
3.329094249755144119e+00
3.328821923583745956e+00
3.328236085176468073e+00
3.329054918885231196e+00
3.327510052919387729e+00
3.326763651520013632e+00
3.328400698304176508e+00
3.326604701578617096e+00
3.327721288800239652e+00
3.328192368894815623e+00
3.327121327817439855e+00
3.330307075381278903e+00
3.327980399876833140e+00
3.327345626056194217e+00
3.328179524838924319e+00
3.328785566985607236e+00
3.327620301395654678e+00
3.328800686448812662e+00
3.327172695845365347e+00
3.328369478881358923e+00
3.328593630343675613e+00
3.328808842599392026e+00
3.326968113332986920e+00
3.328806363791227518e+00
3.327426813542842865e+00
3.328163762390613734e+00
3.327650240063667386e+00
3.326889791339636027e+00
3.328856408596038818e+00
