8.020219588279724121e+01
4.187836603522301004e+01
2.458777468204498362e+01
1.699048582017421793e+01
1.237512338459491801e+01
1.032284611165523458e+01
8.582536838948726654e+00
7.639197775721550343e+00
6.729433231055736542e+00
6.164643366634845911e+00
5.498396317660808386e+00
5.059942293167114080e+00
4.608292041718959453e+00
4.165910382568836390e+00
3.801327107846736997e+00
3.389677871018648148e+00
3.080499782413244070e+00
2.818838813900947482e+00
2.554661856591701419e+00
2.286363092809915454e+00
2.079152008146047503e+00
1.958168596029281616e+00
1.794780823215842203e+00
1.695918781682848930e+00
1.588790509477257640e+00
1.507151983678340912e+00
1.419219614565372378e+00
1.350481951981783002e+00
1.323210392519831746e+00
1.268094245716929525e+00
1.211871365830302194e+00
1.157529079169034913e+00
1.106880674511194318e+00
1.072157105058431537e+00
1.051466503366828009e+00
1.008779435977339656e+00
9.978666484355926958e-01
9.893452197313308272e-01
9.555096156895160897e-01
9.206830009818076643e-01
9.224429737776518312e-01
9.019113359972834587e-01
8.935428554192185180e-01
8.663539525121450868e-01
8.574046589434146659e-01
8.581381553784013239e-01
8.449405672028660330e-01
8.433203140273690668e-01
8.263975244015455690e-01
8.132610766217112097e-01
8.061852881684898886e-01
8.071912936866283417e-01
7.868869785219431146e-01
7.849404834210872428e-01
7.839342733845114930e-01
7.865332029759883881e-01
7.677969323471188767e-01
7.800036447122693506e-01
7.706993900239467177e-01
7.640137406066059844e-01
7.533846946433186975e-01
7.511343646794557127e-01
7.349831284955143929e-01
7.211226604878901991e-01
7.070217067375779152e-01
6.976602781563997491e-01
6.964987790212034957e-01
6.868217241019010100e-01
6.916966527700424416e-01
6.881365720182657242e-01
6.806681208312511666e-01
6.805623024702072144e-01
6.783385712653398070e-01
6.668978264555335267e-01
6.793500125408172829e-01
6.657749745994806512e-01
6.640929015353321807e-01
6.654089733958243880e-01
6.508175162598490715e-01
6.413545984774827735e-01
6.330413753166794777e-01
6.247561544179915938e-01
6.220389394089579360e-01
6.146368918940424697e-01
6.150562243536115137e-01
6.120454600080847962e-01
6.104848947376012580e-01
6.075566694140434043e-01
6.060270987451076286e-01
6.089616315439343452e-01
6.026761606335639954e-01
6.045531664043665154e-01
6.106018152087926421e-01
6.000843098387121932e-01
6.005364056676626427e-01
5.992273965850472006e-01
5.906062861904501915e-01
5.805235967040062173e-01
5.769880251958966477e-01
5.682593859732151254e-01
5.671072194352746454e-01
5.690330063924193826e-01
5.624495750293135865e-01
5.605927318334579246e-01
5.621951978653669801e-01
5.599820313975214514e-01
5.537164015695452690e-01
5.536466624587774721e-01
5.476025752723217010e-01
5.380531340837478860e-01
5.299616808071732077e-01
5.330266142264008522e-01
5.320478862151503119e-01
5.254185577854514344e-01
5.248228175565600173e-01
5.271187018603086250e-01
5.238328160718083160e-01
5.247376348823309389e-01
5.241096392273902893e-01
5.287353662773967011e-01
5.275554621592164484e-01
5.242691228166223016e-01
5.189153647050261942e-01
5.268550284206867662e-01
5.208174953237175719e-01
5.192979760468006134e-01
5.183810178190469964e-01
5.181661810725927131e-01
5.146244406700134499e-01
5.157410420477390733e-01
5.160494372248649597e-01
5.053048530593514664e-01
4.882715998217463382e-01
4.833308059722185024e-01
4.825781442224979512e-01
4.733571376651525275e-01
4.755712501704693063e-01
4.713034246116876713e-01
4.705630466341972351e-01
4.689993042498826759e-01
4.722716916352510674e-01
4.706339621916413307e-01
4.748697407543659432e-01
4.686455525457858817e-01
4.703329961746930965e-01
4.684846034273505433e-01
4.695496285334229691e-01
4.681929590180516354e-01
4.683375164866447338e-01
4.673767130821943061e-01
4.666378868743777386e-01
4.694522880017757416e-01
4.653244344517588615e-01
4.653349893167614826e-01
4.680447969585657120e-01
4.635169107466936000e-01
4.625671721994876751e-01
4.627576289698481782e-01
4.644033253192901833e-01
4.623500796034932248e-01
4.601476849988103135e-01
4.604754153639077918e-01
4.614163367077708244e-01
4.609778115525841602e-01
4.670940767973661423e-01
4.603340761736035569e-01
4.634182825684547424e-01
4.598941126838326232e-01
4.596573567017913087e-01
4.589740296825766674e-01
4.619280539453029522e-01
4.602561762556433567e-01
4.581330562010407226e-01
4.601360868662595638e-01
4.596727931872010009e-01
4.573728166520595328e-01
4.584323657676577790e-01
4.578461473807692306e-01
4.566144438460469357e-01
4.555565431714058144e-01
4.560752935707569344e-01
4.573166742920875549e-01
4.583594541996717231e-01
4.601059544831514470e-01
4.556295778602361679e-01
4.553883027285337559e-01
4.554366329684853554e-01
4.575444966554641502e-01
4.545707138255238311e-01
4.550744835287332535e-01
4.557648645713925362e-01
4.573717623949050681e-01
4.545057367533445469e-01
4.548622766509652360e-01
4.555061198770999908e-01
4.541342601180076710e-01
4.577336305752396362e-01
4.549324447289109230e-01
4.541750460863113181e-01
4.528543461114168389e-01
4.545667145401239284e-01
4.517201997339725383e-01
4.516676418483257516e-01
4.526328701525926812e-01
4.514226470142602698e-01
4.522666824981570466e-01
4.521295381709933281e-01
4.515539936721325032e-01
4.515650790184736474e-01
4.528283800929784886e-01
4.508153695613145717e-01
4.534695297479629517e-01
4.547933962196111790e-01
4.515926921740174294e-01
4.513937501236796601e-01
4.513671353459358104e-01
4.507691469043493271e-01
4.526892505586147530e-01
4.513045942410826572e-01
4.515167379751801602e-01
4.515138963237405045e-01
4.518529372289776802e-01
4.519873080775141938e-01
4.517918057739734872e-01
4.519376195967197418e-01
4.519960924983024708e-01
4.522633852437138446e-01
4.522780446335673554e-01
4.538612730801105388e-01
4.535483462736010773e-01
4.531151538714766613e-01
4.507331773638725281e-01
4.508969424292444961e-01
4.534360645338892937e-01
4.513996168971061707e-01
4.517945364117622598e-01
4.518241640180349350e-01
4.529430957511067501e-01
4.532645964995026810e-01
4.509758003056049125e-01
4.523043291643261687e-01
4.517532240599393956e-01
4.527238488197326549e-01
4.508674990385770909e-01
4.523949742317199818e-01
4.517701288685202488e-01
4.507801232859492413e-01
4.508022528141736873e-01
4.530239634215831868e-01
4.520426370203495248e-01
4.512367257848381996e-01
4.529926912859082444e-01
4.536936294287443050e-01
4.517571685835718998e-01
4.519064933061599509e-01
4.513624716550111993e-01
4.540164019912481530e-01
4.518748389557004086e-01
4.510149775072932465e-01
4.523291761055588944e-01
4.522098852321505547e-01
4.513933114707470162e-01
4.510534342378377803e-01
4.520415319129824638e-01
4.554353389889002068e-01
4.507051568478345760e-01
4.513111075386405102e-01
4.511556640267372353e-01
4.535243619233370049e-01
4.520423559471964947e-01
4.512107996270060539e-01
4.513182654976845010e-01
4.515587612986564636e-01
4.519102632999419944e-01
4.515233920887112840e-01
4.516259837895632012e-01
4.518317524343729019e-01
4.517014486715197341e-01
4.518630111590027920e-01
4.504791738465428463e-01
4.526713289320468681e-01
4.525725750252604374e-01
4.517118638381362183e-01
4.522141732275485881e-01
4.503815731033682934e-01
4.510486140847206338e-01
4.505599517375230567e-01
4.494001867249607929e-01
4.501521356403827556e-01
4.487531667575240246e-01
4.490035977214574814e-01
4.486332971602678410e-01
4.481309786438941734e-01
4.483797946944833024e-01
4.499210590496659501e-01
4.485522340983152390e-01
4.497356357052922360e-01
4.479916583746671455e-01
4.478770388290286286e-01
4.499515229836106300e-01
4.497729403898119704e-01
4.481345774605870469e-01
4.481684559956192748e-01
4.484588650986552349e-01
4.493601435795426258e-01
4.477335140109062195e-01
4.488341825082898251e-01
4.489420475438237190e-01
4.498105756938457489e-01
4.489056583493947761e-01
4.483750028535723464e-01
4.490343503654002921e-01
4.495021263137459755e-01
4.494172036647796631e-01
4.488921135663986317e-01
4.483561219647526630e-01
4.488474687561392895e-01
4.500576460734009854e-01
4.486751887947321160e-01
4.484237490221857914e-01
4.502781959250569122e-01
4.490340992808342091e-01
4.484143389388918766e-01
4.499636508524417766e-01
4.488005323335528263e-01
4.490979189053178056e-01
4.483900098130106926e-01
4.497300866991281731e-01
4.477277131751179473e-01
4.499615814536809810e-01
4.481721695512533299e-01
4.496461730450391769e-01
4.490146994590759055e-01
4.490684434771538003e-01
4.484948232769966348e-01
4.482029864564537891e-01
4.487446643412112968e-01
4.466315556317567714e-01
4.473872611299157254e-01
4.455607900395989196e-01
4.450767543166875839e-01
4.464795241132378800e-01
4.450255675241351350e-01
4.462903209030628093e-01
4.453352555632591470e-01
4.459984263405203930e-01
4.465286437422036903e-01
4.459554476663470379e-01
4.453438566997647285e-01
4.441654762253165467e-01
4.446810437366366386e-01
4.508683791384101025e-01
4.457777976989746316e-01
4.477566620334982872e-01
4.453818602487444878e-01
4.439411586150526778e-01
4.452979473397135624e-01
4.449294418096542136e-01
4.453673509880900494e-01
4.446171537041664346e-01
4.460040064528584258e-01
4.459884325042366982e-01
4.461034007370471843e-01
4.459929749369621055e-01
4.461660370230674522e-01
4.452518220990896447e-01
4.452618351206183434e-01
4.447121823206544033e-01
4.453157473355531804e-01
4.469934668391942756e-01
4.445439891889691464e-01
4.452318387106061204e-01
4.455819291993975417e-01
4.445157753303646819e-01
4.458946827799081802e-01
4.443786509335040935e-01
4.429418480023741833e-01
4.426120664924383385e-01
4.436328671872615814e-01
4.457944497466087563e-01
4.424041772261261829e-01
4.419054558500647434e-01
4.444236420094966888e-01
4.421246951445937379e-01
4.417942704632878415e-01
4.428380602970719560e-01
4.424151027575135009e-01
4.418388947844505421e-01
4.421894984319806321e-01
4.414963189512491337e-01
4.414898550137877353e-01
4.431316073983907478e-01
4.422590935602784268e-01
4.416266370564699284e-01
4.424899872392416000e-01
4.418606610968708881e-01
4.419232377782463805e-01
4.418494455516338570e-01
4.417712492868304253e-01
4.412724664434790611e-01
4.418325845152139553e-01
4.425656016916036384e-01
4.416581124067306408e-01
4.433794558048248513e-01
4.414630062878132088e-01
4.411693802103400230e-01
4.412800265476107819e-01
4.417271347716450469e-01
4.411300083622336499e-01
4.418307106941938289e-01
4.426153734326362388e-01
4.407735869288444408e-01
4.422034969553351180e-01
4.428471613675356022e-01
4.419111477211117855e-01
4.422519845888018830e-01
4.409892056137323380e-01
4.410155087709426991e-01
4.415793184190988652e-01
4.409585028886794933e-01
4.415408745408058167e-01
4.402009921148419269e-01
4.412352388724684604e-01
4.407190492376685254e-01
4.393628105521202309e-01
4.385464696213602909e-01
4.374927328899502754e-01
4.357173923403024896e-01
4.359349632635712846e-01
4.362246628850698360e-01
4.356976484879851452e-01
4.351072512567043526e-01
4.353083301335572974e-01
4.348163619637489541e-01
4.359495958313345798e-01
4.356486052274703979e-01
4.353230167180299759e-01
4.353631183505058400e-01
4.346796039491891972e-01
4.348724177107214928e-01
4.352170260623097198e-01
4.359537972137331741e-01
4.345396859571337700e-01
4.353555917739868053e-01
4.345368267968297005e-01
4.347442127764225006e-01
4.353588346391916164e-01
4.346833715215325245e-01
4.352194139733910339e-01
4.348030483350157627e-01
4.369095208123326413e-01
4.350590491667389870e-01
4.351013224571943505e-01
4.363274129107594379e-01
4.343224462121725304e-01
4.350338129326701275e-01
4.344745440408587234e-01
4.350920770317315833e-01
4.362273043021559493e-01
4.352295367047190888e-01
4.345298936590552552e-01
4.361545566469430812e-01
4.363916179165244214e-01
4.348659202456474082e-01
4.351705888286233059e-01
4.341329727321863174e-01
4.355844609439373238e-01
4.346991136670112499e-01
4.352899860590696557e-01
4.347174428403377533e-01
4.353535635396837966e-01
4.344852233305573352e-01
4.348565015941858181e-01
4.341910328716039880e-01
4.371985500678420289e-01
4.345853697508573754e-01
4.346489395946264156e-01
4.358508296310901753e-01
4.349901854991912731e-01
4.352563193067908176e-01
4.351509293541312440e-01
4.347278879955410735e-01
4.350638786330819352e-01
4.347522953525185807e-01
4.347801976837217808e-01
4.349721390753984451e-01
4.365712190046906471e-01
4.347265364602208026e-01
4.351459968835115211e-01
4.350537264719605557e-01
4.349527139216661231e-01
4.346954030916094780e-01
4.355564741417765617e-01
4.352107612416148408e-01
4.346974905580281989e-01
4.349912865087389724e-01
4.380996096879243851e-01
4.344228174537420051e-01
4.344569144770503155e-01
4.350405007600784413e-01
4.348806161433458328e-01
4.355934385210275539e-01
4.349734326824545860e-01
4.342030934989452584e-01
4.351593611761927494e-01
4.345504444092512242e-01
4.351342216134071461e-01
4.347609531134367100e-01
4.346012191846966854e-01
4.351533362641930580e-01
4.356729431077838166e-01
4.355692563578486554e-01
4.339652540162205474e-01
4.345853483304381593e-01
4.353670058771967888e-01
4.355156190693378337e-01
4.348409330472350343e-01
4.344885163009166718e-01
4.345512799918651581e-01
4.353546155616641045e-01
4.343051601201295964e-01
4.367856139317154995e-01
4.346363067626953236e-01
4.349960081279277690e-01
4.346800440922379272e-01
4.347487311810255273e-01
4.347353085875511058e-01
4.362497145310044178e-01
4.348734268918633683e-01
4.359765604138374218e-01
4.361209306865930779e-01
4.341468604281544796e-01
4.349183745682239643e-01
4.355164915323257446e-01
4.356648359447717889e-01
4.351871199905872345e-01
4.351377073675394280e-01
4.363393211737275346e-01
4.344602523371577374e-01
4.344940293580293877e-01
4.347077040001749992e-01
4.345349891111254803e-01
4.348965724930167198e-01
4.347928388044238202e-01
4.359979754313826339e-01
4.349589074030518754e-01
4.351111527532339207e-01
4.347798855975270049e-01
4.349597891792654769e-01
4.351743008941412194e-01
4.346802530810237042e-01
4.352588888257741817e-01
4.351171642541885598e-01
4.357045909389853366e-01
4.348918206989765278e-01
4.346544828265905269e-01
4.357242610305547825e-01
4.350695097818970680e-01
4.351332072168588860e-01
4.351931704208255036e-01
4.349068155512213485e-01
4.356737194582819828e-01
4.357902983203530423e-01
4.350134721025824547e-01
4.354190077632665856e-01
4.350608717650175095e-01
4.345586942508816719e-01
4.352960972115397231e-01
4.349196372553706391e-01
4.350040104240179284e-01
4.352372830733656772e-01
4.346567744389176480e-01
4.369749881327152363e-01
4.350644104182720406e-01
4.346277186647057311e-01
4.353344734758138879e-01
4.352951407432555930e-01
4.346079351380467415e-01
4.345696397125721200e-01
4.355948422104120032e-01
4.351589804515242355e-01
4.348488766700029373e-01
4.344384189695119636e-01
4.345248797908425331e-01
4.350977662950754055e-01
4.348240936174988525e-01
4.350218906998634116e-01
4.348670819774270169e-01
4.344763092696666829e-01
4.355572817847132572e-01
4.359376797452568786e-01
4.352457158267498127e-01
4.344790745526552200e-01
4.347732916474342235e-01
4.343715120106935723e-01
4.345351025462150796e-01
4.353193596005439647e-01
4.348563464358449204e-01
4.363090276718139537e-01
4.350798428058624268e-01
