6.723847720623015789e+01
3.553843747377395346e+01
2.098702761530876160e+01
1.493643635809421610e+01
1.153945659399032664e+01
9.397323212027549388e+00
7.821500226855278015e+00
6.789771500229835333e+00
5.965169356763363240e+00
5.477981024980545399e+00
4.892525744438171564e+00
4.410969397425651195e+00
3.975930956751108081e+00
3.643515548110008329e+00
3.371927307546138675e+00
3.023362357914447962e+00
2.783674705028533758e+00
2.596297127008438288e+00
2.389824535697698593e+00
2.222302705794573008e+00
2.045529916137456716e+00
1.907689263671636493e+00
1.744930328056216284e+00
1.636344651505351022e+00
1.526252812147140592e+00
1.451834271475672677e+00
1.377052855491638139e+00
1.287228212878108069e+00
1.251594112813472659e+00
1.217787192761897952e+00
1.194225316122174307e+00
1.152048730850219638e+00
1.113824830576777503e+00
1.090563149750232608e+00
1.077755372598767192e+00
1.062473829090595290e+00
1.043121287599205971e+00
1.017361239343881563e+00
1.013699916377663657e+00
1.003123019635677293e+00
9.851508371531962904e-01
9.880980197340250015e-01
9.741690337657928911e-01
9.808095004409551620e-01
9.672942869365215302e-01
9.534023378044367281e-01
9.582106523215770943e-01
9.437544751912355645e-01
9.333447527140379396e-01
9.134463038295507209e-01
9.048512455075978789e-01
9.090649735182523283e-01
8.863755818456411362e-01
8.826618928462266478e-01
8.899811699986457381e-01
8.739452067762613074e-01
8.810877624899149385e-01
8.685837384313345177e-01
8.656676154583692329e-01
8.662028193473816362e-01
8.592809710651636568e-01
8.605898227542638779e-01
8.695797204971313921e-01
8.584343520924448967e-01
8.573070077225566354e-01
8.616672050207853095e-01
8.407517703250050323e-01
8.319917622953653114e-01
8.171325312927365525e-01
8.042684376239777055e-01
8.102462563663721529e-01
8.031553369015455024e-01
8.041471250355243239e-01
7.915308028459548950e-01
7.802141860127449480e-01
7.793731428682804108e-01
7.635465025901794212e-01
7.537080746144055876e-01
7.652959950268268807e-01
7.547520652413368669e-01
7.569374509155750719e-01
7.481091886758803877e-01
7.458554470911622492e-01
7.535819265991449134e-01
7.413697298616170883e-01
7.396617624908685684e-01
7.375901725143194643e-01
7.352597184479237047e-01
7.356730708852410316e-01
7.314500743523240089e-01
7.373038874939084053e-01
7.301690071821212991e-01
7.289306208491325156e-01
7.279682053253054841e-01
7.243975194171070608e-01
7.173187719658017381e-01
7.144881010055541548e-01
7.108115319162606749e-01
7.102045156061649323e-01
7.067834964022040589e-01
7.038624092936516252e-01
7.038897423073648962e-01
7.061551069840789063e-01
7.050642715767025948e-01
7.119084682315588442e-01
7.039088647812604682e-01
7.053697120398283449e-01
7.024518238380551560e-01
7.007355459034443346e-01
7.016103394329548104e-01
7.026094807311892287e-01
7.040300903841852920e-01
7.017051758244633453e-01
7.030589861795306650e-01
6.996634848415851371e-01
7.001263201236724854e-01
6.984482973814010176e-01
6.952987125143408331e-01
6.964029205963016000e-01
6.949499364942312019e-01
6.922028455883264542e-01
6.889900308102369086e-01
6.890800066292286363e-01
6.867917390540242417e-01
6.863831272348761559e-01
6.838794605806469695e-01
6.843122221529484017e-01
6.846109097823500633e-01
6.853772224858403206e-01
6.825741510838270187e-01
6.842212527990341187e-01
6.837776562198996100e-01
6.836629664525389893e-01
6.831993242725730164e-01
6.829388093203305754e-01
6.850753901526331902e-01
6.836665581911802736e-01
6.869922358542680518e-01
6.881013305857777151e-01
6.860824842005968094e-01
6.825179817155003770e-01
6.846998939290642738e-01
6.831595588475465330e-01
6.853020478039979491e-01
6.858449140563607216e-01
6.857291754335165246e-01
6.843554744496941344e-01
6.830220784991979377e-01
6.826379409059881720e-01
6.837021047249436378e-01
6.828562906011939049e-01
6.828833123669028060e-01
6.829281592741608398e-01
6.826360283419490305e-01
6.830458775162696616e-01
6.839855998754501565e-01
6.829946938902139442e-01
6.833590921014547348e-01
6.835673090070486513e-01
6.827780032530427201e-01
6.854582268744706663e-01
6.830896981060504691e-01
6.838120615109801737e-01
6.835925081744790299e-01
6.839821921661496384e-01
6.827681727707386461e-01
6.826669910922646967e-01
6.831936012953520043e-01
6.839073432609439340e-01
6.828354440629482713e-01
6.861195487901567969e-01
6.830961901694536653e-01
6.838086416944861856e-01
6.826140835881233659e-01
6.833719188347459061e-01
6.837033657357096672e-01
6.835421185940504518e-01
6.823308991268277612e-01
6.835392722859978676e-01
6.820932060480118242e-01
6.835614863783121553e-01
6.836624125018715414e-01
6.842265229672193083e-01
6.836785953491926193e-01
6.831123372539877892e-01
6.821804871782660706e-01
6.856126382946967635e-01
6.826834924519061820e-01
6.824873138219118562e-01
6.824569888412952423e-01
6.830812843516469446e-01
6.842401243746281114e-01
6.842188954353332075e-01
6.829168772324919479e-01
6.830287951976060645e-01
6.824467755854130013e-01
6.827147061005234274e-01
6.836686758324503899e-01
6.837774764746427092e-01
6.828613679856061491e-01
6.831518707796930823e-01
6.836938852444290893e-01
6.846248198300599608e-01
6.833681721240282281e-01
6.828598024323582205e-01
6.826615761965513229e-01
6.841449147090316041e-01
6.831113783642649429e-01
6.828442009165882620e-01
6.837514683604239973e-01
6.841569049283862114e-01
6.825811790302396265e-01
6.831798139959573968e-01
6.831707555800676790e-01
6.833067383617162927e-01
6.834553407505155054e-01
6.828111009672284126e-01
6.823836000636219756e-01
6.838093996047973633e-01
6.830112503841518912e-01
6.829265601933002250e-01
6.839511953294277191e-01
6.835548413917422739e-01
6.836645843461155447e-01
6.824922950938343558e-01
6.837335299700498803e-01
6.836738012731075065e-01
6.824324544519185798e-01
6.832503547891974893e-01
6.825153294950723204e-01
6.839441757649182829e-01
6.841298263520002587e-01
6.823012538254260573e-01
6.836939373984932677e-01
6.820870613679289596e-01
6.831450849771499856e-01
6.826041707769036071e-01
6.832425950095057932e-01
6.841094547882675680e-01
6.828624708577990532e-01
6.829357070848345312e-01
6.825233796611428483e-01
6.828813122585415396e-01
6.823005767539143118e-01
6.842077165842056496e-01
6.838826673105359299e-01
6.832026071846485360e-01
6.821689689531922340e-01
6.833451919257640395e-01
6.827558567747473717e-01
6.828573513776063919e-01
6.837777286767959817e-01
6.837160013616084830e-01
6.850155830383301003e-01
6.841580819338559660e-01
6.815750926733017412e-01
6.830433184280991776e-01
6.836390599608421770e-01
6.824614439159631951e-01
6.830363333225250022e-01
6.833403557538986206e-01
6.828930981457232985e-01
6.829138031229377015e-01
6.840422283858060837e-01
6.839767264202236685e-01
6.859316265210508856e-01
6.839089462533592956e-01
6.829614024609327316e-01
6.831979274749755415e-01
6.831149971112608910e-01
6.834035307168960793e-01
6.824782798066735268e-01
6.832482688128947990e-01
6.828211480751633644e-01
6.837316328659653886e-01
6.825502572581172434e-01
6.835701448842883554e-01
6.827569622546434402e-01
6.836716968566178831e-01
6.834002198651433213e-01
6.848691778257489648e-01
6.826181594282388909e-01
6.815576879307627678e-01
6.823892390355468240e-01
6.823791950941086037e-01
6.824719611555337684e-01
6.826554421335458978e-01
6.846800139173865318e-01
6.836236692965030892e-01
6.839114103466272798e-01
6.827484242618083732e-01
6.822967385873198731e-01
6.829295266419649346e-01
6.828448161482810752e-01
6.828582514077424781e-01
6.826696163043379784e-01
6.830776926130056603e-01
6.831584321334958076e-01
6.838937480002641456e-01
6.829441556707024352e-01
6.946428360417484793e-01
6.945280535146594048e-01
6.955127429217100588e-01
6.940489178523421288e-01
6.952334595844149590e-01
6.950307374820112738e-01
6.942441081628203392e-01
6.950032962486147881e-01
6.954154489561915620e-01
6.949192643165588157e-01
6.963728876784444077e-01
6.942559473216534105e-01
6.951542865484953149e-01
6.952095707878470643e-01
6.936714505776763184e-01
6.933662153780459914e-01
6.938648954033851401e-01
6.947308940812945144e-01
6.955849494785070197e-01
6.952176501974463019e-01
6.945272613316774146e-01
6.935125496238470078e-01
6.945445155724883080e-01
6.947569545358419640e-01
6.956447457894683328e-01
6.950776088982820733e-01
6.941934360191226450e-01
6.948574544861912949e-01
6.945048281922936440e-01
6.942394731566310373e-01
6.945103902369738069e-01
6.952703911811113358e-01
6.939591104164719582e-01
6.938136382028460281e-01
6.956280177459120972e-01
6.948618691414594206e-01
6.935536162927746773e-01
6.937461337074637413e-01
6.944814532995223777e-01
6.936670523136854172e-01
6.944496409967542139e-01
6.945333378389477730e-01
6.932032503187656181e-01
6.939939675852656586e-01
6.944753581658005270e-01
6.941670484840869459e-01
6.946971729397773965e-01
6.940190548077225241e-01
6.943933986127376334e-01
6.963252995163202730e-01
6.942893533036113007e-01
6.933597154915333016e-01
6.939369214698671851e-01
6.959145717322826608e-01
6.947451503947377205e-01
6.955883396789431794e-01
6.939901843667030112e-01
6.934006866067647934e-01
6.958791991695761903e-01
6.944854063913226128e-01
6.939207309857010619e-01
6.941857300698757172e-01
6.952530097216367277e-01
6.951451841741800308e-01
6.948086474090814368e-01
6.949158066883682761e-01
6.956656133756041749e-01
6.957375641912222353e-01
6.946546621620655060e-01
6.950438786298036575e-01
6.938062379136681335e-01
6.946109367534518686e-01
6.964701091870665328e-01
6.951499376446008682e-01
6.942458704113960710e-01
6.943193286657333152e-01
6.942086096853017363e-01
6.929831048473715782e-01
6.948355553671717866e-01
6.948107231408358064e-01
6.943648517131805198e-01
6.933930207043885741e-01
6.935401819646358490e-01
6.927248438820242660e-01
6.912095082923770395e-01
6.914374878630041854e-01
6.919086433947085890e-01
6.915103843435644881e-01
6.915420278906821983e-01
6.910603528842329535e-01
6.904446547850966454e-01
6.905383292585611787e-01
6.905368881300091299e-01
6.910654177889228311e-01
6.920344388112426026e-01
6.910706283524632454e-01
6.904318498447536978e-01
6.915469167754053625e-01
6.901638412848114523e-01
6.914506254717707190e-01
6.914085937663912995e-01
6.907708114013075829e-01
6.897967182099818961e-01
6.894357465207576752e-01
6.908177366480231507e-01
6.901787433773278746e-01
6.902756636962295023e-01
6.900871668010950533e-01
6.903921458870172501e-01
6.931764177978039232e-01
6.911432106047868951e-01
6.923918427899480310e-01
6.897848943248391373e-01
6.905090181156993134e-01
6.905118223279714806e-01
6.906145069748163001e-01
6.900869751349091308e-01
6.900922354310751183e-01
6.901158131659030914e-01
6.908418908715248108e-01
6.904088780283927917e-01
6.895743062719702499e-01
6.908785272389650345e-01
6.920327914878725561e-01
6.911650341004133002e-01
6.899177277460694091e-01
6.901783619076014009e-01
6.909883083775639756e-01
6.905031865462660789e-01
6.905470058321953042e-01
6.915479892864823119e-01
6.903337713330983672e-01
6.919764624908566475e-01
6.900810506194829941e-01
6.891344849020242247e-01
6.903754880651831183e-01
6.900354893878102303e-01
6.930752737447619660e-01
6.899001706391573174e-01
6.906098196282982604e-01
6.914891427382826583e-01
6.910293135792017205e-01
6.911963727325201035e-01
6.904996808618306670e-01
6.901897091418505159e-01
6.911975225433707459e-01
6.896837595850229263e-01
6.904178919270634873e-01
6.901146914809942468e-01
6.907222695648670419e-01
6.898879546672105345e-01
6.914895711466669814e-01
6.904898934066295846e-01
6.906643025577068329e-01
6.928041916340589301e-01
6.905830580741166846e-01
6.909351762384176032e-01
6.907343637198209985e-01
6.906977908685802969e-01
6.911101989448070748e-01
6.907015083357691543e-01
6.906060555949806723e-01
6.909817319363356081e-01
6.905804917216300520e-01
6.907253734767436759e-01
6.895223367959261163e-01
6.902737928554415481e-01
6.911829423159361330e-01
6.904757199808955193e-01
6.894474267959594949e-01
6.908924914896488190e-01
6.897580122575164285e-01
6.902001842856406721e-01
6.907501313835382462e-01
6.902901094406843630e-01
6.905471570789813995e-01
6.905867267400026543e-01
6.893745057284832445e-01
6.907329861074685828e-01
6.922077372670173423e-01
6.902875076979398949e-01
6.896801166236400382e-01
6.907080171629786935e-01
6.911796482279897180e-01
6.904911458492278831e-01
6.901738960295915604e-01
6.900124549865722656e-01
6.919840997084975021e-01
6.900765582919120567e-01
6.906682562083006349e-01
6.901135373860597388e-01
6.917391670867800713e-01
6.892004908993840662e-01
6.926578767597675323e-01
6.902460759505629762e-01
6.915778841823339018e-01
6.903292331844568253e-01
6.906230390071869119e-01
6.922973668202757613e-01
6.902461310848593268e-01
6.905747260898351669e-01
6.903011037036776987e-01
6.918013375252485275e-01
6.903363468125462976e-01
6.910830641165375265e-01
6.912981001660227776e-01
6.903535285964608192e-01
6.891632406041026115e-01
6.910531153902411683e-01
6.907606059685349464e-01
6.895570218563079612e-01
6.907632132992148621e-01
6.898181671276688576e-01
6.906688528135418448e-01
6.900735946372151819e-01
6.901411894708872063e-01
6.911394925788044707e-01
6.903394266963005510e-01
6.903457403182983176e-01
6.920321347191930039e-01
6.911109175533056703e-01
6.920616719871759415e-01
6.899874240159988847e-01
6.908772071823477967e-01
6.904452722519636154e-01
6.898992719128728135e-01
6.904428627341985258e-01
6.899007886648178545e-01
6.907207654789090379e-01
6.916655283421278000e-01
6.899955727159976515e-01
6.902989607304335085e-01
6.919211238622665627e-01
6.904159117490052955e-01
6.902288634330033812e-01
6.901442687958478928e-01
6.917802939191460831e-01
6.903866432607174142e-01
6.908368263393640518e-01
6.897289816290139708e-01
6.893627023324370162e-01
6.908125603571534379e-01
6.899150608107447180e-01
6.903223220258951631e-01
6.901924094185233338e-01
6.898216018453240395e-01
6.911538960412144661e-01
6.904645202681422012e-01
6.907395323738455550e-01
6.902293458580970320e-01
6.896213635802268538e-01
6.922512792050838915e-01
6.907645754516125169e-01
6.905461004003882186e-01
6.918863942846655846e-01
6.903695465996861902e-01
6.911277042701839957e-01
6.913204785436392052e-01
6.900575559586286101e-01
6.895394528284668478e-01
6.900467045605183092e-01
6.895926620811223540e-01
6.891891771927476373e-01
6.914961973205209222e-01
6.902939904481172340e-01
6.898273268714547601e-01
6.903490258380771127e-01
6.902264285832643287e-01
6.915064150467514770e-01
6.902194438502192719e-01
6.922241920605302079e-01
6.912116806954144987e-01
6.917516605928539786e-01
6.909066896885633913e-01
6.894917402416467223e-01
6.897082375362515450e-01
6.903604047372937647e-01
6.903451364487409592e-01
6.898945948109030946e-01
6.911049520596861395e-01
6.915250355377793312e-01
6.899690061807632890e-01
6.904078247025609016e-01
6.906504809856415239e-01
6.895464567467570749e-01
6.901708424091339555e-01
6.917936587706208229e-01
6.900672046467661858e-01
6.905659247189760430e-01
6.902825577184558137e-01
6.900753911584616151e-01
6.912638772279023902e-01
6.907810548320412192e-01
6.906800551339984384e-01
6.912840552628040092e-01
6.902615934610366599e-01
6.899808369576930778e-01
6.899269474670290947e-01
6.904051620513200760e-01
6.899091899394989014e-01
