3.460621859994717029e-03
3.549147719604661775e-03
3.602162664174102333e-03
3.620373201556503773e-03
3.684548171440837818e-03
3.766251831257250073e-03
3.839928664092440158e-03
3.967052586813224306e-03
4.132344070239923721e-03
4.270339175127446998e-03
4.399270568683277816e-03
4.580762215482536703e-03
4.740795644465833902e-03
4.904274843283928931e-03
5.148123649996705006e-03
5.359648143348749380e-03
5.560782633256167347e-03
5.816456813772674476e-03
6.028819728817325432e-03
6.277748581487685789e-03
6.605699786450714046e-03
6.886602194572333420e-03
7.180330713163129638e-03
7.439550128765404224e-03
7.805237188586033534e-03
8.179641381138936032e-03
8.430465398123487136e-03
8.663324697408825159e-03
8.842138349427841951e-03
9.068445317097939551e-03
9.303501053364016810e-03
9.515283282962628403e-03
9.748092715744860817e-03
9.897518268553539764e-03
9.938292537117376230e-03
1.000194768130313605e-02
1.002920284518040751e-02
1.017759811365976860e-02
1.008656624471768702e-02
1.026071248634252697e-02
1.034418726339936256e-02
1.031621524307411129e-02
1.035413454228546401e-02
1.038885045854840393e-02
1.050474721996579389e-02
1.064503368688747217e-02
1.088849041261710261e-02
1.122452611743938143e-02
1.161558600142598152e-02
1.182295317121315713e-02
1.199028083356097271e-02
1.177431779797188938e-02
1.169866613345220754e-02
1.164526513312011922e-02
1.154602838796563516e-02
1.153745716728735680e-02
1.147423045476898482e-02
1.142851422773674165e-02
1.146394336828962003e-02
1.139109315990935976e-02
1.147246770269703085e-02
1.141252468514721875e-02
1.140900917525868898e-02
1.159849158721044590e-02
1.187014705210458557e-02
1.231848071911372314e-02
1.293997718603350291e-02
1.319556449016090482e-02
1.333616788906510919e-02
1.340554292546585272e-02
1.356056711229030112e-02
1.377264352049678564e-02
1.391688805888407002e-02
1.424173592822626164e-02
1.441683802404441009e-02
1.444038873887620866e-02
1.446644713287241826e-02
1.444593486376106670e-02
1.437686064164154197e-02
1.430159267329145223e-02
1.432442876975983416e-02
1.431690680328756571e-02
1.427364182600285823e-02
1.416616794303990866e-02
1.402230247331317549e-02
1.396173658431507612e-02
1.389474781462922762e-02
1.385350678465329180e-02
1.367102918738965014e-02
1.355143301479984005e-02
1.335359496297314728e-02
1.312195401987992227e-02
1.286445723089855130e-02
1.270480970270000329e-02
1.236336566798854585e-02
1.229918068565893918e-02
1.221375512250233442e-02
1.217670870828442206e-02
1.215618183196056669e-02
1.214223233109805802e-02
1.213001831492874737e-02
1.212582889711484244e-02
1.213009323982987622e-02
1.212308916728943586e-02
1.210280049126595189e-02
1.214236296655144508e-02
1.208344612387008896e-02
1.209304242511279916e-02
1.208085247199051047e-02
1.205348903895355796e-02
1.204898493888322333e-02
1.201879783184267581e-02
1.199803889321628993e-02
1.195833897800184856e-02
1.191479472909122775e-02
1.185015147493686562e-02
1.182328593567944994e-02
1.175653127138502965e-02
1.172039863886311685e-02
1.165278980042785441e-02
1.157400444208178669e-02
1.151098037662450294e-02
1.150049427524208953e-02
1.149633665918372606e-02
1.148498159600421821e-02
1.149483356566633960e-02
1.148527022742200712e-02
1.148936410900205408e-02
1.148543619201518665e-02
1.149566822277847677e-02
1.150440443598199636e-02
1.149833548988681356e-02
1.149270726891700109e-02
1.149999630579259281e-02
1.149966086086351424e-02
1.150120102684013511e-02
1.150649181799963047e-02
1.149330674088560114e-02
1.149739623360801488e-02
1.150434531446080724e-02
1.150799039751291240e-02
1.150585538416635210e-02
1.150538237416185404e-02
1.150255424727220088e-02
1.150039607018698076e-02
1.150800198083743418e-02
1.150559074594639276e-02
1.150280946167185972e-02
1.150785149657167564e-02
1.149750411568675225e-02
1.150101346138399094e-02
1.150130614696536283e-02
1.149768230388872360e-02
1.150407769891899010e-02
1.149913429690059205e-02
1.149541351769585093e-02
1.149308533640578354e-02
1.149374477390665596e-02
1.148931031348183682e-02
1.149125474621541868e-02
1.149481770407874068e-02
1.148358780192211201e-02
1.148593175457790494e-02
1.149027762876357953e-02
1.149252653121948277e-02
1.149014990951400216e-02
1.149495133140590077e-02
1.149046260106842930e-02
1.149279943201690982e-02
1.149512436240911553e-02
1.149360467097721925e-02
1.148558199638500740e-02
1.147556947544217144e-02
1.147871046559885075e-02
1.147658534173387999e-02
1.147584523423574900e-02
1.146889840310905129e-02
1.146655355405528168e-02
1.147245809552259813e-02
1.147187782917171751e-02
1.147580979159101844e-02
1.147222379513550619e-02
1.148093604424502666e-02
1.147900477808434447e-02
1.148162315948866342e-02
1.147848502441775088e-02
1.147227892361115699e-02
1.145716373866889626e-02
1.145902984717395157e-02
1.146072605042718420e-02
1.145407755102496525e-02
1.146193839085754042e-02
1.145545485778711771e-02
1.146299898391589522e-02
1.145650486578233575e-02
1.147071333834901417e-02
1.146025752241257648e-02
1.145538026466965710e-02
1.146010588563512941e-02
1.146294241771101882e-02
1.145844956627115573e-02
1.146530550904572079e-02
1.147707788913976401e-02
1.147522944665979594e-02
1.146787343895994127e-02
1.146484836062882165e-02
1.145856239600107074e-02
1.146194972970988532e-02
1.146111766865942627e-02
1.145155777048785170e-02
1.146268560551106860e-02
1.146289097086992080e-02
1.145568593929056044e-02
1.146892450051382149e-02
1.146959986363071948e-02
1.146590342395938968e-02
1.146600086649414083e-02
1.147479790379293298e-02
1.145996416162233834e-02
1.145430511387530645e-02
1.146007851057220285e-02
1.146173531014937907e-02
1.146609657735098153e-02
1.146475360437762027e-02
1.146339996194001287e-02
1.146017215505707940e-02
1.146430083317682112e-02
1.147032995941117337e-02
1.146287463197950308e-02
1.147442692599725048e-02
1.146071094553917716e-02
1.145352445018943399e-02
1.146289015596266801e-02
1.145358807698357816e-02
1.146745198057033156e-02
1.146577993349637802e-02
1.146065272332634846e-02
1.145772586460225284e-02
1.146267385920509731e-02
1.145898098475299845e-02
1.145792424213141168e-02
1.146549606637563626e-02
1.145711943390779163e-02
1.145568841602653300e-02
1.145411186735145748e-02
1.145126184565015137e-02
1.144758473092224484e-02
1.145287251274567167e-02
1.144159992691129446e-02
1.145589432853739639e-02
1.144767762743867899e-02
1.144231545040383900e-02
1.145215440483298222e-02
1.144591164193116059e-02
1.143309915787540411e-02
1.145169494848232751e-02
1.144720742304343800e-02
1.143731539195869118e-02
1.143821377772837912e-02
1.143197751953266630e-02
1.142970263608731295e-02
1.143904891796410084e-02
1.143496099102776428e-02
1.143314027285668999e-02
1.143309396575204959e-02
1.144267501367721672e-02
1.144031577568966826e-02
1.144638396508526092e-02
1.144473951426334610e-02
1.145035539520904491e-02
1.144249685748945956e-02
1.143860494485124911e-02
1.144528455042745883e-02
1.144008518895134330e-02
1.143927479861304129e-02
1.144338855228852446e-02
1.144372996059246292e-02
1.144227885524742340e-02
1.143607280100695719e-02
1.144301382300909678e-02
1.144377369782887365e-02
1.143988683470524917e-02
1.143686324357986485e-02
1.143705479917116533e-02
1.144025553658139030e-02
1.144874998135492206e-02
1.142578021972440183e-02
1.141656414256431162e-02
1.143037395668216119e-02
1.142135692061856458e-02
1.142206532531417872e-02
1.142210416728630697e-02
1.143509458051994443e-02
1.143533250724431197e-02
1.142715808819048072e-02
1.142741984804160858e-02
1.141998242528643494e-02
1.143165698449593107e-02
1.143689490563701804e-02
1.143817512784153258e-02
1.142219590547028860e-02
1.143283729616086965e-02
1.142060382117051666e-02
1.142994721303693985e-02
1.141084818518720533e-02
1.141515190538484534e-02
1.140433553082402865e-02
1.141047906712628832e-02
1.141163357242476126e-02
1.141505500127095764e-02
1.140678579977247829e-02
1.140808595519047196e-02
1.139925137395039235e-02
1.141367685049772193e-02
1.141820814227685263e-02
1.141114860947709496e-02
1.141865021781995893e-02
1.139894990483298828e-02
1.141022636147681624e-02
1.141090705932583729e-02
1.140049399982672254e-02
1.140890137758105924e-02
1.140434092376381089e-02
1.140732539352029562e-02
1.140064006613101741e-02
1.139701012871228124e-02
1.140707354061305454e-02
1.139470589987467974e-02
1.141548329906072468e-02
1.140154693275690148e-02
1.139922171714715694e-02
1.139470924972556601e-02
1.139633629063610022e-02
1.139148700167424977e-02
1.139528483327012509e-02
1.138750625832471962e-02
1.138857651385478606e-02
1.137872217223048245e-02
1.138667280320078065e-02
1.138817151368129964e-02
1.137122817453928292e-02
1.139237304741982405e-02
1.138874838652554830e-02
1.138305200729519163e-02
1.136386458529159427e-02
1.135632716177497128e-02
1.136303109233267536e-02
1.136943107121624053e-02
1.136976595735177467e-02
1.137044926290400361e-02
1.136249077680986409e-02
1.137963855289854040e-02
1.137242874247021938e-02
1.136126163473818486e-02
1.136584315390791813e-02
1.136442209535743972e-02
1.138312408293131774e-02
1.137552711006719654e-02
1.136442650458775391e-02
1.137390445219352807e-02
1.136977955466136371e-02
1.137669612362515216e-02
1.136337283533066581e-02
1.135727850196417352e-02
1.136487430485431070e-02
1.135721256723627379e-02
1.136748588469345053e-02
1.134871506947092781e-02
1.134698345267679508e-02
1.134896405565086717e-02
1.133679822087287938e-02
1.134089951519854332e-02
1.134615894407033955e-02
1.133109635266009788e-02
1.132044078840408440e-02
1.132312165282201022e-02
1.131661938561592286e-02
1.131632369651924819e-02
1.131570469297002966e-02
1.130414356593973865e-02
1.127379100362304633e-02
1.128303671139292350e-02
1.128511052811518277e-02
1.126838269119616667e-02
1.126541481062304229e-02
1.127016698301304062e-02
1.129605277092196082e-02
1.131688047607895022e-02
1.131659881502855569e-02
1.132616173708811402e-02
1.133613903657533159e-02
1.133202702621929382e-02
1.134226433350704610e-02
1.133716951881069690e-02
1.135495769849512691e-02
1.136047543550375814e-02
1.135952858312521199e-02
1.135539015231188352e-02
1.136184737842995708e-02
1.135706090717576375e-02
1.136189415410626680e-02
1.135872706945519929e-02
1.136508613999467378e-02
1.135304139461368322e-02
1.135904978436883504e-02
1.136600180761888554e-02
1.136701732175424660e-02
1.134983336087316309e-02
1.135953417688142543e-02
1.136080581927672098e-02
1.135737111617345432e-02
1.136617244628723711e-02
1.137061694462318008e-02
1.137637034989893471e-02
1.137174323957879096e-02
1.138154319487512042e-02
1.137419847655110096e-02
1.138057423522695864e-02
1.137058292806614190e-02
1.136633870191872120e-02
1.138274662080220913e-02
1.138179622939787874e-02
1.137067217496223748e-02
1.137627175194211304e-02
1.137420524610206415e-02
1.137447417713701760e-02
1.137533317087218235e-02
1.137158314231783221e-02
1.136491914803627878e-02
1.137441263417713309e-02
1.136667777318507364e-02
1.136995184933766757e-02
1.137654078193008934e-02
1.137778670527040889e-02
1.137635564664378832e-02
1.137997450132388622e-02
1.137817966809961945e-02
1.137840778392273933e-02
1.138563355198130012e-02
1.138580301776528393e-02
1.138015199685469235e-02
1.138470722071360797e-02
1.138607865723315592e-02
1.138373951544053783e-02
1.138102703553158825e-02
1.136391236213967273e-02
1.138187872711569036e-02
1.137155794713180443e-02
1.137706616136711056e-02
1.138712955871596863e-02
1.136921068537049065e-02
1.138266600319184398e-02
1.136618645978160203e-02
1.136043160804547404e-02
1.137232308101374621e-02
1.137185608968138695e-02
1.136916980321984669e-02
1.134922394412569632e-02
1.136090277868788759e-02
1.136228414543438703e-02
1.135937161743640934e-02
1.136507170449476724e-02
1.136171865218784695e-02
1.136201225162949448e-02
1.136655621230602334e-02
1.137975674937479267e-02
1.136927008919883485e-02
1.138555290235672077e-02
1.137249520106706734e-02
1.136646593513432855e-02
1.137181657832115819e-02
1.136290787253528903e-02
1.137921062472741981e-02
1.136521060252562200e-02
1.135351397679187392e-02
1.134645235724747112e-02
1.136653644789475948e-02
1.135921109234914149e-02
1.135780898330267588e-02
1.134971672727260773e-02
1.136327860585879465e-02
1.136893028742633725e-02
1.137263125856407056e-02
1.136416772787924787e-02
1.135949525341857155e-02
1.137073855497874354e-02
1.136612663685809821e-02
1.135778299067169428e-02
1.136134135304018786e-02
1.136905495950486442e-02
1.136607324879150907e-02
1.137636507628485630e-02
1.137209935404825956e-02
1.136978213908150862e-02
1.137316839303821256e-02
1.136677919712383335e-02
1.136360831151250750e-02
1.136359752854332328e-02
1.136542836029548129e-02
1.136586592765525053e-02
1.135835052409675007e-02
1.135347031231503934e-02
1.136509945499710773e-02
1.137238416122272541e-02
1.137201695237308706e-02
1.135581861308310181e-02
1.136426482116803527e-02
1.136840793769806554e-02
1.136846458539366757e-02
1.137063289352227037e-02
1.137632851605303516e-02
1.136023550061509083e-02
1.136875012889504433e-02
1.136329894070513616e-02
1.136208909156266600e-02
1.137339901761151920e-02
1.136373310291674023e-02
1.135225510806776514e-02
1.136137783178128337e-02
1.135887839482165908e-02
1.136176273867022316e-02
1.137267029844224453e-02
1.137020636815577745e-02
1.136376275680959190e-02
1.135622665460687096e-02
1.135806186648551444e-02
1.135696259734686464e-02
1.134449243545532227e-02
1.135424101375974784e-02
1.135090886964462698e-02
1.137182406673673506e-02
1.136801834218204021e-02
1.136035553936380962e-02
1.137915968720335479e-02
1.137377019331324915e-02
1.137595084728673135e-02
1.137711049232166191e-02
1.138399751216638903e-02
1.136449813493527541e-02
1.136323612299747730e-02
1.138824331283103640e-02
1.137334053928498213e-02
1.137276881490834057e-02
1.138000153296161478e-02
1.137694121280219406e-02
1.137288654863368755e-02
1.137091237178538064e-02
1.137070643308106879e-02
1.138168939505703782e-02
1.137578395137097721e-02
1.137753006187267567e-02
1.137917898013256560e-02
1.136874458170495858e-02
1.136232374119572341e-02
1.137643168622162228e-02
1.137171857117209514e-02
1.137014942360110512e-02
1.138387511018663575e-02
1.136630560504272615e-02
1.135877125780098210e-02
1.137751027708873083e-02
1.136863012798130547e-02
1.137055149883963237e-02
1.136732058657798951e-02
1.136369597224984318e-02
1.135084752750117366e-02
1.136098221759311924e-02
1.135195628739893436e-02
1.135223619057796826e-02
1.136641090561170062e-02
1.136973399261478369e-02
1.135626692848745733e-02
1.136669141415041009e-02
1.136851040937472170e-02
1.136913514055777272e-02
1.136622344783972879e-02
1.135817332251463051e-02
1.135908277065027575e-02
1.136457737011369387e-02
1.135546593286562711e-02
1.136988367943558842e-02
1.137307986791711266e-02
1.137006330536678364e-02
1.137739612604491378e-02
1.136813244083896210e-02
1.137975523888599093e-02
1.137971583812031826e-02
1.138155202788766404e-02
1.136608511151280219e-02
1.138412935542874004e-02
1.137491766130551731e-02
1.137034793209750275e-02
1.138419450144283543e-02
1.138487664284184610e-02
1.139173623523674975e-02
1.138902033853810350e-02
1.138242663000710309e-02
1.137825946207158233e-02
1.136974536930210854e-02
1.137438461300916900e-02
