6.723847720623015789e+01
3.553843747377395346e+01
2.098702761530876160e+01
1.493643635809421610e+01
1.153945659399032664e+01
9.397323212027549388e+00
7.821500226855278015e+00
6.789771500229835333e+00
5.965169356763363240e+00
5.477981024980545399e+00
4.892525744438171564e+00
4.410969397425651195e+00
3.975930956751108081e+00
3.643515548110008329e+00
3.371927307546138675e+00
3.023362357914447962e+00
2.783674705028533758e+00
2.596297127008438288e+00
2.389824535697698593e+00
2.222302705794573008e+00
2.045529916137456716e+00
1.907689263671636493e+00
1.744930328056216284e+00
1.636344651505351022e+00
1.526252812147140592e+00
1.451834271475672677e+00
1.377052855491638139e+00
1.287228212878108069e+00
1.251594112813472659e+00
1.217787192761897952e+00
1.194225316122174307e+00
1.152048730850219638e+00
1.113824830576777503e+00
1.090563149750232608e+00
1.077755372598767192e+00
1.062473829090595290e+00
1.043121287599205971e+00
1.017361239343881563e+00
1.013699916377663657e+00
1.003123019635677293e+00
9.851508371531962904e-01
9.880980197340250015e-01
9.741690337657928911e-01
9.808095004409551620e-01
9.672942869365215302e-01
9.534023378044367281e-01
9.582106523215770943e-01
9.437544751912355645e-01
9.333447527140379396e-01
9.134463038295507209e-01
9.048512455075978789e-01
9.090649735182523283e-01
8.863755818456411362e-01
8.826618928462266478e-01
8.899811699986457381e-01
8.739452067762613074e-01
8.810877624899149385e-01
8.685837384313345177e-01
8.656676154583692329e-01
8.662028193473816362e-01
8.592809710651636568e-01
8.605898227542638779e-01
8.695797204971313921e-01
8.584343520924448967e-01
8.573070077225566354e-01
8.616672050207853095e-01
8.407517703250050323e-01
8.319917622953653114e-01
8.171325312927365525e-01
8.042684376239777055e-01
8.102462563663721529e-01
8.031553369015455024e-01
8.041471250355243239e-01
7.915308028459548950e-01
7.802141860127449480e-01
7.793731428682804108e-01
7.635465025901794212e-01
7.537080746144055876e-01
7.652959950268268807e-01
7.547520652413368669e-01
7.569374509155750719e-01
7.481091886758803877e-01
7.458554470911622492e-01
7.535819265991449134e-01
7.413697298616170883e-01
7.396617624908685684e-01
7.375901725143194643e-01
7.352597184479237047e-01
7.356730708852410316e-01
7.314500743523240089e-01
7.373038874939084053e-01
7.301690071821212991e-01
7.289306208491325156e-01
7.279682053253054841e-01
7.243975194171070608e-01
7.173187719658017381e-01
7.144881010055541548e-01
7.108115319162606749e-01
7.102045156061649323e-01
7.067834964022040589e-01
7.038624092936516252e-01
7.038897423073648962e-01
7.061551069840789063e-01
7.050642715767025948e-01
7.119084682315588442e-01
7.039088647812604682e-01
7.053697120398283449e-01
7.024518238380551560e-01
7.007355459034443346e-01
7.016103394329548104e-01
7.026094807311892287e-01
7.040300903841852920e-01
7.017051758244633453e-01
7.030589861795306650e-01
6.996634848415851371e-01
7.001263201236724854e-01
6.984482973814010176e-01
6.952987125143408331e-01
6.964029205963016000e-01
6.949499364942312019e-01
6.922028455883264542e-01
6.889900308102369086e-01
6.890800066292286363e-01
6.867917390540242417e-01
6.863831272348761559e-01
6.838794605806469695e-01
6.843122221529484017e-01
6.846109097823500633e-01
6.853772224858403206e-01
6.825741510838270187e-01
6.842212527990341187e-01
6.837776562198996100e-01
6.836629664525389893e-01
6.831993242725730164e-01
6.829388093203305754e-01
6.850753901526331902e-01
6.836665581911802736e-01
6.869922358542680518e-01
6.881013305857777151e-01
6.860824842005968094e-01
6.825179817155003770e-01
6.846998939290642738e-01
6.831595588475465330e-01
6.853020478039979491e-01
6.858449140563607216e-01
6.857291754335165246e-01
6.843554744496941344e-01
6.830220784991979377e-01
6.826379409059881720e-01
6.837021047249436378e-01
6.828562906011939049e-01
6.828833123669028060e-01
6.829281592741608398e-01
6.826360283419490305e-01
6.830458775162696616e-01
6.839855998754501565e-01
6.829946938902139442e-01
6.833590921014547348e-01
6.835673090070486513e-01
6.827780032530427201e-01
6.854582268744706663e-01
6.830896981060504691e-01
6.838120615109801737e-01
6.835925081744790299e-01
6.839821921661496384e-01
6.827681727707386461e-01
6.826669910922646967e-01
6.831936012953520043e-01
6.839073432609439340e-01
6.828354440629482713e-01
6.861195487901567969e-01
6.830961901694536653e-01
6.838086416944861856e-01
6.826140835881233659e-01
6.833719188347459061e-01
6.837033657357096672e-01
6.835421185940504518e-01
6.823308991268277612e-01
6.835392722859978676e-01
6.820932060480118242e-01
6.835614863783121553e-01
6.836624125018715414e-01
6.842265229672193083e-01
6.836785953491926193e-01
6.831123372539877892e-01
6.821804871782660706e-01
6.856126382946967635e-01
6.826834924519061820e-01
6.824873138219118562e-01
6.824569888412952423e-01
6.830812843516469446e-01
6.842401243746281114e-01
6.842188954353332075e-01
6.829168772324919479e-01
6.830287951976060645e-01
6.824467755854130013e-01
6.827147061005234274e-01
6.836686758324503899e-01
6.837774764746427092e-01
6.828613679856061491e-01
6.831518707796930823e-01
6.836938852444290893e-01
6.846248198300599608e-01
6.833681721240282281e-01
6.828598024323582205e-01
6.826615761965513229e-01
6.841449147090316041e-01
6.831113783642649429e-01
6.828442009165882620e-01
6.837514683604239973e-01
6.841569049283862114e-01
6.825811790302396265e-01
6.831798139959573968e-01
6.831707555800676790e-01
6.833067383617162927e-01
6.834553407505155054e-01
6.828111009672284126e-01
6.823836000636219756e-01
6.838093996047973633e-01
6.830112503841518912e-01
6.829265601933002250e-01
6.839511953294277191e-01
6.835548413917422739e-01
6.836645843461155447e-01
6.824922950938343558e-01
6.837335299700498803e-01
6.836738012731075065e-01
6.824324544519185798e-01
6.832503547891974893e-01
6.825153294950723204e-01
6.839441757649182829e-01
6.841298263520002587e-01
6.823012538254260573e-01
6.836939373984932677e-01
6.820870613679289596e-01
6.831450849771499856e-01
6.826041707769036071e-01
6.832425950095057932e-01
6.841094547882675680e-01
6.828624708577990532e-01
6.829357070848345312e-01
6.825233796611428483e-01
6.828813122585415396e-01
6.823005767539143118e-01
6.842077165842056496e-01
6.838826673105359299e-01
6.832026071846485360e-01
6.821689689531922340e-01
6.833451919257640395e-01
6.827558567747473717e-01
6.828573513776063919e-01
6.837777286767959817e-01
6.837160013616084830e-01
6.850155830383301003e-01
6.841580819338559660e-01
6.815750926733017412e-01
6.830433184280991776e-01
6.836390599608421770e-01
6.824614439159631951e-01
6.830363333225250022e-01
6.833403557538986206e-01
6.828930981457232985e-01
6.829138031229377015e-01
6.840422283858060837e-01
6.839767264202236685e-01
6.859316265210508856e-01
6.839089462533592956e-01
6.829614024609327316e-01
6.831979274749755415e-01
6.831149971112608910e-01
6.834035307168960793e-01
6.824782798066735268e-01
6.832482688128947990e-01
6.828211480751633644e-01
6.837316328659653886e-01
6.825502572581172434e-01
6.835701448842883554e-01
6.827569622546434402e-01
6.836716968566178831e-01
6.834002198651433213e-01
6.848691778257489648e-01
6.826181594282388909e-01
6.815576879307627678e-01
6.823892390355468240e-01
6.823791950941086037e-01
6.824719611555337684e-01
6.826554421335458978e-01
6.846800139173865318e-01
6.836236692965030892e-01
6.839114103466272798e-01
6.827484242618083732e-01
6.822967385873198731e-01
6.829295266419649346e-01
6.828448161482810752e-01
6.828582514077424781e-01
6.826696163043379784e-01
6.830776926130056603e-01
6.831584321334958076e-01
6.838937480002641456e-01
6.829441556707024352e-01
6.832206398248672485e-01
6.830952160060406175e-01
6.840921398252248764e-01
6.826189715415239556e-01
6.838226115331054178e-01
6.836155854165554269e-01
6.828397737815976587e-01
6.835928171873092429e-01
6.840038141235709190e-01
6.835042079910635948e-01
6.849661031737923622e-01
6.828478625044226424e-01
6.837550349533557670e-01
6.837958939373492973e-01
6.822532432153820547e-01
6.819550666958094087e-01
6.824462439864873442e-01
6.833319423720241037e-01
6.841747233644127624e-01
6.838067425414919853e-01
6.831267694011330383e-01
6.821036495268344435e-01
6.831401757895946281e-01
6.833496287465095076e-01
6.842441055923700333e-01
6.836805988103151766e-01
6.827863631770014763e-01
6.834627475589514223e-01
6.830893438309431076e-01
6.828379254788160546e-01
6.831111695617437807e-01
6.838756818324327469e-01
6.825627749785780907e-01
6.824221510440111604e-01
6.842327319085598214e-01
6.834743613377213256e-01
6.821650374680757745e-01
6.823674116283655611e-01
6.830947810783982721e-01
6.822788814082741959e-01
6.830784140154719797e-01
6.831409640610217604e-01
6.818145019933581352e-01
6.826109154149889724e-01
6.831114934757351875e-01
6.828107221052051035e-01
6.833341397345066293e-01
6.826496250927448495e-01
6.830236330628395303e-01
6.849548511207104173e-01
6.829268615692853928e-01
6.819800769910215887e-01
6.825644930824636969e-01
6.845533091574906859e-01
6.833793073892593384e-01
6.842239171266555342e-01
6.826070601120590720e-01
6.820251598954201189e-01
6.845147721469402313e-01
6.831115001812577692e-01
6.825509507209062132e-01
6.828090339899063332e-01
6.838896380737423675e-01
6.837879046797752380e-01
6.834437720477580802e-01
6.835585931316018327e-01
6.842981265857815965e-01
6.843888498842716217e-01
6.833076775074005127e-01
6.836949152871966140e-01
6.824694411829114182e-01
6.832700366154312865e-01
6.851239504292607752e-01
6.838188419118523820e-01
6.829254293814301935e-01
6.829962069168686867e-01
6.828919900581240654e-01
6.816667815670370834e-01
6.835198497399688211e-01
6.835065791383385658e-01
6.830910608172416909e-01
6.821099841967225297e-01
6.822550702840090020e-01
6.814564615488052368e-01
6.799440938979387505e-01
6.801673199981450590e-01
6.806125907227397187e-01
6.801935045048594919e-01
6.802254289388656172e-01
6.797341911122203317e-01
6.791085153818130493e-01
6.792063031345605406e-01
6.791946243494748625e-01
6.797282475978135841e-01
6.806794812902807745e-01
6.797101534903049469e-01
6.790723204612731934e-01
6.801915263757110086e-01
6.788019940257072893e-01
6.800935640931129456e-01
6.800466986373067124e-01
6.794120851904154046e-01
6.784316323697566764e-01
6.780827045440673828e-01
6.794586874544620292e-01
6.788127414882183519e-01
6.789086466655135377e-01
6.787373332306743112e-01
6.790326129645108955e-01
6.818156121298670769e-01
6.797858394682407823e-01
6.810256689786911011e-01
6.784142779186368433e-01
6.791326479986310449e-01
6.791400797665119171e-01
6.792329641059040579e-01
6.787127770483494249e-01
6.787116618826984915e-01
6.787452291697263496e-01
6.794755514711141586e-01
6.790261335670948473e-01
6.781925087794661300e-01
6.795078551396727118e-01
6.806565204635262045e-01
6.797908287495374458e-01
6.785432524979114755e-01
6.788030279800295608e-01
6.796167260035872459e-01
6.791382675990462747e-01
6.791725927963853104e-01
6.801813112571835074e-01
6.789638206362724748e-01
6.805999225005507913e-01
6.787032643333077431e-01
6.777581298723817094e-01
6.789955137297510879e-01
6.786573100835084915e-01
6.816968666389584541e-01
6.785145374014973640e-01
6.792240161448717117e-01
6.801089918240904586e-01
6.796446053311229196e-01
6.798102937638759169e-01
6.791159413754940255e-01
6.788086818531156030e-01
6.798336105421185493e-01
6.783018799498676810e-01
6.790463335812091383e-01
6.787376262247561964e-01
6.793351404368876967e-01
6.785187441855669022e-01
6.801069062203168869e-01
6.791237074881791846e-01
6.793038709089159743e-01
6.814318688586353812e-01
6.792112020775675774e-01
6.795660069212317023e-01
6.793851407244801965e-01
6.793368892744183762e-01
6.797479147091507468e-01
6.793421363458037598e-01
6.792409844696521981e-01
6.796200130134820716e-01
6.792184796184301820e-01
6.793588174507021460e-01
6.781425787135958450e-01
6.789045242592692819e-01
6.797973893582820448e-01
6.791032245382666588e-01
6.780809605494141357e-01
6.795206751674414125e-01
6.783951044082641157e-01
6.788209740072488341e-01
6.793849209323525873e-01
6.789365954697131889e-01
6.792007027193903701e-01
6.792201895266771761e-01
6.780152948573231475e-01
6.793751770630478415e-01
6.808580217882991281e-01
6.789242288097738776e-01
6.783111875876783881e-01
6.793353857472539392e-01
6.798154810443520768e-01
6.791316494345664978e-01
6.788031566888094170e-01
6.786463273689150588e-01
6.806263169273734093e-01
6.787152159959077835e-01
6.792992016300558600e-01
6.787474643439054267e-01
6.803628019988536835e-01
6.778283910825848579e-01
6.812880953773856607e-01
6.788729086518288103e-01
6.802111061289906058e-01
6.789656259119510873e-01
6.792594404891133530e-01
6.809319378808140755e-01
6.788802634924649970e-01
6.792163737118244171e-01
6.789476329460739645e-01
6.804362382739782555e-01
6.789639605209231155e-01
6.797110473737120184e-01
6.799422813579439895e-01
6.789892638102174027e-01
6.777948312461375968e-01
6.796846507117152436e-01
6.793899735435843246e-01
6.781806929036975351e-01
6.794029774144292322e-01
6.784494165331125259e-01
6.793055549263954385e-01
6.787115050479769485e-01
6.787677904590964095e-01
6.797757590189575927e-01
6.789871720597148164e-01
6.789843611419200675e-01
6.806732550263404624e-01
6.797491557896137016e-01
6.806890027597546355e-01
6.786172168329358545e-01
6.795134441927075386e-01
6.790890449658035788e-01
6.785412104800343513e-01
6.790859000757336617e-01
6.785562939941882643e-01
6.793665256351232307e-01
6.803146183490753618e-01
6.786237483844160812e-01
6.789309423416852729e-01
6.805607674643396887e-01
6.790367519482970460e-01
6.788550911471247229e-01
6.787683190777897835e-01
6.804031824693084207e-01
6.790026450529694779e-01
6.794723292812705484e-01
6.783657453954219374e-01
6.779744584113359673e-01
6.794392200186848418e-01
6.785422910004854646e-01
6.789423203095793502e-01
6.788154669106006844e-01
6.784487139433622582e-01
6.797829855233430418e-01
6.790938137099147287e-01
6.793578425422310829e-01
6.788535621017217636e-01
6.782438330352306144e-01
6.808721005916595903e-01
6.793958324939012305e-01
6.791837759315967338e-01
6.805099647492169890e-01
6.789978284388780150e-01
6.797575561329722849e-01
6.799366049468517081e-01
6.786912515759467857e-01
6.781806806102395058e-01
6.786691935732960257e-01
6.782240318134427071e-01
6.778186250478028807e-01
6.801288768649100813e-01
6.789302933961153252e-01
6.784764798358082771e-01
6.789880445227026717e-01
6.788744730874896049e-01
6.801541779190302117e-01
6.788530319929122481e-01
6.808544591069221052e-01
6.798554141074418800e-01
6.803849693387746811e-01
6.795381793752313104e-01
6.781226057559252007e-01
6.783420139923691528e-01
6.790022317320107970e-01
6.789860539138317108e-01
6.785300163552164809e-01
6.797494884580373986e-01
6.801551513373851332e-01
6.785959275439381599e-01
6.790377607569098029e-01
6.792730854824184927e-01
6.781783247366547362e-01
6.787910887971519980e-01
6.804139416664838347e-01
6.786856535822153313e-01
6.791998405009508355e-01
6.788984306156635729e-01
6.787004744634032027e-01
6.798935297876596007e-01
6.793968597427010314e-01
6.792951773852109465e-01
6.798923190683126005e-01
6.788725733757019487e-01
6.785984100773930772e-01
6.785486880689859390e-01
6.790354169905186144e-01
6.785348063334822877e-01
