2.819100872875424015e-03
2.905422368348808872e-03
2.933964327530702489e-03
2.980417504295473832e-03
2.970065253612119618e-03
3.016770135582191956e-03
3.104491580597823312e-03
3.167036660306621256e-03
3.180335682554868808e-03
3.311121827573515562e-03
3.415912232594564384e-03
3.497154815704561770e-03
3.667438162665348500e-03
3.784218896907986900e-03
3.925254982459591528e-03
4.075220113736577505e-03
4.226780327735468398e-03
4.436673330201301550e-03
4.602670541498809879e-03
4.795385232137050133e-03
4.997204645769670259e-03
5.183982367452699518e-03
5.410478400881402541e-03
5.627568092313595463e-03
5.766656601917929774e-03
6.011340892291628171e-03
6.241644021065440376e-03
6.464019483246374875e-03
6.745567658799700612e-03
6.908503954764455730e-03
7.292668374429922377e-03
7.472406684246380056e-03
7.764613413019105966e-03
8.086370241653640517e-03
8.327345876023174026e-03
8.593011411721817455e-03
8.827347966143862107e-03
8.995043981121853341e-03
9.134158692904747329e-03
9.354984521633014777e-03
9.493852820014581084e-03
9.658955587656236491e-03
9.878551147994584641e-03
9.915120736695825360e-03
1.007497249520383775e-02
1.023315688071306864e-02
1.053402706165798043e-02
1.079279562691226602e-02
1.096344733377918601e-02
1.117267099325545097e-02
1.128225731372367591e-02
1.124348209705203737e-02
1.142219731409568374e-02
1.143167404225096072e-02
1.146476722205989028e-02
1.147028718260116945e-02
1.153658030962105910e-02
1.160443246481008758e-02
1.155907636275515030e-02
1.167718299548141728e-02
1.178466457640752266e-02
1.171788000501692260e-02
1.169549333280883729e-02
1.172572673240210826e-02
1.161853305529803038e-02
1.159786981006618624e-02
1.159040340571664343e-02
1.146903484477661619e-02
1.141647468321025337e-02
1.136726778349839151e-02
1.140720351831987431e-02
1.132664748001843691e-02
1.133508851344231481e-02
1.125734485685825348e-02
1.126162900764029508e-02
1.114612845412921160e-02
1.122295338427647948e-02
1.142344409017823602e-02
1.152556548477150569e-02
1.158765055006369914e-02
1.160647170327138225e-02
1.160740608465857769e-02
1.167401175480336020e-02
1.166253349801991100e-02
1.160939660621806979e-02
1.158042463357560406e-02
1.162194323551375350e-02
1.154245958314277162e-02
1.155695151246618514e-02
1.153854573203716427e-02
1.152760103286709636e-02
1.157054893265012721e-02
1.158886530029121752e-02
1.154027215379755875e-02
1.160385775147005846e-02
1.180073392752092366e-02
1.210079370648600196e-02
1.220594223414082045e-02
1.229829462245106766e-02
1.232095907325856353e-02
1.229951457353308832e-02
1.224021143571007997e-02
1.220747929473873193e-02
1.229139437491539796e-02
1.227822480723261833e-02
1.246723385120276396e-02
1.270751788397319650e-02
1.283871604828163912e-02
1.290185504185501451e-02
1.289748365816194633e-02
1.294115820201113820e-02
1.290940165927167982e-02
1.284444276243448292e-02
1.283129918447229942e-02
1.281655573984608054e-02
1.272221594699658384e-02
1.271565287606790662e-02
1.268787829030770808e-02
1.263949136482551625e-02
1.258183865866158158e-02
1.250178962072823197e-02
1.252485087607055868e-02
1.241356886748690158e-02
1.227799752959981595e-02
1.225804628920741310e-02
1.214493016595952213e-02
1.204572201822884381e-02
1.195554091536905547e-02
1.196427351387683267e-02
1.203333225566893816e-02
1.229581035440787708e-02
1.246984828030690481e-02
1.251467169495299424e-02
1.263626549625769188e-02
1.268866019672714243e-02
1.273672904644627089e-02
1.275416465941816603e-02
1.277190132241230389e-02
1.277727224223781412e-02
1.277427638997323880e-02
1.279274312255438383e-02
1.276483031106181477e-02
1.272584640246350249e-02
1.275032650737557491e-02
1.274418978428002412e-02
1.270863686804659699e-02
1.267329027759842540e-02
1.257834137068130145e-02
1.262757890217471902e-02
1.256539555324707146e-02
1.251202889252454008e-02
1.243081180437002366e-02
1.230072553444188158e-02
1.216818365792278131e-02
1.208664408477488905e-02
1.204705816344358096e-02
1.201453413814306329e-02
1.199768817750737106e-02
1.199340705934446270e-02
1.198401051515247603e-02
1.199028159026056459e-02
1.196883802476804773e-02
1.194084973831195315e-02
1.190869934216607327e-02
1.188142070313915645e-02
1.190218009869568015e-02
1.180939795449376106e-02
1.185604440688621183e-02
1.181790271948557347e-02
1.173611522535793553e-02
1.173669541603885626e-02
1.167956229182891617e-02
1.162144315894693067e-02
1.158597400062717428e-02
1.154372362070716848e-02
1.145724069210700760e-02
1.146979533659759840e-02
1.144308110815472901e-02
1.148309542913921247e-02
1.144873846787959268e-02
1.143947505042888259e-02
1.144684614846482908e-02
1.145254940201994101e-02
1.142834627826232533e-02
1.142636389995459537e-02
1.143071086262352834e-02
1.144188825273886358e-02
1.143335181695874850e-02
1.143844837788492511e-02
1.143686761497519910e-02
1.143996971077285672e-02
1.143617425987031311e-02
1.145246690430212766e-02
1.143634426116477663e-02
1.144419129705056583e-02
1.143906890938524087e-02
1.140108828840311582e-02
1.140514957078266924e-02
1.140928631648421322e-02
1.141138646926265210e-02
1.145380267989821663e-02
1.145783810934517498e-02
1.146037676080595771e-02
1.145268908585421810e-02
1.143886979261878913e-02
1.146722776175010915e-02
1.143333457875996863e-02
1.146368132322095335e-02
1.142264567606616696e-02
1.144306095084175398e-02
1.143954810104332899e-02
1.143850727239623631e-02
1.142233404971193522e-02
1.143499247555155272e-02
1.144018559716641903e-02
1.144588001479860360e-02
1.146244026022031834e-02
1.143491967231966520e-02
1.145018039678689058e-02
1.147022779623512248e-02
1.147549138986505603e-02
1.145400432869791985e-02
1.146272697660606285e-02
1.143965427181683515e-02
1.142571824311744422e-02
1.144712110108230332e-02
1.144719675648957560e-02
1.143886962090618839e-02
1.143738061655312846e-02
1.141778113669715891e-02
1.140142708318308065e-02
1.146168414561543614e-02
1.143422229797579417e-02
1.143371914804447442e-02
1.143475721473805572e-02
1.141568797756917740e-02
1.140626549022272229e-02
1.143087079690303584e-02
1.142904113221447984e-02
1.142930159694515238e-02
1.140038397861644660e-02
1.141809245746117085e-02
1.142579338047653402e-02
1.143110409902874450e-02
1.140208913711831043e-02
1.138371248380281101e-02
1.139985626505222137e-02
1.140576592879369820e-02
1.140390454675071011e-02
1.140074367285706138e-02
1.137517196475528250e-02
1.139088256168179283e-02
1.136925221071578493e-02
1.140682737168390373e-02
1.136390146566554869e-02
1.139014485233929078e-02
1.139007660094648600e-02
1.136845743458252470e-02
1.140724784927442739e-02
1.140084448270499776e-02
1.134722421411424841e-02
1.138045958650764009e-02
1.138940934615675395e-02
1.138555231445934589e-02
1.137191512389108469e-02
1.137324658920988406e-02
1.134659663657657837e-02
1.133175361901521752e-02
1.135411557042971184e-02
1.135910627781413530e-02
1.136303784442134132e-02
1.135436191107146511e-02
1.137302473944146186e-02
1.132623304729349877e-02
1.133208328392356669e-02
1.128999035281594808e-02
1.132248314970638568e-02
1.132789626135490869e-02
1.132828743720892817e-02
1.133393773925490608e-02
1.131052717973943765e-02
1.130399401008617098e-02
1.128927880199626088e-02
1.126020643278025091e-02
1.124248827109113405e-02
1.124067814380396227e-02
1.126383345108479192e-02
1.124913989042397588e-02
1.125199942034669186e-02
1.122697079845238512e-02
1.125848558440338890e-02
1.122759887075517292e-02
1.125061686907429317e-02
1.126220477744937012e-02
1.125101444777101313e-02
1.127003306173719396e-02
1.130006220773793757e-02
1.127114457194693456e-02
1.126569935295265203e-02
1.125541162327863345e-02
1.125397193245589698e-02
1.124032029474619776e-02
1.123667328502051498e-02
1.122925413947086816e-02
1.120956047961954062e-02
1.121579718310385977e-02
1.115776505903340841e-02
1.114872941689100047e-02
1.114825782715342904e-02
1.115081930474843760e-02
1.114046114671509748e-02
1.114617414423264494e-02
1.117035286442842265e-02
1.114332805154845049e-02
1.115292812173720484e-02
1.112465387850534136e-02
1.112287052965257352e-02
1.108107425388880039e-02
1.109731403994373977e-02
1.110741660813801060e-02
1.110043883381877164e-02
1.108352182782255078e-02
1.108721356431487982e-02
1.107646666641812737e-02
1.107257553958334098e-02
1.104335764830466360e-02
1.105445539578795398e-02
1.105620344169437955e-02
1.107023973017931019e-02
1.101071577286347712e-02
1.102755503670778056e-02
1.100665466801729019e-02
1.101692386146169156e-02
1.099464960570912739e-02
1.103085184877272695e-02
1.098199816187843750e-02
1.098969141021370957e-02
1.096371698367875139e-02
1.097077234589960426e-02
1.098158386885188589e-02
1.097652028547599877e-02
1.093786266865208814e-02
1.097988016554154490e-02
1.096335499023553053e-02
1.097291480109561200e-02
1.097556814493145724e-02
1.099575584230478784e-02
1.099356970225926454e-02
1.096124649920966407e-02
1.099957400001585518e-02
1.098320089804474299e-02
1.095184602017980000e-02
1.093503902666270733e-02
1.094978379551321199e-02
1.095337150327395717e-02
1.094512813142500818e-02
1.092465160181745921e-02
1.094242246472276747e-02
1.097764592268504237e-02
1.095136305084451998e-02
1.094486781512387166e-02
1.089648928027600085e-02
1.090294516179710592e-02
1.088946392410434713e-02
1.089621334685944055e-02
1.092230141512118280e-02
1.088561884243972530e-02
1.089875178586225887e-02
1.089881258376408299e-02
1.089686504274140974e-02
1.086976118967868457e-02
1.083807204850018024e-02
1.084927764895837754e-02
1.081449835037346860e-02
1.082428621011786128e-02
1.079261258419137413e-02
1.079136987100355258e-02
1.077916115464177052e-02
1.077859695360530203e-02
1.076428281376138295e-02
1.075298278883565252e-02
1.076446450315415859e-02
1.076065831875894219e-02
1.075670666177757154e-02
1.077486191352363711e-02
1.073883885983377764e-02
1.070719075214583357e-02
1.070445686927996506e-02
1.069780458637978847e-02
1.065957028185948730e-02
1.065762660291511531e-02
1.066286870918702404e-02
1.064596195355988970e-02
1.065218641597311978e-02
1.064023753860965371e-02
1.063770221953746001e-02
1.064311351510696148e-02
1.062353167508263072e-02
1.061582204420119524e-02
1.061333696125075186e-02
1.061730292567517574e-02
1.059108805493451724e-02
1.060852522496134008e-02
1.059389805886894534e-02
1.059765627433080157e-02
1.059243779745884170e-02
1.059913390781730413e-02
1.057820295973215322e-02
1.058454680605791509e-02
1.058833824645262142e-02
1.056749447889160365e-02
1.057331163901835749e-02
1.056704027287196437e-02
1.056974613165948505e-02
1.057872200035490061e-02
1.056082806026097456e-02
1.055493215390015428e-02
1.056455899670254509e-02
1.054646779375616530e-02
1.055557797662913869e-02
1.052708967472426593e-02
1.052895012835506315e-02
1.052858132752589916e-02
1.050086892500985344e-02
1.049949370208196411e-02
1.049285220797173748e-02
1.049059876531828125e-02
1.049940231023356249e-02
1.049517679784912547e-02
1.050485282321460614e-02
1.050833567860536347e-02
1.050355147162918001e-02
1.051043391635175794e-02
1.052194635849446058e-02
1.051781120477244223e-02
1.052493628812953795e-02
1.051609867427032510e-02
1.052040001377463341e-02
1.052112156467046623e-02
1.052210286725312541e-02
1.052294024557340855e-02
1.051474896376021137e-02
1.052182594430632959e-02
1.052483341773040662e-02
1.052921337832231005e-02
1.053410870663356105e-02
1.053171843232121249e-02
1.052272778761107440e-02
1.052485476830042864e-02
1.052062158705666627e-02
1.052130534953903476e-02
1.051650826411787421e-02
1.051849783980287646e-02
1.051814908569212968e-02
1.052512930182274500e-02
1.052104414266068558e-02
1.051826981711201370e-02
1.051578182959929039e-02
1.051217231433838536e-02
1.052111084864009241e-02
1.051932579139247537e-02
1.051434549735858967e-02
1.052019618800841341e-02
1.052518771612085367e-02
1.052308813377749244e-02
1.051979879848658969e-02
1.051261563552543556e-02
1.051800090644974296e-02
1.051562664215452934e-02
1.051476027641911129e-02
1.051337118551600759e-02
1.051961316843517090e-02
1.051434096880257164e-02
1.051584816596005077e-02
1.050392619508784195e-02
1.051235577906481887e-02
1.050259813200682402e-02
1.049483735114336083e-02
1.051003480970393901e-02
1.049563883570954134e-02
1.051364731101784786e-02
1.051549827097915044e-02
1.051798039989080245e-02
1.051364620507229050e-02
1.051197213819250395e-02
1.051562964275945013e-02
1.051621912629343604e-02
1.051655241171829333e-02
1.051655548217240652e-02
1.051331031485460733e-02
1.051368964544963092e-02
1.050924824376124958e-02
1.050534193345811253e-02
1.050680760818067938e-02
1.050968388735782320e-02
1.049976238282397320e-02
1.050282099167816272e-02
1.050471243506763061e-02
1.050494881637860020e-02
1.050401579122990300e-02
1.049959581287112156e-02
1.050498804252129013e-02
1.050950790231581708e-02
1.050768622371833771e-02
1.051013735122978757e-02
1.050534461974166403e-02
1.050731162249576335e-02
1.050581522576976568e-02
1.050302862422540853e-02
1.049806371738668496e-02
1.050327137054409866e-02
1.050047749304212560e-02
1.050845353747718001e-02
1.049973784247413243e-02
1.049871468858327647e-02
1.050686474191024969e-02
1.049821802589576657e-02
1.050677181920036708e-02
1.050274823792278836e-02
1.050179999438114430e-02
1.051389373606070876e-02
1.050174441479612142e-02
1.049700767325703089e-02
1.049535130732692778e-02
1.049656391260214185e-02
1.049809907271992415e-02
1.050267392129171709e-02
1.050160669838078389e-02
1.050006848236080190e-02
1.049838062608614633e-02
1.050038090324960718e-02
1.050015355285722693e-02
1.049316829303279484e-02
1.049694023386109690e-02
1.048982537176925724e-02
1.049211919889785419e-02
1.049980232201050932e-02
1.049401275813579594e-02
1.050062784925103257e-02
1.049948870204389130e-02
1.049845150264445623e-02
1.049707992351613974e-02
1.050142044259700855e-02
1.048355940147303010e-02
1.047783967806026340e-02
1.049039786739740590e-02
1.049155342625454103e-02
1.048530788102652878e-02
1.048410311050247332e-02
1.047845008724834770e-02
1.048433093528728863e-02
1.048043074843008071e-02
1.049064167600590770e-02
1.048270761384628713e-02
1.049101714743301203e-02
1.048176047625020216e-02
1.047535499383229693e-02
1.048384988971520250e-02
1.046384432702325215e-02
1.047489310149103334e-02
1.047343253449071164e-02
1.047735715110320598e-02
1.047599772282410344e-02
1.048124071385245736e-02
1.048307065211702069e-02
1.048040798341389780e-02
1.047869799658656190e-02
1.046486601117067004e-02
1.047756397456396302e-02
1.048159057390876149e-02
1.048904245544690639e-02
1.048071196710225264e-02
1.049502091191243346e-02
1.049131678882986307e-02
1.048628992284648086e-02
1.048649958102032542e-02
1.048089719552081078e-02
1.048645490081980859e-02
1.048192883317824488e-02
1.047526030160952394e-02
1.047988226346205885e-02
1.048496494477149134e-02
1.047712533618323436e-02
1.046940868545789306e-02
1.046994985372293706e-02
1.046652746153995360e-02
1.046362800698261673e-02
1.046101268730126321e-02
1.045905443606898189e-02
1.046005274693015928e-02
1.046169597830157692e-02
1.045700334070715984e-02
1.045543972577434033e-02
1.044996178825385869e-02
1.045199529326055164e-02
1.045462318288628047e-02
1.044870710466056993e-02
1.044815058412496001e-02
1.043666375917382504e-02
1.043240063590928843e-02
