5.022952529191970683e+01
2.384475955367088318e+01
1.469061491191387248e+01
1.171655535101890599e+01
9.894362390041351318e+00
8.446168413758277538e+00
7.134799854457378743e+00
6.338967445492744268e+00
5.640284979343414662e+00
5.150667023658752619e+00
4.632012554258108317e+00
4.211717152595520375e+00
3.857935516536235898e+00
3.478005161136388690e+00
3.191880935430526645e+00
2.980384030193090616e+00
2.790334058552980334e+00
2.559182579070329755e+00
2.413867294788360596e+00
2.299567920714616687e+00
2.152803458273410797e+00
2.059171969443559735e+00
1.971727842092513949e+00
1.884049578756094023e+00
1.801552725583314807e+00
1.734644478932023004e+00
1.687673157081007957e+00
1.633539551496505648e+00
1.563652921840548604e+00
1.506467599049210460e+00
1.485932264849543660e+00
1.454902356117963702e+00
1.449357075989246457e+00
1.408530818670988172e+00
1.390219290927052542e+00
1.374063076078891665e+00
1.357726529985666231e+00
1.342669135704636529e+00
1.356614933535456702e+00
1.342378918454051107e+00
1.323701437935233205e+00
1.320246803015470594e+00
1.319040962681174323e+00
1.318186516687273935e+00
1.306490214169025332e+00
1.300853782147169069e+00
1.305663817003369420e+00
1.300698258727788881e+00
1.295732755586505025e+00
1.293998188525438353e+00
1.294345487654209093e+00
1.293010593205690340e+00
1.286779740452766330e+00
1.290370413288474127e+00
1.282202520594000861e+00
1.282235065847635358e+00
1.275270668789744377e+00
1.273167248442768962e+00
1.270534371584653766e+00
1.267265688627958298e+00
1.260206001251936048e+00
1.262059016153216362e+00
1.258791238069534302e+00
1.259065641090273857e+00
1.258838949352502734e+00
1.260154067352414087e+00
1.257403913885354996e+00
1.258568189293146178e+00
1.258027446269988969e+00
1.256092038005590439e+00
1.257311140745878131e+00
1.259148424491286278e+00
1.256532434001564891e+00
1.254040883854031563e+00
1.251535939052700996e+00
1.249904169887304350e+00
1.247267170622944787e+00
1.247037095576524646e+00
1.246109709516167730e+00
1.245500656217336743e+00
1.242413279786706015e+00
1.239778624847531319e+00
1.242197011783719107e+00
1.237831306084990590e+00
1.234090768173337072e+00
1.236888545751571700e+00
1.233746159449219615e+00
1.232160146534442946e+00
1.231493679806590080e+00
1.232042798027396246e+00
1.230814417451620013e+00
1.229264370352029845e+00
1.230252495408058255e+00
1.229693303257227033e+00
1.229868596792221158e+00
1.230239306017756551e+00
1.229597751423716634e+00
1.229547780379653066e+00
1.230222538486123174e+00
1.229504514113068492e+00
1.229991083219647452e+00
1.229605475440621376e+00
1.228663434460759207e+00
1.228135064989328340e+00
1.228441766649484679e+00
1.230208843573927791e+00
1.229375313594937236e+00
1.228154114261269525e+00
1.228667571023106531e+00
1.229370170086622194e+00
1.229632598161697343e+00
1.229210237413644879e+00
1.228778329491615251e+00
1.230064303427934602e+00
1.227926983684301421e+00
1.228931486234068782e+00
1.227524995803833008e+00
1.225757111236453145e+00
1.226579187810421079e+00
1.222624032199382871e+00
1.221977384388446719e+00
1.222586384788155511e+00
1.222979405149817511e+00
1.223077695816755295e+00
1.222506882995367139e+00
1.222568906843662262e+00
1.223182245716452510e+00
1.221769664064049632e+00
1.222672476246952966e+00
1.221815377101302058e+00
1.221470082178711891e+00
1.222829802706837610e+00
1.223029021918773607e+00
1.222042831405997232e+00
1.221755003929138272e+00
1.222213314473628909e+00
1.222752144932746976e+00
1.222097213566303298e+00
1.221494150161743120e+00
1.222637188062071889e+00
1.222931584715843290e+00
1.222936103120446205e+00
1.222039224952459424e+00
1.222755315899848982e+00
1.222136783599853560e+00
1.223645300045609563e+00
1.221513338014483363e+00
1.223103142529726073e+00
1.222449322044849351e+00
1.222121066972613246e+00
1.222155655920505568e+00
1.221292109787464053e+00
1.222794026136398315e+00
1.222486742213368505e+00
1.221590903028845876e+00
1.221924766525626094e+00
1.222029836475849063e+00
1.221909336373209864e+00
1.222130446508526758e+00
1.222466991841792971e+00
1.224368829280138016e+00
1.221631647273898169e+00
1.222003433480858714e+00
1.223812025785446123e+00
1.221720770001411438e+00
1.222192843630909964e+00
1.222585413604974747e+00
1.221288516372442290e+00
1.222272514924406916e+00
1.222384469583630562e+00
1.221789168566465467e+00
1.221964832767844289e+00
1.222232304513454437e+00
1.222178277000784963e+00
1.225834163650870279e+00
1.220961960405111402e+00
1.221395157277584076e+00
1.221587349101901143e+00
1.223261151835322469e+00
1.221679063141345889e+00
1.221159107610583217e+00
1.221498371660709292e+00
1.222352296113967896e+00
1.220969162136316344e+00
1.222461937367916196e+00
1.221054944023489908e+00
1.221392563730478331e+00
1.222241573408246129e+00
1.223553030192852109e+00
1.222628460451960608e+00
1.221763634681701571e+00
1.224018793553113937e+00
1.221998299285769418e+00
1.221402376517653376e+00
1.221755379810929298e+00
1.222779039666056722e+00
1.223341488093137697e+00
1.221406146511435420e+00
1.222739003598690033e+00
1.221988031268119723e+00
1.222847281396389096e+00
1.221782442927360490e+00
1.221628364175558090e+00
1.221948632970452309e+00
1.221138076111674353e+00
1.221639589220285371e+00
1.222322269529104277e+00
1.222561682015657514e+00
1.222838213667273521e+00
1.221805677562951997e+00
1.221885090693831444e+00
1.221499252319335982e+00
1.222836695238947780e+00
1.221398199722170785e+00
1.221946815028786659e+00
1.221291217207908675e+00
1.222133658826351166e+00
1.222897785156965345e+00
1.221623759716749191e+00
1.222464704513549716e+00
1.222111703827977180e+00
1.221324863657355264e+00
1.222796993330121040e+00
1.224309241399168968e+00
1.221648150309920355e+00
1.220605652034282729e+00
1.222073414549231574e+00
1.222640604153275579e+00
1.222061749175190837e+00
1.221064109727740377e+00
1.221633144468069032e+00
1.221375899389386177e+00
1.221328834071755409e+00
1.221655961498618215e+00
1.222283724695444107e+00
1.221691557765006930e+00
1.222420616075396538e+00
1.222539845108985945e+00
1.222232505306601436e+00
1.220760776475071863e+00
1.221967672556638629e+00
1.223242933675646738e+00
1.222730802744627088e+00
1.221513907238841012e+00
1.222917753830552012e+00
1.221632065623998731e+00
1.222585703805088908e+00
1.222301377728581384e+00
1.221492345258593515e+00
1.221769442036747977e+00
1.221533320844173431e+00
1.222395500168204308e+00
1.220500003919005483e+00
1.223088249936699956e+00
1.222723039239645093e+00
1.221200681105256036e+00
1.222002362087369010e+00
1.221414509415626570e+00
1.221238503605127423e+00
1.222238926589489072e+00
1.222923901677131608e+00
1.221462968736886978e+00
1.222089846059680074e+00
1.220312881469726607e+00
1.221795612201094672e+00
1.221175738051533788e+00
1.222092808783054263e+00
1.221490473672747656e+00
1.220576464757323176e+00
1.221797246485948563e+00
1.222571275755762965e+00
1.222514136135578244e+00
1.221268310397863432e+00
1.221894708648324057e+00
1.223599231615662530e+00
1.222165221348404884e+00
1.221175677329301879e+00
1.221051465347409160e+00
1.221350942179560750e+00
1.222264232113957405e+00
1.222736815735697702e+00
1.222031017020344779e+00
1.222250610217451960e+00
1.222235480695962995e+00
1.222169857472181320e+00
1.221747093647718385e+00
1.222054175287485167e+00
1.221863042563199997e+00
1.223047421500086829e+00
1.222254253923892975e+00
1.220914499461650760e+00
1.222348387166857675e+00
1.221898310258984655e+00
1.220648884028196379e+00
1.221267348155379295e+00
1.223288210853934244e+00
1.222687185928225562e+00
1.221281674504280046e+00
1.221360677853226662e+00
1.222527835890650838e+00
1.272518253326416104e+00
1.273243502900004431e+00
1.273456487804651260e+00
1.273897004500031516e+00
1.271289908140897706e+00
1.272586467117071241e+00
1.272713645175099328e+00
1.272224311530590013e+00
1.272064837440848306e+00
1.271746007353067309e+00
1.270289739221334369e+00
1.269527117162942975e+00
1.269108887389302165e+00
1.269372788071632341e+00
1.269366289302706674e+00
1.269341409951448396e+00
1.269933044910430908e+00
1.270013187080621719e+00
1.268829957023263066e+00
1.268400621041655629e+00
1.268516316637396724e+00
1.267393596842885106e+00
1.269058663025498301e+00
1.267666660621762365e+00
1.267080483585595996e+00
1.266020885109901517e+00
1.266731539741158485e+00
1.265936922654509633e+00
1.267647470161318735e+00
1.267762441560626119e+00
1.266856595501303584e+00
1.266987123340368226e+00
1.268128396198153540e+00
1.265075940638780594e+00
1.266230480000376746e+00
1.266502119600772858e+00
1.267027193680405617e+00
1.265787616744637578e+00
1.267390814796090170e+00
1.267784090340137393e+00
1.266008013859391212e+00
1.266946304589509964e+00
1.267021661251783282e+00
1.265579380467534154e+00
1.266306940093636424e+00
1.267437789589166641e+00
1.263750502094626471e+00
1.264359418675303548e+00
1.262966531515121504e+00
1.261104529350995929e+00
1.260840099304914474e+00
1.260694571211934178e+00
1.260193765535950750e+00
1.260700783506035760e+00
1.260539384931326001e+00
1.261159508302807764e+00
1.260109161585569293e+00
1.259540906921029046e+00
1.260294866561889604e+00
1.261374824866652533e+00
1.260343434289097786e+00
1.260374441370367915e+00
1.260316372662782625e+00
1.259777679294347807e+00
1.261119675636291459e+00
1.260669818148016930e+00
1.260827153921127319e+00
1.260836493968963579e+00
1.259583042934536934e+00
1.259728345647454173e+00
1.259895315021276385e+00
1.262647303566336587e+00
1.260293325409293175e+00
1.258896742016077042e+00
1.260196553170680911e+00
1.260702886432409242e+00
1.262394161894917488e+00
1.260331732034683183e+00
1.261565827950835272e+00
1.259829168021678880e+00
1.260415424779057547e+00
1.260270765423774808e+00
1.261110522970557257e+00
1.259717772156000226e+00
1.258850645273923874e+00
1.259712589159607932e+00
1.260608676075935408e+00
1.260672226175665767e+00
1.259453301876783282e+00
1.260602218285203024e+00
1.261773419752717063e+00
1.259961929172277451e+00
1.261528958752751395e+00
1.260510420426726341e+00
1.260959667339921042e+00
1.260781843215227127e+00
1.259667491912841886e+00
1.259935094788670495e+00
1.259536563605070159e+00
1.260584748908877284e+00
1.259892077744007022e+00
1.260235074162483260e+00
1.259570667892694562e+00
1.261374720931053073e+00
1.259945651888847440e+00
1.260575255751609891e+00
1.261300022527575448e+00
1.259394901990890547e+00
1.259413705021142915e+00
1.260076902806758881e+00
1.261153817549347966e+00
1.259922163933515638e+00
1.259578057006001561e+00
1.261735254898667336e+00
1.258919630944728807e+00
1.258501651138067334e+00
1.260191540420055434e+00
1.259851757809519857e+00
1.259558509290218398e+00
1.260335792228579610e+00
1.259264908358454615e+00
1.261011819913983256e+00
1.259663098305463746e+00
1.259534007310867398e+00
1.260954581573605626e+00
1.261986049637198404e+00
1.261079366505146071e+00
1.260913322493433908e+00
1.260110589116811841e+00
1.260147240757942155e+00
1.259840278699994043e+00
1.260105149075388953e+00
1.259526794031262442e+00
1.259322708845138639e+00
1.259885416924953372e+00
1.259407580643892244e+00
1.260331828892230943e+00
1.259102591499686286e+00
1.260217138752341315e+00
1.258411126211285591e+00
1.260470408946275711e+00
1.259168958291411400e+00
1.259433617070317313e+00
1.258583085611462593e+00
1.258662835136056035e+00
1.258144146203994840e+00
1.258170805871486664e+00
1.258999866247177080e+00
1.258841805160045624e+00
1.258918799459934235e+00
1.258789969235658557e+00
1.258123338222503662e+00
1.258916696533560753e+00
1.258687455579638570e+00
1.259469767659902484e+00
1.258532308042049408e+00
1.259245966374874071e+00
1.258162794262170703e+00
1.258188605681061834e+00
1.257980145886540502e+00
1.258231960237026215e+00
1.260396711155772120e+00
1.257411113753914789e+00
1.258910197019577071e+00
1.258799302577972457e+00
1.257975807413458824e+00
1.258621062710881144e+00
1.258956342190504119e+00
1.258244826644659087e+00
1.258686532825231463e+00
1.261106109246611595e+00
1.257729567959904760e+00
1.258600366860628039e+00
1.259144780784845263e+00
1.259751300513744399e+00
1.258288594335317701e+00
1.259159710630774587e+00
1.258223709464073137e+00
1.257654758915305093e+00
1.258821919932961553e+00
1.257714143395423978e+00
1.257032091170549482e+00
1.257774203643202693e+00
1.257017788290977434e+00
1.257080700993537858e+00
1.256992185860872357e+00
1.256228606030344919e+00
1.257899589836597443e+00
1.258073087781667709e+00
1.256015899032354444e+00
1.257269502803683325e+00
1.255948313698172614e+00
1.256605406850576312e+00
1.256682621687650769e+00
1.255971412733197123e+00
1.256944376230239913e+00
1.255318092182278633e+00
1.256955842673778578e+00
1.257034448906779289e+00
1.256736811250448227e+00
1.256427864730358168e+00
1.255778709053993136e+00
1.257693349197506860e+00
1.256292805448174565e+00
1.256397833302617117e+00
1.255737349018454463e+00
1.256375760957598731e+00
1.255669206753373235e+00
1.256984685361385301e+00
1.256228814274072736e+00
1.255832060053944543e+00
1.258110547810793012e+00
1.255908294022083371e+00
1.257206830754876048e+00
1.256629683822393373e+00
1.258254799619316966e+00
1.255902796983718872e+00
1.257048168033361391e+00
1.256321833282709077e+00
1.256591108813881918e+00
1.256624544039368629e+00
1.256628943979740232e+00
1.256099804490804717e+00
1.257952912896871611e+00
1.255234052985906512e+00
1.255974847823381424e+00
1.258116883039474443e+00
1.256515736505389169e+00
1.256407579034566790e+00
1.256866876780986741e+00
1.256828972697257907e+00
1.256558877974748523e+00
1.256652443483471826e+00
1.256857215985655696e+00
1.255467023327946574e+00
1.256870661303401082e+00
1.257948046177625567e+00
1.257206901535391719e+00
1.256243317574262663e+00
1.257277731969952628e+00
1.255350433662533849e+00
1.258316693454980761e+00
1.257126890867948488e+00
1.255927531048655510e+00
1.257924936711788177e+00
1.256560106948018118e+00
1.255302233621478081e+00
1.256434752419590906e+00
1.256886195391416550e+00
1.256053856015205472e+00
1.256101572513580233e+00
1.257831007614731877e+00
1.258128612861037166e+00
1.256593292579054832e+00
1.256595999747514680e+00
1.258041600510477975e+00
1.255618888512253672e+00
1.256443088129162833e+00
1.256990562751889140e+00
1.255847466364502951e+00
1.256347025558352426e+00
1.257834968715906054e+00
1.255819903686642647e+00
1.256884004920721054e+00
1.257642718032002449e+00
1.255768659338355020e+00
1.255561437085270793e+00
1.255623831599950835e+00
1.257842134684324265e+00
1.255697512626647860e+00
1.257814907282590822e+00
1.256757935136556537e+00
1.256166705489158542e+00
1.257315584272146181e+00
1.256421484425664037e+00
1.255315144732594534e+00
1.257496980950236320e+00
1.256279235333204181e+00
1.257095905393362134e+00
1.256482436135411218e+00
1.256589004397392184e+00
1.256140577420592264e+00
1.256117015331983611e+00
1.257046314328909009e+00
1.255830555036663965e+00
1.256731061637401670e+00
1.257600206881761551e+00
1.256598846986889839e+00
1.256753721088170961e+00
1.257653413712978452e+00
1.255870790407061621e+00
1.257740579172968776e+00
1.256939679756760686e+00
1.256798381730914071e+00
1.256099665910005658e+00
1.256121652945876077e+00
1.255764388665556952e+00
1.255676050111651509e+00
1.255136168003082364e+00
1.257005868852138608e+00
