5.022952529191970683e+01
2.384475955367088318e+01
1.469061491191387248e+01
1.171655535101890599e+01
9.894362390041351318e+00
8.446168413758277538e+00
7.134799854457378743e+00
6.338967445492744268e+00
5.640284979343414662e+00
5.150667023658752619e+00
4.632012554258108317e+00
4.211717152595520375e+00
3.857935516536235898e+00
3.478005161136388690e+00
3.191880935430526645e+00
2.980384030193090616e+00
2.790334058552980334e+00
2.559182579070329755e+00
2.413867294788360596e+00
2.299567920714616687e+00
2.152803458273410797e+00
2.059171969443559735e+00
1.971727842092513949e+00
1.884049578756094023e+00
1.801552725583314807e+00
1.734644478932023004e+00
1.687673157081007957e+00
1.633539551496505648e+00
1.563652921840548604e+00
1.506467599049210460e+00
1.485932264849543660e+00
1.454902356117963702e+00
1.449357075989246457e+00
1.408530818670988172e+00
1.390219290927052542e+00
1.374063076078891665e+00
1.357726529985666231e+00
1.342669135704636529e+00
1.356614933535456702e+00
1.342378918454051107e+00
1.323701437935233205e+00
1.320246803015470594e+00
1.319040962681174323e+00
1.318186516687273935e+00
1.306490214169025332e+00
1.300853782147169069e+00
1.305663817003369420e+00
1.300698258727788881e+00
1.295732755586505025e+00
1.293998188525438353e+00
1.294345487654209093e+00
1.293010593205690340e+00
1.286779740452766330e+00
1.290370413288474127e+00
1.282202520594000861e+00
1.282235065847635358e+00
1.275270668789744377e+00
1.273167248442768962e+00
1.270534371584653766e+00
1.267265688627958298e+00
1.260206001251936048e+00
1.262059016153216362e+00
1.258791238069534302e+00
1.259065641090273857e+00
1.258838949352502734e+00
1.260154067352414087e+00
1.257403913885354996e+00
1.258568189293146178e+00
1.258027446269988969e+00
1.256092038005590439e+00
1.257311140745878131e+00
1.259148424491286278e+00
1.256532434001564891e+00
1.254040883854031563e+00
1.251535939052700996e+00
1.249904169887304350e+00
1.247267170622944787e+00
1.247037095576524646e+00
1.246109709516167730e+00
1.245500656217336743e+00
1.242413279786706015e+00
1.239778624847531319e+00
1.242197011783719107e+00
1.237831306084990590e+00
1.234090768173337072e+00
1.236888545751571700e+00
1.233746159449219615e+00
1.232160146534442946e+00
1.231493679806590080e+00
1.232042798027396246e+00
1.230814417451620013e+00
1.229264370352029845e+00
1.230252495408058255e+00
1.229693303257227033e+00
1.229868596792221158e+00
1.230239306017756551e+00
1.229597751423716634e+00
1.229547780379653066e+00
1.230222538486123174e+00
1.229504514113068492e+00
1.229991083219647452e+00
1.229605475440621376e+00
1.228663434460759207e+00
1.228135064989328340e+00
1.228441766649484679e+00
1.230208843573927791e+00
1.229375313594937236e+00
1.228154114261269525e+00
1.228667571023106531e+00
1.229370170086622194e+00
1.229632598161697343e+00
1.229210237413644879e+00
1.228778329491615251e+00
1.230064303427934602e+00
1.227926983684301421e+00
1.228931486234068782e+00
1.227524995803833008e+00
1.225757111236453145e+00
1.226579187810421079e+00
1.222624032199382871e+00
1.221977384388446719e+00
1.222586384788155511e+00
1.222979405149817511e+00
1.223077695816755295e+00
1.222506882995367139e+00
1.222568906843662262e+00
1.223182245716452510e+00
1.221769664064049632e+00
1.222672476246952966e+00
1.221815377101302058e+00
1.221470082178711891e+00
1.222829802706837610e+00
1.223029021918773607e+00
1.222042831405997232e+00
1.221755003929138272e+00
1.222213314473628909e+00
1.222752144932746976e+00
1.222097213566303298e+00
1.221494150161743120e+00
1.222637188062071889e+00
1.222931584715843290e+00
1.222936103120446205e+00
1.222039224952459424e+00
1.222755315899848982e+00
1.222136783599853560e+00
1.223645300045609563e+00
1.221513338014483363e+00
1.223103142529726073e+00
1.222449322044849351e+00
1.222121066972613246e+00
1.222155655920505568e+00
1.221292109787464053e+00
1.222794026136398315e+00
1.222486742213368505e+00
1.221590903028845876e+00
1.221924766525626094e+00
1.222029836475849063e+00
1.221909336373209864e+00
1.222130446508526758e+00
1.222466991841792971e+00
1.224368829280138016e+00
1.221631647273898169e+00
1.222003433480858714e+00
1.223812025785446123e+00
1.221720770001411438e+00
1.222192843630909964e+00
1.222585413604974747e+00
1.221288516372442290e+00
1.222272514924406916e+00
1.222384469583630562e+00
1.221789168566465467e+00
1.221964832767844289e+00
1.222232304513454437e+00
1.222178277000784963e+00
1.225834163650870279e+00
1.220961960405111402e+00
1.221395157277584076e+00
1.221587349101901143e+00
1.223261151835322469e+00
1.221679063141345889e+00
1.221159107610583217e+00
1.221498371660709292e+00
1.222352296113967896e+00
1.220969162136316344e+00
1.222461937367916196e+00
1.221054944023489908e+00
1.221392563730478331e+00
1.222241573408246129e+00
1.223553030192852109e+00
1.222628460451960608e+00
1.221763634681701571e+00
1.224018793553113937e+00
1.221998299285769418e+00
1.221402376517653376e+00
1.221755379810929298e+00
1.222779039666056722e+00
1.223341488093137697e+00
1.221406146511435420e+00
1.222739003598690033e+00
1.221988031268119723e+00
1.222847281396389096e+00
1.221782442927360490e+00
1.221628364175558090e+00
1.221948632970452309e+00
1.221138076111674353e+00
1.221639589220285371e+00
1.222322269529104277e+00
1.222561682015657514e+00
1.222838213667273521e+00
1.221805677562951997e+00
1.221885090693831444e+00
1.221499252319335982e+00
1.222836695238947780e+00
1.221398199722170785e+00
1.221946815028786659e+00
1.221291217207908675e+00
1.222133658826351166e+00
1.222897785156965345e+00
1.221623759716749191e+00
1.222464704513549716e+00
1.222111703827977180e+00
1.221324863657355264e+00
1.222796993330121040e+00
1.224309241399168968e+00
1.221648150309920355e+00
1.220605652034282729e+00
1.222073414549231574e+00
1.222640604153275579e+00
1.222061749175190837e+00
1.221064109727740377e+00
1.221633144468069032e+00
1.221375899389386177e+00
1.221328834071755409e+00
1.221655961498618215e+00
1.222283724695444107e+00
1.221691557765006930e+00
1.222420616075396538e+00
1.222539845108985945e+00
1.222232505306601436e+00
1.220760776475071863e+00
1.221967672556638629e+00
1.223242933675646738e+00
1.222730802744627088e+00
1.221513907238841012e+00
1.222917753830552012e+00
1.221632065623998731e+00
1.222585703805088908e+00
1.222301377728581384e+00
1.221492345258593515e+00
1.221769442036747977e+00
1.221533320844173431e+00
1.222395500168204308e+00
1.220500003919005483e+00
1.223088249936699956e+00
1.222723039239645093e+00
1.221200681105256036e+00
1.222002362087369010e+00
1.221414509415626570e+00
1.221238503605127423e+00
1.222238926589489072e+00
1.222923901677131608e+00
1.221462968736886978e+00
1.222089846059680074e+00
1.220312881469726607e+00
1.221795612201094672e+00
1.221175738051533788e+00
1.222092808783054263e+00
1.221490473672747656e+00
1.220576464757323176e+00
1.221797246485948563e+00
1.222571275755762965e+00
1.222514136135578244e+00
1.221268310397863432e+00
1.221894708648324057e+00
1.223599231615662530e+00
1.222165221348404884e+00
1.221175677329301879e+00
1.221051465347409160e+00
1.221350942179560750e+00
1.222264232113957405e+00
1.222736815735697702e+00
1.222031017020344779e+00
1.222250610217451960e+00
1.222235480695962995e+00
1.222169857472181320e+00
1.221747093647718385e+00
1.222054175287485167e+00
1.221863042563199997e+00
1.223047421500086829e+00
1.222254253923892975e+00
1.220914499461650760e+00
1.222348387166857675e+00
1.221898310258984655e+00
1.220648884028196379e+00
1.221267348155379295e+00
1.223288210853934244e+00
1.222687185928225562e+00
1.221281674504280046e+00
1.221360677853226662e+00
1.222527835890650838e+00
1.221147474274039357e+00
1.221916902437806041e+00
1.222190333530306816e+00
1.222711234539747283e+00
1.220234031975269362e+00
1.221639773249626248e+00
1.221825481951236636e+00
1.221457945182919502e+00
1.221321422234177501e+00
1.220968594774603844e+00
1.219617547094821841e+00
1.218838663026690528e+00
1.218471037596464246e+00
1.218786006420850665e+00
1.218727549538016319e+00
1.218733105063438460e+00
1.219371683150529906e+00
1.219468917325138957e+00
1.218281204625964120e+00
1.217899050191044719e+00
1.217929318174719722e+00
1.216809093579649836e+00
1.218413358181714923e+00
1.217010888829827220e+00
1.216424569487571716e+00
1.215402512997388884e+00
1.216043119877576739e+00
1.215252916142344430e+00
1.216957131773233503e+00
1.217107049003243402e+00
1.216152806580066636e+00
1.216273095831275075e+00
1.217442347481846765e+00
1.214419095218181699e+00
1.215572522580623538e+00
1.215889624133706048e+00
1.216378853470087007e+00
1.215148324891924814e+00
1.216811918839812323e+00
1.217170352861285165e+00
1.215439975261688232e+00
1.216347406804561659e+00
1.216424850001931235e+00
1.214982098340988248e+00
1.215698140487074808e+00
1.216753651201724962e+00
1.213027941808104471e+00
1.213568239659071013e+00
1.212096191197633788e+00
1.210166024416685193e+00
1.209859235957264856e+00
1.209724953025579364e+00
1.209143451973795802e+00
1.209657275304198309e+00
1.209500151127576917e+00
1.210100636631250337e+00
1.209047888219356492e+00
1.208470297977328300e+00
1.209228048101067543e+00
1.210333506017923444e+00
1.209278203174471766e+00
1.209306389838457063e+00
1.209274769201874822e+00
1.208712951838970096e+00
1.210058216378092855e+00
1.209592992812395185e+00
1.209754417091608136e+00
1.209755262359976768e+00
1.208486116677522704e+00
1.208674762770533651e+00
1.208858550712466284e+00
1.211596659198403314e+00
1.209217985346913382e+00
1.207821318507194430e+00
1.209108582884073302e+00
1.209592040628194809e+00
1.211316983401775405e+00
1.209241819754242941e+00
1.210465116426348686e+00
1.208733241260051772e+00
1.209305113181471825e+00
1.209112671390175864e+00
1.210042098537087440e+00
1.208565980195999146e+00
1.207743212208151729e+00
1.208600853756070181e+00
1.209559314697980836e+00
1.209591396152973175e+00
1.208349746838212058e+00
1.209574856236577123e+00
1.210716850683092982e+00
1.208899955451488539e+00
1.210486336424946741e+00
1.209485308453440711e+00
1.209952006489038556e+00
1.209692465141415596e+00
1.208611329272389456e+00
1.208881271257996604e+00
1.208454166352748826e+00
1.209554623812437057e+00
1.208854881674051196e+00
1.209167249500751495e+00
1.208525742962956340e+00
1.210322921723127276e+00
1.208904520794749304e+00
1.209599678590893790e+00
1.210267757624387652e+00
1.208375394716858953e+00
1.208385912328958423e+00
1.209045885503292173e+00
1.210101632028818042e+00
1.208887271210551173e+00
1.208513207733631134e+00
1.210708148032426879e+00
1.207864128053188324e+00
1.207471117377281189e+00
1.209175094589590937e+00
1.208819760382175534e+00
1.208522082492709204e+00
1.209306536614894956e+00
1.208257256075739861e+00
1.209969608858227685e+00
1.208676680922508240e+00
1.208571694791316986e+00
1.209992329776287123e+00
1.211088450625538826e+00
1.210157638415694237e+00
1.209991288930177600e+00
1.209217927604913756e+00
1.209251385182142258e+00
1.208949761092662722e+00
1.209162506833672435e+00
1.208642476052045778e+00
1.208396898210048587e+00
1.209016809985041574e+00
1.208555081486701877e+00
1.209493679553270251e+00
1.208297722414136022e+00
1.209384892135858536e+00
1.207532154768705457e+00
1.209584894776344344e+00
1.208322276175022081e+00
1.208572120219469026e+00
1.207719226554036185e+00
1.207809899747371629e+00
1.207262936979532242e+00
1.207232083380222365e+00
1.208028743416071027e+00
1.207851270213723183e+00
1.207980883121490434e+00
1.207802808657288507e+00
1.207123711332678706e+00
1.207882899418473155e+00
1.207643865421414331e+00
1.208406183868646622e+00
1.207432457804679782e+00
1.208219224587082863e+00
1.207115883752703622e+00
1.207081652060151056e+00
1.206940653920173689e+00
1.207180131971836046e+00
1.209313900023698762e+00
1.206326811760664031e+00
1.207824337109923318e+00
1.207759571075439409e+00
1.206893316656351134e+00
1.207533676549792379e+00
1.207881080731749490e+00
1.207192710041999906e+00
1.207587004080414861e+00
1.210016300156712576e+00
1.206616561859846115e+00
1.207462618872523263e+00
1.208013749122619718e+00
1.208525631576776505e+00
1.207063272967934697e+00
1.207886048033833593e+00
1.206903070583939641e+00
1.206374189630150751e+00
1.207449487969279200e+00
1.206328413262963251e+00
1.205536481365561574e+00
1.206209221482276828e+00
1.205418194830417677e+00
1.205425535514950797e+00
1.205280430242419154e+00
1.204543950036168098e+00
1.206167641282081648e+00
1.206319269165396779e+00
1.204217412695288703e+00
1.205460329353809312e+00
1.204083889722824097e+00
1.204783499985933259e+00
1.204860259965062186e+00
1.204138136655092284e+00
1.205095815286040262e+00
1.203443705290555998e+00
1.205077083036303565e+00
1.205132229253649712e+00
1.204817543178796857e+00
1.204502990841865628e+00
1.203861587122082799e+00
1.205802926793694496e+00
1.204427538439631462e+00
1.204507853835821152e+00
1.203857405111193657e+00
1.204495333880186037e+00
1.203753748163580939e+00
1.205093095451593488e+00
1.204281027242541269e+00
1.203914050757884935e+00
1.206241218745708554e+00
1.203998209163546607e+00
1.205317609384656041e+00
1.204738111793994815e+00
1.206372234225273177e+00
1.204019251838326365e+00
1.205179961398243904e+00
1.204429826140403836e+00
1.204677033796906382e+00
1.204732850566506475e+00
1.204727160185575574e+00
1.204203797504305840e+00
1.206041932106018066e+00
1.203302023559808642e+00
1.204076302796602160e+00
1.206267051026225001e+00
1.204640966281294912e+00
1.204517805203795477e+00
1.205002226680517152e+00
1.204935118183493525e+00
1.204678808897733600e+00
1.204757909104227975e+00
1.205008274689316705e+00
1.203579925745725587e+00
1.205018710717558950e+00
1.206100264936685651e+00
1.205365564301609904e+00
1.204407239705324262e+00
1.205396462604403585e+00
1.203489191830158234e+00
1.206448003277182490e+00
1.205217938870191574e+00
1.204063298925757364e+00
1.206032925099134401e+00
1.204651507362723306e+00
1.203385764360427768e+00
1.204561797901988029e+00
1.205000859126448720e+00
1.204166756197810217e+00
1.204247389361262410e+00
1.205996277183294385e+00
1.206308659911155656e+00
1.204742421209812120e+00
1.204736962169408843e+00
1.206164407357573465e+00
1.203756570070982024e+00
1.204610704630613371e+00
1.205111858993768603e+00
1.203989131003618152e+00
1.204450036957859904e+00
1.205926382541656405e+00
1.203919885307550341e+00
1.204981785267591476e+00
1.205762482434511229e+00
1.203870295733213469e+00
1.203642956167459532e+00
1.203698553517460912e+00
1.205953613296151250e+00
1.203835390135645778e+00
1.205984961614012807e+00
1.204861998185515315e+00
1.204296907410025597e+00
1.205431653931736902e+00
1.204568155109882355e+00
1.203431416675448506e+00
1.205604334548115775e+00
1.204391978308558375e+00
1.205237058177590415e+00
1.204617363214492753e+00
1.204691606387495950e+00
1.204286410659551665e+00
1.204254882037639529e+00
1.205117299407720610e+00
1.203945092484354884e+00
1.204867162555456117e+00
1.205702041089534715e+00
1.204690396785736084e+00
1.204850674793124243e+00
1.205796312168240458e+00
1.203974412381648929e+00
1.205864272639155299e+00
1.205028136819600970e+00
1.204904266446828798e+00
1.204187786951661066e+00
1.204254630953073502e+00
1.203919211775064557e+00
1.203800615295767873e+00
1.203279960900545120e+00
1.205175392702221959e+00
