8.020219588279724121e+01
4.187836603522301004e+01
2.458777468204498362e+01
1.699048582017421793e+01
1.237512338459491801e+01
1.032284611165523458e+01
8.582536838948726654e+00
7.639197775721550343e+00
6.729433231055736542e+00
6.164643366634845911e+00
5.498396317660808386e+00
5.059942293167114080e+00
4.608292041718959453e+00
4.165910382568836390e+00
3.801327107846736997e+00
3.389677871018648148e+00
3.080499782413244070e+00
2.818838813900947482e+00
2.554661856591701419e+00
2.286363092809915454e+00
2.079152008146047503e+00
1.958168596029281616e+00
1.794780823215842203e+00
1.695918781682848930e+00
1.588790509477257640e+00
1.507151983678340912e+00
1.419219614565372378e+00
1.350481951981783002e+00
1.323210392519831746e+00
1.268094245716929525e+00
1.211871365830302194e+00
1.157529079169034913e+00
1.106880674511194318e+00
1.072157105058431537e+00
1.051466503366828009e+00
1.008779435977339656e+00
9.978666484355926958e-01
9.893452197313308272e-01
9.555096156895160897e-01
9.206830009818076643e-01
9.224429737776518312e-01
9.019113359972834587e-01
8.935428554192185180e-01
8.663539525121450868e-01
8.574046589434146659e-01
8.581381553784013239e-01
8.449405672028660330e-01
8.433203140273690668e-01
8.263975244015455690e-01
8.132610766217112097e-01
8.061852881684898886e-01
8.071912936866283417e-01
7.868869785219431146e-01
7.849404834210872428e-01
7.839342733845114930e-01
7.865332029759883881e-01
7.677969323471188767e-01
7.800036447122693506e-01
7.706993900239467177e-01
7.640137406066059844e-01
7.533846946433186975e-01
7.511343646794557127e-01
7.349831284955143929e-01
7.211226604878901991e-01
7.070217067375779152e-01
6.976602781563997491e-01
6.964987790212034957e-01
6.868217241019010100e-01
6.916966527700424416e-01
6.881365720182657242e-01
6.806681208312511666e-01
6.805623024702072144e-01
6.783385712653398070e-01
6.668978264555335267e-01
6.793500125408172829e-01
6.657749745994806512e-01
6.640929015353321807e-01
6.654089733958243880e-01
6.508175162598490715e-01
6.413545984774827735e-01
6.330413753166794777e-01
6.247561544179915938e-01
6.220389394089579360e-01
6.146368918940424697e-01
6.150562243536115137e-01
6.120454600080847962e-01
6.104848947376012580e-01
6.075566694140434043e-01
6.060270987451076286e-01
6.089616315439343452e-01
6.026761606335639954e-01
6.045531664043665154e-01
6.106018152087926421e-01
6.000843098387121932e-01
6.005364056676626427e-01
5.992273965850472006e-01
5.906062861904501915e-01
5.805235967040062173e-01
5.769880251958966477e-01
5.682593859732151254e-01
5.671072194352746454e-01
5.690330063924193826e-01
5.624495750293135865e-01
5.605927318334579246e-01
5.621951978653669801e-01
5.599820313975214514e-01
5.537164015695452690e-01
5.536466624587774721e-01
5.476025752723217010e-01
5.380531340837478860e-01
5.299616808071732077e-01
5.330266142264008522e-01
5.320478862151503119e-01
5.254185577854514344e-01
5.248228175565600173e-01
5.271187018603086250e-01
5.238328160718083160e-01
5.247376348823309389e-01
5.241096392273902893e-01
5.287353662773967011e-01
5.275554621592164484e-01
5.242691228166223016e-01
5.189153647050261942e-01
5.268550284206867662e-01
5.208174953237175719e-01
5.192979760468006134e-01
5.183810178190469964e-01
5.181661810725927131e-01
5.146244406700134499e-01
5.157410420477390733e-01
5.160494372248649597e-01
5.053048530593514664e-01
4.882715998217463382e-01
4.833308059722185024e-01
4.825781442224979512e-01
4.733571376651525275e-01
4.755712501704693063e-01
4.713034246116876713e-01
4.705630466341972351e-01
4.689993042498826759e-01
4.722716916352510674e-01
4.706339621916413307e-01
4.748697407543659432e-01
4.686455525457858817e-01
4.703329961746930965e-01
4.684846034273505433e-01
4.695496285334229691e-01
4.681929590180516354e-01
4.683375164866447338e-01
4.673767130821943061e-01
4.666378868743777386e-01
4.694522880017757416e-01
4.653244344517588615e-01
4.653349893167614826e-01
4.680447969585657120e-01
4.635169107466936000e-01
4.625671721994876751e-01
4.627576289698481782e-01
4.644033253192901833e-01
4.623500796034932248e-01
4.601476849988103135e-01
4.604754153639077918e-01
4.614163367077708244e-01
4.609778115525841602e-01
4.670940767973661423e-01
4.603340761736035569e-01
4.634182825684547424e-01
4.598941126838326232e-01
4.596573567017913087e-01
4.589740296825766674e-01
4.619280539453029522e-01
4.602561762556433567e-01
4.581330562010407226e-01
4.601360868662595638e-01
4.596727931872010009e-01
4.573728166520595328e-01
4.584323657676577790e-01
4.578461473807692306e-01
4.566144438460469357e-01
4.555565431714058144e-01
4.560752935707569344e-01
4.573166742920875549e-01
4.583594541996717231e-01
4.601059544831514470e-01
4.556295778602361679e-01
4.553883027285337559e-01
4.554366329684853554e-01
4.575444966554641502e-01
4.545707138255238311e-01
4.550744835287332535e-01
4.557648645713925362e-01
4.573717623949050681e-01
4.545057367533445469e-01
4.548622766509652360e-01
4.555061198770999908e-01
4.541342601180076710e-01
4.577336305752396362e-01
4.549324447289109230e-01
4.541750460863113181e-01
4.528543461114168389e-01
4.545667145401239284e-01
4.517201997339725383e-01
4.516676418483257516e-01
4.526328701525926812e-01
4.514226470142602698e-01
4.522666824981570466e-01
4.521295381709933281e-01
4.515539936721325032e-01
4.515650790184736474e-01
4.528283800929784886e-01
4.508153695613145717e-01
4.534695297479629517e-01
4.547933962196111790e-01
4.515926921740174294e-01
4.513937501236796601e-01
4.513671353459358104e-01
4.507691469043493271e-01
4.526892505586147530e-01
4.513045942410826572e-01
4.515167379751801602e-01
4.515138963237405045e-01
4.518529372289776802e-01
4.519873080775141938e-01
4.517918057739734872e-01
4.519376195967197418e-01
4.519960924983024708e-01
4.522633852437138446e-01
4.522780446335673554e-01
4.538612730801105388e-01
4.535483462736010773e-01
4.531151538714766613e-01
4.507331773638725281e-01
4.508969424292444961e-01
4.534360645338892937e-01
4.513996168971061707e-01
4.517945364117622598e-01
4.518241640180349350e-01
4.529430957511067501e-01
4.532645964995026810e-01
4.509758003056049125e-01
4.523043291643261687e-01
4.517532240599393956e-01
4.527238488197326549e-01
4.508674990385770909e-01
4.523949742317199818e-01
4.517701288685202488e-01
4.507801232859492413e-01
4.508022528141736873e-01
4.530239634215831868e-01
4.520426370203495248e-01
4.512367257848381996e-01
4.529926912859082444e-01
4.536936294287443050e-01
4.517571685835718998e-01
4.519064933061599509e-01
4.513624716550111993e-01
4.540164019912481530e-01
4.518748389557004086e-01
4.510149775072932465e-01
4.523291761055588944e-01
4.522098852321505547e-01
4.513933114707470162e-01
4.510534342378377803e-01
4.520415319129824638e-01
4.554353389889002068e-01
4.507051568478345760e-01
4.513111075386405102e-01
4.511556640267372353e-01
4.535243619233370049e-01
4.520423559471964947e-01
4.512107996270060539e-01
4.513182654976845010e-01
4.515587612986564636e-01
4.519102632999419944e-01
4.515233920887112840e-01
4.516259837895632012e-01
4.518317524343729019e-01
4.517014486715197341e-01
4.518630111590027920e-01
4.504791738465428463e-01
4.526713289320468681e-01
4.525725750252604374e-01
4.517118638381362183e-01
4.522141732275485881e-01
4.503815731033682934e-01
4.510486140847206338e-01
4.505599517375230567e-01
4.494001867249607929e-01
4.501521356403827556e-01
4.487531667575240246e-01
4.490035977214574814e-01
4.486332971602678410e-01
4.481309786438941734e-01
4.483797946944833024e-01
4.499210590496659501e-01
4.485522340983152390e-01
4.497356357052922360e-01
4.479916583746671455e-01
4.478770388290286286e-01
4.499515229836106300e-01
4.610269127413630375e-01
4.593748977407813294e-01
4.594051279127597809e-01
4.596881188452243694e-01
4.605697041377425083e-01
4.589493105188012234e-01
4.599919475615024678e-01
4.600907774642110093e-01
4.609588319435715675e-01
4.600564785301685111e-01
4.595154635608196259e-01
4.601805251091718452e-01
4.606724783778190502e-01
4.605605317279696242e-01
4.600450411438942178e-01
4.594807762652635685e-01
4.599703388288617356e-01
4.611387208104133495e-01
4.597725024446844833e-01
4.595311656594276428e-01
4.613786356523633114e-01
4.601176235824823157e-01
4.595015523955225945e-01
4.610401172190904395e-01
4.598731080070138089e-01
4.601412773132323997e-01
4.594444645568728225e-01
4.607862910255789979e-01
4.587979538366198651e-01
4.609722970053553581e-01
4.591997234150767548e-01
4.606528278440237267e-01
4.600316241383552440e-01
4.600630937144160049e-01
4.595256740227341430e-01
4.591849856078624725e-01
4.597343569621443748e-01
4.575952744111418946e-01
4.583580339327454345e-01
4.565423745661973953e-01
4.560532731935381667e-01
4.574173852801323159e-01
4.560054482892155758e-01
4.572536760941147693e-01
4.563081704080104717e-01
4.569739963859319465e-01
4.575244005769490974e-01
4.569490183144807594e-01
4.563051037490367667e-01
4.551650490611791611e-01
4.556642442941665760e-01
4.618202270939946175e-01
4.567128367722034232e-01
4.587064458057284466e-01
4.563352309167384990e-01
4.548862859606742637e-01
4.562225995585322269e-01
4.558718634769320377e-01
4.563449965789914131e-01
4.555685158818960079e-01
4.569488737732171901e-01
4.568849205970764160e-01
4.570063449442386405e-01
4.568824373185634835e-01
4.570622505620122178e-01
4.561741229146719090e-01
4.561474546790122986e-01
4.556109338998794445e-01
4.562145601958036423e-01
4.578903319314122089e-01
4.554137509316206200e-01
4.560699114575982316e-01
4.564312065020203479e-01
4.553302746266126855e-01
4.567189676687121169e-01
4.551712634041905625e-01
4.537332186475396267e-01
4.533912274986505730e-01
4.544114649295806774e-01
4.565587332472205162e-01
4.531571621075272671e-01
4.526699194684624672e-01
4.551842996850609668e-01
4.528814012184739224e-01
4.525691317394375801e-01
4.535768995061516540e-01
4.531222933903336636e-01
4.525433516129851452e-01
4.528873015195131191e-01
4.521558899432420731e-01
4.521474806591868623e-01
4.537944756448268890e-01
4.529050551354885101e-01
4.522788232192397340e-01
4.531302241608500259e-01
4.524983635172247776e-01
4.525663496926426999e-01
4.524729775264859089e-01
4.523870717734098656e-01
4.518858045339584351e-01
4.524498874321579711e-01
4.531566882506012917e-01
4.522666353732347488e-01
4.539733540266752132e-01
4.520606625825166480e-01
4.517618166282773018e-01
4.518791610375046952e-01
4.523053376004099735e-01
4.517145549878477939e-01
4.524190481752157211e-01
4.531828686594963074e-01
4.513468984514474869e-01
4.527705356478691212e-01
4.534169070422649495e-01
4.524898691102862136e-01
4.528128132224082947e-01
4.515441382303834184e-01
4.515800682827830204e-01
4.521257877349853516e-01
4.515140809118747822e-01
4.520679652690887673e-01
4.507299404591321723e-01
4.517638204619288667e-01
4.512199183925986179e-01
4.498623063787817733e-01
4.490393221378326527e-01
4.479833319783210754e-01
4.462167931720614211e-01
4.464301401749253273e-01
4.467295147478580475e-01
4.462059831246733554e-01
4.456108020618557708e-01
4.458187634125351795e-01
4.453383091837167518e-01
4.464674079790711403e-01
4.461735412478446960e-01
4.458391163498163223e-01
4.458835180848836899e-01
4.452007245272397995e-01
4.453945202752948029e-01
4.457399666309356800e-01
4.464685449376702420e-01
4.450615126639604346e-01
4.458804259076714627e-01
4.450660396367311367e-01
4.452783217653631942e-01
4.458905534818768390e-01
4.452060976997017638e-01
4.457442674785852543e-01
4.453236700966954342e-01
4.474308259785175212e-01
4.455755578354000934e-01
4.456198185682296864e-01
4.468455621972680092e-01
4.448475742712617031e-01
4.455548573285341152e-01
4.449928142130374908e-01
4.456078577786684036e-01
4.467394767329097016e-01
4.457506483420729526e-01
4.450492195785045735e-01
4.466689025983214267e-01
4.469118149951100127e-01
4.453911066055297741e-01
4.456936776638030784e-01
4.446527704596519581e-01
4.460970770567655452e-01
4.452171126380563004e-01
4.458056129515171051e-01
4.452322041615843773e-01
4.458669340237975121e-01
4.450048370286822097e-01
4.453708417713642120e-01
4.447068806737661251e-01
4.477024761959910171e-01
4.450977243483066337e-01
4.451515391469001992e-01
4.463456677272915618e-01
4.455002201721072197e-01
4.457519572228193505e-01
4.456645766273140685e-01
4.452433874830603600e-01
4.455818578600883595e-01
4.452659428119659646e-01
4.452921709045767895e-01
4.454877687618136184e-01
4.470874385908246151e-01
4.452430874109268299e-01
4.456625517457723507e-01
4.455670366063714249e-01
4.454664031043648609e-01
4.452046515420079453e-01
4.460618147626519425e-01
4.457175685092806816e-01
4.452071748673915863e-01
4.454910488799214141e-01
4.486024301499128564e-01
4.449275301769375912e-01
4.449618618935346492e-01
4.455445155501365773e-01
4.453802110627293476e-01
4.460984265431761631e-01
4.454829405993223079e-01
4.447107788175344578e-01
4.456694981083273999e-01
4.450557900592684857e-01
4.456415336579084285e-01
4.452667681500315777e-01
4.451042478904128075e-01
4.456513991579413303e-01
4.461762148886919133e-01
4.460697330534458271e-01
4.444737071171402931e-01
4.450850861147045978e-01
4.458657206967472919e-01
4.460224831476807816e-01
4.453391505405306927e-01
4.449952879920601734e-01
4.450540283694863208e-01
4.458564158529043087e-01
4.448190551251173241e-01
4.472873579710722192e-01
4.451333146542310604e-01
4.454913608729839103e-01
4.451766088604927063e-01
4.452468318864702956e-01
4.452379817143082841e-01
4.467513218522071727e-01
4.453734964132308738e-01
4.464749423786997795e-01
4.466213116422295681e-01
4.446470139548182599e-01
4.454115441069007031e-01
4.460134332999586837e-01
4.461546614766120911e-01
4.456792393699288146e-01
4.456375099718570820e-01
4.468333350494503864e-01
4.449608800932765007e-01
4.449935186654329078e-01
4.452061554417013900e-01
4.450320694595575333e-01
4.453979948535561340e-01
4.452763976529240386e-01
4.464758163318037765e-01
4.454493055120110623e-01
4.456027068197727092e-01
4.452651927247643360e-01
4.454438934102654679e-01
4.456527512520551682e-01
4.451645832508802636e-01
4.457393206655979045e-01
4.456078069284558074e-01
4.461872979998588451e-01
4.453828381374478340e-01
4.451362423598766438e-01
4.461996162310242764e-01
4.455533595755696297e-01
4.455970520153641479e-01
4.456680625677108543e-01
4.453802479431033245e-01
4.461510773748159631e-01
4.462662952020764462e-01
4.454947125166654476e-01
4.459020780399441941e-01
4.455412806943058746e-01
4.450373910367488861e-01
4.457609619945287482e-01
4.453972009941935539e-01
4.454856000840664021e-01
4.457263246178627125e-01
4.451374860480427631e-01
4.474700080230832322e-01
4.455557266250252946e-01
4.451140074059367069e-01
4.458209732547402382e-01
4.457760371267795452e-01
4.450943900272250064e-01
4.450515685603022575e-01
4.460701018571853749e-01
4.456388611346483453e-01
4.453338410705328099e-01
4.449155436828732268e-01
4.449942864477634541e-01
4.455677164718508942e-01
4.452906221151352040e-01
4.454855196177959220e-01
4.453280931338667870e-01
4.449353629723191150e-01
4.460173355415463226e-01
4.463993761688470618e-01
4.457027193158865086e-01
4.449345134198665619e-01
4.452232534065842517e-01
4.448235061019659153e-01
4.449897253885864989e-01
4.457680666819214821e-01
4.453044969588518254e-01
4.467456920072436222e-01
4.455122435465455055e-01
