1.999638041496276912e+02
1.049282439708709660e+02
6.172770665884017660e+01
3.923815948367118978e+01
2.503941937685012675e+01
1.859580988883972097e+01
1.389305962622165680e+01
1.161823090314865148e+01
1.015941634923219716e+01
9.179130317270756123e+00
8.416891983151435497e+00
7.957181288301944377e+00
7.519422101974487127e+00
6.989530964195727947e+00
6.626822991669177654e+00
6.248376941680907848e+00
5.937108981609344305e+00
5.450132104754447759e+00
5.213141177594661890e+00
4.814880378544330597e+00
4.442216608673334122e+00
4.094715105742215755e+00
3.843614703416824430e+00
3.501969774812459857e+00
3.243560545891523539e+00
3.078063753247261225e+00
2.774418368190526785e+00
2.618701983243227005e+00
2.456374415010214030e+00
2.230682275444269003e+00
2.146478957310319124e+00
1.956600591912865728e+00
1.810048193484544710e+00
1.706989057734608739e+00
1.606545909866690547e+00
1.522187741845846265e+00
1.436255853995680898e+00
1.362992751225829080e+00
1.307869395613670438e+00
1.256446489319205329e+00
1.200006467476487204e+00
1.117050689458847001e+00
1.100775707140564830e+00
1.031489192508161068e+00
9.949648290872573630e-01
1.001064261049032122e+00
9.795078946277498977e-01
9.152170045301317725e-01
9.221499470993876901e-01
8.938326135277747664e-01
8.506682978942989859e-01
8.291043322533369064e-01
8.225185701623558554e-01
8.232058351859450340e-01
7.805630633607506530e-01
7.628428187221288903e-01
7.787071904167532921e-01
7.492974165827035460e-01
7.703527942299842612e-01
7.436705378815531287e-01
7.413788683712482230e-01
7.216161267831922022e-01
7.269342243671417236e-01
7.122742630541324393e-01
7.164039203897119013e-01
6.953963899984956232e-01
6.980486564338207467e-01
7.184621643275022063e-01
6.936352306976913962e-01
6.622820109128951804e-01
6.867198983207345453e-01
6.676784804090857284e-01
6.658297071233392206e-01
6.615423630923032983e-01
6.714310947805642860e-01
6.731803191825747046e-01
6.741500457748770270e-01
6.570788532495498435e-01
6.426295427605509536e-01
6.636431269347667916e-01
6.644275853410362975e-01
6.459332047030329482e-01
6.706713192164898141e-01
6.497267302125692146e-01
6.427480142563581911e-01
6.606677681207656638e-01
6.509055234491825104e-01
6.277408258989453094e-01
6.156732482835650666e-01
6.385381607338785903e-01
6.503567716106772867e-01
6.234445895999669585e-01
6.544188126921653970e-01
6.229450980201363119e-01
6.132415961474180222e-01
6.240426959469914658e-01
6.126255128532648309e-01
6.060795778408646362e-01
6.179064301773905532e-01
5.974183516576886399e-01
6.106160163879394975e-01
6.006377208977937698e-01
5.912740796804427656e-01
5.867287373170256837e-01
5.959165792912244353e-01
5.843321714550256951e-01
5.849430508911609428e-01
5.867849748581648317e-01
5.844687806442380174e-01
5.944657616317272630e-01
5.892919417470693366e-01
5.799924651160835998e-01
5.889430304989218268e-01
5.884267749264836533e-01
5.919507270678877608e-01
5.949237722903489844e-01
5.740456139668822511e-01
5.956072371453047243e-01
5.825143525376915710e-01
6.116114858537912147e-01
5.922230692580342515e-01
5.753329310566186461e-01
5.910658231005072594e-01
5.823093999177217928e-01
5.872998664155602011e-01
5.795894308015704377e-01
5.885533943772316423e-01
5.820168331265449524e-01
5.894174469634890778e-01
5.966158933937549813e-01
5.776280144229530844e-01
5.872180918231606483e-01
5.865202836692333666e-01
5.860024375841021982e-01
5.844676490873098595e-01
5.786931106820702997e-01
5.871995491907000542e-01
5.841786552220582518e-01
5.754229508340358290e-01
5.758062740787863731e-01
5.807868812233210054e-01
5.776786986738443597e-01
5.884272161871194617e-01
5.907615285366774049e-01
5.794965736567974091e-01
5.817858118563890013e-01
5.837857617065310700e-01
5.857526978477836099e-01
5.747908767312764899e-01
5.766701191663742287e-01
5.727637203410267386e-01
5.755870092660189119e-01
5.780998829752206358e-01
5.858307469636201414e-01
5.754125365987420304e-01
5.777614824473857880e-01
5.783816471695899519e-01
5.818606907501816528e-01
5.820849824696778807e-01
5.738215053454041037e-01
5.777153544127940910e-01
5.751161720603704675e-01
5.845311807468533960e-01
5.797177501022815482e-01
5.874342855066061464e-01
5.892313513904809952e-01
5.708786774426698463e-01
5.799335965886711630e-01
5.710858061909676042e-01
5.757282814010977745e-01
5.674422442913055198e-01
5.824966467916965485e-01
5.622641913592815177e-01
5.631461316719651444e-01
5.624863201752304809e-01
5.635776154696940932e-01
5.629124917089939339e-01
5.669077586382627043e-01
5.623946847394108994e-01
5.644694220274686369e-01
5.668730223551392555e-01
5.620829451829194578e-01
5.704738151282071623e-01
5.724747154861689058e-01
5.620858078822493775e-01
5.739639809355139288e-01
5.669967077672481981e-01
5.723944660276174545e-01
5.571266714483499305e-01
5.616003114730119261e-01
5.624606460332870483e-01
5.643384395167231338e-01
5.637006506323813948e-01
5.668202754110097663e-01
5.624909980222583261e-01
5.628248399123549905e-01
5.611767673864960226e-01
5.664627460762858835e-01
5.620896752923727480e-01
5.762238604947924614e-01
5.604523725807666334e-01
5.658317910507321136e-01
5.697380192577838898e-01
5.602950718253850715e-01
5.634025426581501517e-01
5.622966472059488519e-01
5.882218966260552850e-01
5.620237108319997565e-01
5.639859348535537498e-01
5.610840221866965072e-01
5.652983667328953521e-01
5.622634645551443100e-01
5.620528146624564902e-01
5.508963260799646378e-01
5.359064603224397150e-01
5.348263153806328551e-01
5.308126839809119701e-01
5.327967034652829614e-01
5.209611689671873602e-01
5.246614418923855050e-01
5.249084159731864929e-01
5.222176020964980347e-01
5.290439526550472227e-01
5.433766301721334457e-01
5.353592542931437936e-01
5.174674447625875473e-01
5.340357001870870146e-01
5.284770216792822328e-01
5.131092412397265656e-01
5.192807583138346894e-01
5.170512152835726738e-01
5.262360561639070067e-01
5.186451783403753790e-01
5.174151716753840891e-01
5.203750936314464060e-01
5.156969837844371796e-01
5.181357842870056851e-01
5.135162711143493874e-01
5.201516285538673179e-01
5.203537754714488983e-01
5.180751303210854308e-01
5.136996902525424735e-01
5.167910652235150337e-01
5.102414473891258018e-01
5.108342239633202331e-01
5.225940590724349466e-01
5.308553401380777803e-01
5.122375982813537343e-01
5.157625637948513031e-01
5.138891307637095673e-01
5.139198292046784911e-01
5.131001970730721951e-01
5.104342645965516123e-01
5.088185507804154906e-01
5.104487203061580658e-01
5.123917238786817041e-01
5.167242793366313425e-01
5.297962313517927679e-01
5.207239143550396188e-01
5.104370132088661416e-01
5.095906192436814308e-01
5.148577004671096580e-01
5.132686771452427132e-01
5.186925766989588515e-01
5.138398922979832140e-01
5.114196287468075752e-01
5.117070371285080688e-01
5.066194187849759611e-01
5.043717641383409500e-01
5.016321398317813429e-01
5.085830235853791015e-01
4.952996770851313957e-01
4.930540954694151989e-01
4.915764715522527584e-01
4.948445832356810348e-01
4.922167479991912953e-01
5.029322465881704840e-01
4.922522983513772377e-01
4.879074432887137158e-01
4.880549946799874195e-01
4.858533618971705437e-01
4.841957491822540538e-01
4.894983902573585288e-01
4.883258404210210069e-01
4.892173740081489086e-01
4.884926239028573036e-01
4.866055895574390999e-01
4.950561489909887092e-01
4.878442045301198959e-01
4.830446379259228928e-01
4.854376192204654106e-01
4.910572696477174537e-01
4.886592937633394973e-01
4.850532648153603188e-01
4.874212728813290818e-01
4.861981980502605438e-01
4.907324085012078063e-01
5.011283082887529883e-01
4.873202498070895450e-01
4.881913529708981625e-01
4.855867974460125192e-01
4.858273602090775745e-01
4.915912909433245437e-01
4.844610145315527694e-01
4.894172158092260361e-01
4.938889653421938419e-01
4.868500949814915657e-01
4.827564320527016895e-01
4.835069704800843970e-01
4.837054949253797309e-01
4.960764151997864024e-01
4.837399689480662568e-01
4.840519352816045062e-01
4.873207189142704232e-01
4.823035018518567196e-01
4.817575676366686599e-01
4.797526870854199044e-01
4.810213138349354045e-01
4.759868887253105862e-01
4.820531642064452282e-01
4.811211291700601689e-01
4.937865632586181386e-01
4.781145792454480903e-01
4.760477527976035850e-01
4.808627822436392085e-01
4.781336269341409095e-01
4.867339903488755448e-01
4.783224247395992390e-01
4.793167765252291934e-01
4.826308025047182926e-01
4.874810472130775563e-01
4.768311035819351451e-01
4.838112851604819409e-01
4.805141367018223031e-01
4.776635237038135418e-01
4.759586784988641961e-01
4.816127669997513072e-01
4.816803376190364472e-01
4.789099874906241894e-01
4.843785874545574188e-01
4.844947866164147632e-01
4.798017890192568524e-01
4.771403121761977895e-01
4.838036499917507394e-01
4.783366392366588116e-01
4.774494469165802002e-01
4.832453462295234203e-01
4.799462787806987873e-01
4.807558774948120228e-01
4.789137387648224609e-01
4.807190001010894775e-01
4.830480378121137508e-01
4.793022851459681766e-01
4.749150192365050316e-01
4.822342909872531780e-01
4.859123097732663266e-01
4.872296899557113647e-01
4.808330331929028256e-01
4.765906462445855252e-01
4.772797260433435662e-01
4.793337806127965228e-01
4.848383840173483006e-01
4.814102998003363387e-01
4.817894917912781128e-01
4.798972681164741516e-01
4.791743580251932033e-01
4.841737350448965804e-01
4.818400818854570167e-01
4.759120406582951768e-01
4.794842963106930034e-01
4.805648417212068924e-01
4.768674563616513984e-01
4.786391961388289928e-01
4.787772264331578986e-01
4.796530187129974254e-01
4.833823731169104576e-01
4.774727803654968961e-01
4.775109857320785633e-01
4.836199086159467808e-01
4.815160512924194225e-01
4.801357526332140080e-01
4.824926022440195195e-01
4.772222924977541081e-01
4.779175370931625366e-01
4.779557313770055882e-01
4.800739950500428899e-01
4.760453904047608487e-01
4.797484201379120239e-01
4.790510582737624867e-01
4.792335586622357146e-01
4.865298386663198249e-01
4.782297804951667897e-01
4.822069877758622392e-01
4.800703112035989983e-01
4.850540600717067607e-01
4.837342794053256512e-01
4.780360542237758747e-01
4.855672916397452132e-01
4.778648866340517998e-01
4.783371048048138396e-01
4.817707862704992405e-01
4.789493259042501561e-01
4.802316019311547168e-01
4.821729927323758491e-01
4.789282289333641751e-01
4.804847174324095027e-01
4.821230662055313587e-01
4.766543861478567123e-01
4.782118158414959685e-01
4.825683042407035717e-01
4.818501409143209346e-01
4.781133115291595348e-01
4.804897833615541236e-01
4.781181495636701584e-01
4.768639853224158065e-01
4.784239150583743938e-01
4.955953363329171912e-01
4.850246592424810044e-01
4.835719482973218075e-01
4.805128399282693752e-01
4.786183866672217846e-01
4.834297333844005951e-01
4.752468651160597912e-01
4.878029418177902699e-01
4.781660893931984901e-01
4.854330323636532052e-01
4.800357500091195218e-01
4.783093007281422615e-01
4.855123935267329216e-01
4.849740326404571311e-01
4.774188195355236752e-01
4.768482225947082154e-01
4.866301425732671992e-01
4.819433456286787987e-01
4.812575848773121834e-01
4.892899058759212494e-01
4.755368495360016712e-01
4.818549330346286186e-01
4.765204957686364762e-01
4.807995280250906833e-01
4.800798878073692100e-01
4.805586476810276286e-01
4.785460625775158627e-01
4.800792071036994457e-01
4.804998735897242912e-01
4.795198621228337066e-01
4.804706147871911637e-01
4.790016260929405578e-01
4.805147748440504185e-01
4.808966526761651039e-01
4.794001953676342853e-01
4.779242145828902499e-01
4.784323218278586642e-01
4.815770547837018856e-01
4.830924210138619057e-01
4.772888173349201790e-01
4.811042831279337406e-01
4.795233526267111412e-01
4.803400112316012494e-01
4.795573752373457066e-01
4.797502585686743148e-01
4.824249966070056073e-01
4.855444133281707764e-01
4.778352578170597664e-01
4.772929589264094941e-01
4.790361125022172817e-01
4.800075522623956092e-01
4.804583460092544667e-01
4.777217399328946845e-01
4.840290807187557220e-01
4.773487003520131000e-01
4.780733225867151992e-01
4.764168194495141395e-01
4.821658009663224442e-01
4.814260370098054631e-01
4.799252914264798275e-01
4.818670366890728252e-01
4.847880773246288078e-01
4.787526207044720539e-01
4.790857825428247452e-01
4.780639495700597652e-01
4.805612698197364585e-01
4.793832986615598202e-01
4.826053428463638051e-01
4.785377946682274342e-01
4.841233660466969235e-01
4.869856685400009155e-01
4.797578640282154083e-01
4.771257178857922776e-01
4.785177156329155079e-01
4.791186569258570893e-01
4.798460175283253415e-01
4.806537654250860325e-01
4.758119576610624901e-01
4.858757848851382732e-01
4.806442659348249546e-01
4.802707817405462154e-01
4.842352249659597763e-01
4.778486838564276473e-01
4.814645932987332566e-01
4.749288711696862952e-01
4.874956791289150604e-01
4.807644544169306644e-01
4.779483744874596374e-01
4.809253499843180180e-01
4.817247504368424305e-01
4.783071682788431755e-01
4.770278831943869369e-01
4.852130636572837830e-01
4.804069700650870911e-01
4.813159811310470104e-01
4.819430738687515148e-01
4.808040798641741165e-01
4.818980609998106956e-01
4.769048513844609261e-01
4.775914518162608369e-01
4.793112584389745967e-01
4.773927804082632176e-01
4.802947347052395344e-01
4.854831762611865886e-01
4.974545779637992160e-01
4.746705628000199573e-01
4.795666767284273990e-01
4.802650106139481068e-01
4.756326666101813316e-01
4.848197195678949356e-01
4.794513263739645370e-01
4.818096200004219898e-01
4.816174218431115150e-01
4.792253358289599308e-01
4.770327311009168736e-01
4.823423312045633793e-01
4.790360015816986783e-01
4.845388965681195481e-01
4.826613415032625087e-01
4.807053293101489766e-01
4.915500812232494465e-01
4.760355133563279884e-01
4.783579358831048234e-01
4.801841168664395809e-01
4.852283939719200245e-01
4.801757129840552585e-01
4.800000120885670185e-01
4.781513316556811333e-01
4.773494802415371163e-01
4.783871238119900005e-01
4.829767282120883687e-01
4.787424870766699425e-01
4.797039540484547837e-01
4.820491576567292324e-01
4.796169290319085010e-01
4.794820932671427505e-01
4.835607253946364037e-01
4.898226601071655750e-01
4.759150312282144912e-01
4.815945213660597912e-01
4.988989462144672871e-01
4.790315434336662181e-01
4.815662974491715653e-01
4.799602074548602326e-01
4.777494799345731735e-01
4.820663723163306491e-01
4.742673024535178916e-01
4.743108140304684861e-01
4.734506616368889809e-01
4.753516724333167187e-01
4.729753289371728675e-01
4.729339284822344780e-01
4.734244975261390209e-01
4.826671350747346878e-01
4.710241172462701909e-01
4.720202622935175674e-01
4.723143569193780644e-01
4.740851645357906929e-01
4.739317474886775017e-01
4.740095580928027630e-01
4.727779344655573257e-01
4.744211046025156864e-01
4.709381246939301491e-01
4.788301264867186324e-01
4.733405312523245589e-01
4.769017438404262177e-01
4.749686273746192566e-01
4.749281008727848641e-01
4.718947310931980721e-01
4.715481571853160636e-01
4.724046199582517258e-01
4.731908582150936016e-01
4.751454629935324414e-01
4.822136770002544148e-01
4.711272165179252736e-01
4.730245723389089330e-01
4.721230167895555385e-01
4.736263392493128555e-01
4.790737807750701793e-01
4.732842053286731021e-01
4.731362951919436677e-01
4.760310043580829875e-01
4.730521891266107337e-01
4.747040630318224430e-01
