9.285096706151962564e+01
2.582684757709503032e+01
1.299809787869453359e+01
1.052291028499603343e+01
9.661950927972792869e+00
8.442532688379287720e+00
7.733323524892329992e+00
7.192457495629787090e+00
6.720113590359687805e+00
6.319883950054645538e+00
5.897781006991863251e+00
5.708800928294659016e+00
5.253938609361648915e+00
5.031147523224353435e+00
4.730463616549968719e+00
4.470925817638635280e+00
4.275249233841895702e+00
4.095260723680257620e+00
3.885403104126453400e+00
3.793805773556232275e+00
3.676047959178686320e+00
3.587315405160188764e+00
3.453999111801385968e+00
3.383328440040350049e+00
3.335174510627985089e+00
3.234840096533298404e+00
3.136854711174964727e+00
3.103135330975055783e+00
3.039365807175636203e+00
2.953368079662323176e+00
2.882447981089353739e+00
2.808113157004117788e+00
2.780597837269306094e+00
2.688309642672538580e+00
2.687512673437595367e+00
2.619173777103424250e+00
2.576214313507080078e+00
2.592526284605264575e+00
2.557584179192781360e+00
2.536384052783250631e+00
2.522296474128961741e+00
2.500485486537217916e+00
2.489206199347973048e+00
2.489100623130798162e+00
2.488405625522136511e+00
2.461614493280649185e+00
2.469298332929611206e+00
2.469140674173831762e+00
2.455463331192731857e+00
2.442443010956048877e+00
2.447313893586397171e+00
2.419478128105402082e+00
2.416625567525625407e+00
2.415708117932081400e+00
2.404240562021732419e+00
2.412421280890703290e+00
2.402724843472242355e+00
2.402843639254570007e+00
2.407208160310983835e+00
2.413252808898687540e+00
2.408549873530864804e+00
2.404619044810533346e+00
2.397039982676505865e+00
2.401807848364114761e+00
2.396952050924300970e+00
2.397276160866022021e+00
2.394175428897142410e+00
2.395042875409126193e+00
2.393277332931757151e+00
2.397087594121694476e+00
2.391037765890359879e+00
2.395516955852508456e+00
2.378583473712205798e+00
2.372336583212018013e+00
2.379498962312936783e+00
2.372445862740278244e+00
2.369989006966352285e+00
2.359085830301046460e+00
2.352251548320055008e+00
2.339204100519418628e+00
2.336432128399610342e+00
2.324240779131650836e+00
2.327885588258504779e+00
2.328652192652225672e+00
2.321862571686506449e+00
2.322258103638887405e+00
2.318411511927843005e+00
2.318358826637267889e+00
2.323753339052200495e+00
2.319345849007368177e+00
2.321329640597105115e+00
2.318578691780567080e+00
2.317080104351043612e+00
2.317779794707894414e+00
2.317254970967769445e+00
2.319945594668388456e+00
2.320710013806819738e+00
2.318118317425251096e+00
2.316393906623125165e+00
2.317272616922855466e+00
2.318218079954385669e+00
2.319566023349762141e+00
2.314866226911544977e+00
2.316592670232057394e+00
2.316281578689813436e+00
2.316214878857135950e+00
2.318483695387840271e+00
2.319773676246404737e+00
2.320409481972455890e+00
2.317049059271812261e+00
2.320175718516111374e+00
2.316911015659570694e+00
2.317218589037656873e+00
2.322114156931638806e+00
2.314675009995698751e+00
2.315506235510111033e+00
2.316500018537044348e+00
2.317486291378736407e+00
2.315400772541761576e+00
2.317602737247943967e+00
2.318674423545599161e+00
2.317636916041374118e+00
2.320152260363101959e+00
2.315014225244522272e+00
2.314684418588876635e+00
2.315707587450742899e+00
2.320020569115877063e+00
2.315071829408407389e+00
2.314541507512331009e+00
2.316218416392803015e+00
2.315510777384042651e+00
2.316633630543947220e+00
2.317356684803962619e+00
2.314696121215820135e+00
2.316370506584644495e+00
2.316329005360603155e+00
2.315085141360759824e+00
2.313684495538473218e+00
2.317574505507946192e+00
2.317457073926925570e+00
2.314078728109598249e+00
2.317988331615924658e+00
2.313991770893335520e+00
2.315123443305492579e+00
2.315796838700771243e+00
2.314095029979944318e+00
2.315857211500406354e+00
2.316809345036745071e+00
2.313944483548402875e+00
2.316906218975782306e+00
2.314196808636188596e+00
2.315745075792074115e+00
2.316933894902467816e+00
2.314471990615129648e+00
2.313265953212976456e+00
2.314782935008406817e+00
2.313757572323083878e+00
2.314491955190896899e+00
2.314616278558969675e+00
2.313308642804622561e+00
2.316718484461307348e+00
2.314964891970157534e+00
2.316510578989982694e+00
2.314123136550187976e+00
2.316483373939990820e+00
2.316361681371927439e+00
2.316528759896755219e+00
2.315376569330692469e+00
2.313749310374260126e+00
2.315210995823144824e+00
2.318087627738714129e+00
2.314882478117942899e+00
2.313447665423154831e+00
2.314150268584489911e+00
2.315810482203960241e+00
2.314759871363639920e+00
2.315305756032466800e+00
2.314295516908168704e+00
2.314830931276083081e+00
2.316821601986885248e+00
2.314081690460443319e+00
2.315681652724742801e+00
2.315935672819614322e+00
2.314447651058435529e+00
2.312772745639085858e+00
2.313418232649564921e+00
2.316407226771116434e+00
2.314536261558532537e+00
2.316702875494956793e+00
2.313184807449579328e+00
2.314958727359771817e+00
2.315611578524112701e+00
2.317605611681938349e+00
2.314217426255345433e+00
2.315785045921802343e+00
2.313955718278884799e+00
2.313258835673332126e+00
2.315132236480712979e+00
2.316273657232522876e+00
2.315017324686050593e+00
2.315260097011923701e+00
2.313344264030456454e+00
2.316141626983880819e+00
2.308359942585229696e+00
2.311260687559843152e+00
2.300537776947021662e+00
2.295296560227870764e+00
2.296680241078138174e+00
2.296840108186006368e+00
2.291129962354898630e+00
2.291753552854061127e+00
2.291715159267186941e+00
2.289722371101379217e+00
2.289370437711477191e+00
2.289910259842872442e+00
2.290382144600152881e+00
2.291217957437038599e+00
2.288580175489187241e+00
2.289476520940661342e+00
2.290362433344125925e+00
2.289699610322713852e+00
2.289656543731689364e+00
2.289903522282838999e+00
2.289070969074964434e+00
2.288831784576177419e+00
2.290827486664056778e+00
2.290306467562913895e+00
2.289860645681619733e+00
2.289052351564168752e+00
2.288119967281818212e+00
2.290579813718795599e+00
2.288175962120294393e+00
2.291586331278085531e+00
2.290678375959396273e+00
2.290158139169216067e+00
2.289845260977744879e+00
2.290152762085199356e+00
2.289138121157884509e+00
2.287898995727300822e+00
2.290769793093204498e+00
2.289923411980271162e+00
2.288587320595979691e+00
2.288939311355352224e+00
2.290560507029295145e+00
2.287533806264400393e+00
2.288254920393228531e+00
2.289020509272813975e+00
2.289726160466670990e+00
2.291116899251937955e+00
2.291846405714750290e+00
2.288999648019671262e+00
2.288887330144643961e+00
2.290034190565347849e+00
2.287945307046174825e+00
2.290808719396591364e+00
2.289082149416208356e+00
2.290872913599014460e+00
2.292738033086061389e+00
2.288844987004995168e+00
2.290327835828065872e+00
2.289167646318674088e+00
2.290118622779846014e+00
2.288553553819656194e+00
2.290654879808426081e+00
2.288356684148311615e+00
2.290317127853632062e+00
2.289133976399898351e+00
2.290543176978826700e+00
2.289293324202299029e+00
2.290197692811489105e+00
2.288801650702953161e+00
2.288005323708057315e+00
2.292997747659683228e+00
2.288396096974611105e+00
2.290367749333381830e+00
2.289101056009530843e+00
2.288478343188762754e+00
2.289320326223969637e+00
2.292636335641145884e+00
2.288794545829296201e+00
2.289003207534551443e+00
2.288477456569671720e+00
2.290547157824039282e+00
2.288169033825397491e+00
2.289600472897291183e+00
2.291268819570541293e+00
2.289765089005231680e+00
2.289633473008870990e+00
2.288559314608574091e+00
2.289540056884288965e+00
2.288184134662151425e+00
2.289818823337554932e+00
2.290052305161952795e+00
2.290509807318449109e+00
2.288332702219486148e+00
2.288660075515508652e+00
2.289176732301712036e+00
2.290950717031955630e+00
2.287893860787153066e+00
2.289137832820415497e+00
2.290211302042007624e+00
2.290870697796344668e+00
2.289413910359144211e+00
2.289257551729678930e+00
2.289483655989170252e+00
2.291152225434780032e+00
2.288856892287731259e+00
2.288366600126027883e+00
2.289434194564819336e+00
2.291497549042105675e+00
2.290967661142349066e+00
2.289808592200279325e+00
2.287842175364494413e+00
2.289015853404998690e+00
2.289035780727863401e+00
2.288451225683092893e+00
2.289199291542172610e+00
2.289764192700386225e+00
2.288983532786369235e+00
2.289428298920392901e+00
2.288937441259622396e+00
2.288593674451112836e+00
2.289096602797508151e+00
2.288949435949325650e+00
2.289046661555766971e+00
2.286576440930366605e+00
2.289096023142337621e+00
2.289097128808498471e+00
2.289510079473257242e+00
2.290215568989515393e+00
2.288769873231649488e+00
2.288156736269593150e+00
2.288830971717834561e+00
2.290005586668848903e+00
2.288410340249538599e+00
2.294581178575754166e+00
2.289453959465026944e+00
2.288679531961679281e+00
2.290094339847564608e+00
2.289774696528911413e+00
2.291440907865762711e+00
2.290188157558441073e+00
2.288221091777086436e+00
2.290339313447475433e+00
2.288783266395330251e+00
2.287891657650470645e+00
2.288826437294483096e+00
2.290690304711461067e+00
2.288775394856929601e+00
2.289957967400551020e+00
2.289283601194620044e+00
2.288681735098362147e+00
2.288274585455655874e+00
2.287881357222795398e+00
2.290332799404859454e+00
2.289742807298898786e+00
2.288865635544061750e+00
2.288346008211374460e+00
2.289513454586267649e+00
2.288716865330934436e+00
2.290331250429153531e+00
2.291690475121140658e+00
2.289730601012706757e+00
2.288347902148962110e+00
2.289275184273719788e+00
2.292243289202451795e+00
2.291078480333089917e+00
2.289437581598758875e+00
2.289621300622820765e+00
2.288858301192521871e+00
2.289167680591345011e+00
2.289203436672687442e+00
2.290518966317176996e+00
2.288248483464121907e+00
2.289877692237496376e+00
2.290249432623386205e+00
2.289298236370086670e+00
2.287975660711526693e+00
2.289492908492684276e+00
2.289853724092245191e+00
2.290404321253299624e+00
2.287680496275425135e+00
2.288309889286756604e+00
2.289373730495571913e+00
2.289553088694810778e+00
2.290142839401960284e+00
2.288308253884315580e+00
2.287930716574192225e+00
2.289391914382576942e+00
2.288438001275062472e+00
2.288967584818601519e+00
2.288642637431621552e+00
2.288680232316255392e+00
2.291077292338013827e+00
2.289307233691215693e+00
2.289214506745338440e+00
2.289877191185951233e+00
2.289979667216539561e+00
2.289796389639377594e+00
2.288914015889167874e+00
2.290072981268167496e+00
2.288785523176193326e+00
2.289185205847025006e+00
2.288472440838813959e+00
2.287945351749658407e+00
2.291024526208639056e+00
2.289251277595758527e+00
2.288283829391002833e+00
2.290406791120767505e+00
2.288633127510547816e+00
2.288993151485919864e+00
2.292284602299332619e+00
2.289532510936260312e+00
2.288353266566991895e+00
2.290592128038406283e+00
2.288907848298549652e+00
2.289154771715402603e+00
2.289500182867050260e+00
2.291157586872577756e+00
2.289450547099113553e+00
2.289228455722331912e+00
2.292286770045757205e+00
2.290379086881876081e+00
2.292783734202385126e+00
2.287983085215091528e+00
2.288175014406442553e+00
2.288830288499593912e+00
2.289666058868169873e+00
2.288813371211290359e+00
2.289545220136642634e+00
2.290100574493408203e+00
2.287725929170846939e+00
2.289124795794486911e+00
2.289778710156679331e+00
2.289092718064785092e+00
2.289224040508270441e+00
2.289415085315704257e+00
2.289629828184843063e+00
2.288438500463962466e+00
2.288427185267210007e+00
2.288964875042438507e+00
2.288348952680826276e+00
2.288405714184045703e+00
2.289272737503051935e+00
2.287194534391164602e+00
2.289864412695169271e+00
2.291513439267873764e+00
2.290075610578059973e+00
2.289367134124040692e+00
2.292685866355895996e+00
2.289955776184797287e+00
2.288052497804164975e+00
2.288370844721794306e+00
2.288618296384811401e+00
2.292487066984176813e+00
2.289024607092142283e+00
2.287619857490062802e+00
2.288981854170560659e+00
2.290353482216596515e+00
2.288704223930835724e+00
2.291396801173687159e+00
2.289576452970504938e+00
2.289945440739393323e+00
2.286984561011195183e+00
2.289698658883571714e+00
2.290855691209435552e+00
2.291444753855466754e+00
2.291651720553636640e+00
2.292221038043499082e+00
2.287453857064247309e+00
2.288146740943193258e+00
2.288893308490514755e+00
2.288565679639577688e+00
2.288394686579704462e+00
2.291699609905481161e+00
2.289397685229778379e+00
2.291385031491517843e+00
2.289907488971948624e+00
2.288405844196677030e+00
2.288733708858489813e+00
2.289263866096734823e+00
2.292100252956152051e+00
2.289464268088340582e+00
2.288777406513690771e+00
2.288381806761026205e+00
2.291495299339294522e+00
2.289868743717670352e+00
2.289707557857036502e+00
2.287582205981016248e+00
2.289355830848216922e+00
2.289480414986610590e+00
2.288796820491552531e+00
2.290104445815086542e+00
2.289389972388744532e+00
2.288479774445295156e+00
2.289067700505256653e+00
2.288601449877023519e+00
2.288130313158035278e+00
2.289977305382490336e+00
2.288799236714839758e+00
2.289570479840040029e+00
2.288073767721653162e+00
2.291949655860662460e+00
2.290103060752153308e+00
2.288518191874027163e+00
2.289093191176652997e+00
2.288500425964593799e+00
2.292267640680074603e+00
2.287727797776460736e+00
2.288548141717910767e+00
2.288657981157302679e+00
2.291283664852380664e+00
2.289265102148056119e+00
2.291492438316345304e+00
2.287660668045282453e+00
2.289655908197164358e+00
2.289196337759494604e+00
2.289696317166090012e+00
2.288617669045925229e+00
2.289029875397682101e+00
2.289665342122316538e+00
2.288591112196445287e+00
2.289278183877468287e+00
2.290301546454429626e+00
2.289715325459837914e+00
2.289692325145006091e+00
2.288342031836509527e+00
2.290358899161219597e+00
2.290862964093685061e+00
2.291222973167896360e+00
2.289262139052152811e+00
2.289252479374408900e+00
2.290903774276375593e+00
2.288145125657320200e+00
2.289474276453256518e+00
2.292413498461246313e+00
2.291602631658315570e+00
2.288601651042699636e+00
2.288759653270244776e+00
2.287512574344873428e+00
2.290370021015405655e+00
2.293866330757737160e+00
2.289014249294996084e+00
2.288181054592132391e+00
2.290641185641288935e+00
2.289713500440120786e+00
2.289155156910419375e+00
2.290811109170317827e+00
2.291151176393031896e+00
2.287972759455442429e+00
2.295713489502668292e+00
2.288618049025535672e+00
2.288956207036972224e+00
2.289936080574989319e+00
2.290389277413487523e+00
2.287924344092607587e+00
2.289260211586952032e+00
2.290402040630579172e+00
2.290566585958003998e+00
2.291929696500301539e+00
2.289820293337106794e+00
2.289883278310298920e+00
2.289632603526115417e+00
2.288761669397354037e+00
2.287342172116041183e+00
2.288883775472640991e+00
2.289148875325918375e+00
2.288723846524953753e+00
2.289291520416736780e+00
2.288437372446060269e+00
2.292177606374025345e+00
2.292806072533130735e+00
2.289866039156913669e+00
2.290067974478006363e+00
2.289373115450143992e+00
2.288588035106658758e+00
2.290086754411459147e+00
2.291093746572733014e+00
2.289960178732871832e+00
2.290874999761581599e+00
2.287487459182739435e+00
2.289432816952467142e+00
2.288658124953508288e+00
2.289388687163591563e+00
2.288901982456445605e+00
2.290509779751300989e+00
2.288484906032681288e+00
2.289046883583068848e+00
2.289551595598459333e+00
2.289129050448536873e+00
2.291929931193590342e+00
2.290232642740011038e+00
2.287677396088838577e+00
2.289061756432056338e+00
2.288785954564809710e+00
2.289538044482469559e+00
2.290658716857433497e+00
2.287879256159067065e+00
2.289303498715162366e+00
2.289024470746517270e+00
