1.499769430160522461e+02
6.784245800971984863e+01
3.834235292077064372e+01
2.530699837803840779e+01
1.716668154597282481e+01
1.335078948140144384e+01
1.037567048370838130e+01
8.815998435020446777e+00
8.382414503395557048e+00
7.733504098653793513e+00
7.074436712265014471e+00
6.662907239794731318e+00
6.331571023166179479e+00
5.801179097592831013e+00
5.460054360330104828e+00
5.014344425499439595e+00
4.754311336576938274e+00
4.498380992561578751e+00
4.156211875379085541e+00
4.041413302719592870e+00
3.688423396646976382e+00
3.461077210307121454e+00
3.306223221868276774e+00
3.062134820967912674e+00
2.969557468593120753e+00
2.821156548708677381e+00
2.678119813650846393e+00
2.521312610805034549e+00
2.392428693920373828e+00
2.250406944751739413e+00
2.157137513533234685e+00
2.022590060904621900e+00
1.966296032816171602e+00
1.879907133802771524e+00
1.791528050601482347e+00
1.784575143456458957e+00
1.685419790446758270e+00
1.628593636304140002e+00
1.584219343587756068e+00
1.526447624713182405e+00
1.456180348619818599e+00
1.415047481656074524e+00
1.377651536837220192e+00
1.351752530410885722e+00
1.314634789526462511e+00
1.255321948230266660e+00
1.268436684086918786e+00
1.212529451027512639e+00
1.192743707075714976e+00
1.158732194453477859e+00
1.126103982329368591e+00
1.096971768140792891e+00
1.089259814843535512e+00
1.082224446535110518e+00
1.065211094915866852e+00
1.060339131206273988e+00
1.051191131211817176e+00
1.026658758893609136e+00
1.022278860770165831e+00
9.659838149324059264e-01
9.443783009424805419e-01
9.344993740320205466e-01
9.047622203826903853e-01
8.984789295122027619e-01
9.292869571596383826e-01
8.655290454626083374e-01
8.431437298655509727e-01
8.437917783856392351e-01
8.509850922971964327e-01
8.451855564489960670e-01
8.272277768701314926e-01
8.444132775068282637e-01
8.337447330355644004e-01
8.219822034239768760e-01
8.053967503830790076e-01
8.057072669267654197e-01
8.266830895096063392e-01
8.008941099047660606e-01
7.920613460242748038e-01
8.022796697914600372e-01
7.873619256541133371e-01
7.914558969438075797e-01
8.087715972214937210e-01
7.945006283000111136e-01
7.722987137734890206e-01
7.615560019388795121e-01
7.549226567149162070e-01
7.657629914581776109e-01
7.646363921463489310e-01
7.751672739163041337e-01
7.837584508582949860e-01
7.687775285914539847e-01
7.628580704331398010e-01
7.441572697833180872e-01
7.447683010250329971e-01
7.459461711347102897e-01
7.530028229579329713e-01
7.538751792162656784e-01
7.379487095400690810e-01
7.347949665039777978e-01
7.324005354195832762e-01
7.498428404331207719e-01
7.428796023130417314e-01
7.328288238495588303e-01
7.367242624983191268e-01
7.313382349908351676e-01
7.269145721569657548e-01
7.322537068277596983e-01
7.361190607771277428e-01
7.268620084971189055e-01
7.238392386585473792e-01
7.429694952443242073e-01
7.327927282080054505e-01
7.209666831418871658e-01
7.216070732101798058e-01
7.151026979088783708e-01
7.145028242841362509e-01
7.206822374835610834e-01
7.292090091854334100e-01
7.122829200699924979e-01
7.129807841032743676e-01
7.102287786081433740e-01
7.268400827422738519e-01
7.171063272282480749e-01
7.198960164561867270e-01
7.211138196289539337e-01
7.179995350539684074e-01
7.122551912441850153e-01
7.134496191516518371e-01
7.112015930935740027e-01
7.133826099336146864e-01
7.113984910771250503e-01
7.210869442671536955e-01
7.211227862164377722e-01
7.148976393043995348e-01
7.126969510689378229e-01
7.126966623589396921e-01
7.115296715870499389e-01
7.150204787030816078e-01
7.120519926771521346e-01
7.113779677078128083e-01
7.114345315843820794e-01
7.208881704136729240e-01
7.078815732151270135e-01
7.285533115267753823e-01
7.083525463938713518e-01
7.127320075407623801e-01
7.169568609446287377e-01
7.149644227698445098e-01
7.156662208959460036e-01
7.072792014107107672e-01
7.157954681664705499e-01
7.184424782171845436e-01
7.082933412864804712e-01
7.096968755125999673e-01
7.093818975612521394e-01
7.156150061637163162e-01
7.122126270085573641e-01
7.133367072790861574e-01
7.158855255693197250e-01
7.082027968019246611e-01
7.102579759433865769e-01
7.087357698008418527e-01
7.152914423495531082e-01
7.119933560490607771e-01
7.113091675564646721e-01
7.218201186507939848e-01
7.135900376364588960e-01
7.080173492431640625e-01
7.073388297110796419e-01
7.097590958699584451e-01
7.193328740075231043e-01
7.087901882827282174e-01
7.073803888633847237e-01
7.106956381350755247e-01
7.112781444564462152e-01
7.087978072464465873e-01
7.107895160093903320e-01
7.150125999003649202e-01
7.118094885721802934e-01
7.087383966892957243e-01
7.099833099171519724e-01
7.108684394508599791e-01
7.082012204453349558e-01
7.061823960393667221e-01
7.105897838249802811e-01
7.056373549625277741e-01
7.060554197058082071e-01
7.074042225256562677e-01
7.083553446456789526e-01
7.068763690069317374e-01
7.119704365730286089e-01
7.063437463715672715e-01
7.070836700499057992e-01
7.044500654563308206e-01
7.060566682368516478e-01
7.145781075581908448e-01
7.053105808794498666e-01
7.063819592818617599e-01
7.064895825460553169e-01
7.025546694174409357e-01
7.027285804972052130e-01
7.086647657677531686e-01
7.082681382074952348e-01
7.220682276412844214e-01
7.063594887033104452e-01
7.035552645102143288e-01
7.051609292626380698e-01
7.097197405993938002e-01
7.049537535756826845e-01
7.073056105524301307e-01
7.077382083982228789e-01
7.086477510631083998e-01
7.027795018628240076e-01
7.043480018153787103e-01
7.067116938531399217e-01
7.119061993435025215e-01
7.026765940710901770e-01
7.029295859858393225e-01
7.051129678264260736e-01
7.098373321816324744e-01
7.215781137347221375e-01
7.066438142210245132e-01
7.056111458688973936e-01
7.032501315698027611e-01
7.031643992289901002e-01
7.033509761095046997e-01
7.033966712653636488e-01
7.047672841697931734e-01
7.083867806941270828e-01
7.172554623335599677e-01
7.061246054247021231e-01
7.089385084807873216e-01
7.054998805746436341e-01
7.025452096015214476e-01
7.044332209974527581e-01
7.054612759500742403e-01
7.059781940653919730e-01
7.085050852969289048e-01
7.028048815205693023e-01
7.036858990788459334e-01
7.072795782238244788e-01
7.027635335922240989e-01
7.047953298315405846e-01
7.044111669063568559e-01
7.052228137850761192e-01
7.055972123518585715e-01
7.033006595447659492e-01
7.048149071633815765e-01
7.041164919734000938e-01
7.090453801676630530e-01
7.060437457635998504e-01
7.029242549091577752e-01
7.135277401655912843e-01
7.056525519117713419e-01
7.111673619598150031e-01
7.023593442514538543e-01
7.028995413333177789e-01
7.129241351038217989e-01
7.072953097522258759e-01
7.035669570788740668e-01
7.079155644401907699e-01
7.047344323247670683e-01
7.082920188084245172e-01
7.061696585267782655e-01
7.044270846992730650e-01
7.038698207587004152e-01
7.175202690064906852e-01
7.037688141688704935e-01
7.066855680197476897e-01
7.014063904061913490e-01
7.043647844344377296e-01
7.050279704853892326e-01
7.133271399885415809e-01
7.032942861318588479e-01
7.058960687369107978e-01
7.063864262774586233e-01
7.074409671127795951e-01
7.096039831638336626e-01
7.024963200092315674e-01
7.041816130280494912e-01
7.128231886774301085e-01
7.125634016469121201e-01
7.037708563730120659e-01
7.015987882390618546e-01
7.048219714313745943e-01
7.096541231498122437e-01
7.027702076360583527e-01
7.059383336454629898e-01
7.045116487890481505e-01
7.049680411815643089e-01
7.102039165794848952e-01
7.053464723750948462e-01
7.038750749081372771e-01
7.045346179977058920e-01
7.032184623181819694e-01
7.035865770652890427e-01
7.027329798787832482e-01
7.084153028205036895e-01
7.037443445995450464e-01
7.037486478686332259e-01
7.076272254809736761e-01
7.026411924511194451e-01
7.038664059713483079e-01
7.130982685834169610e-01
7.091688638553023116e-01
7.033258069306611571e-01
7.184509938582778199e-01
7.032356655225158182e-01
7.087135046720505205e-01
7.032114332541823387e-01
7.078518403694034067e-01
7.055739276111125946e-01
7.053031768649816735e-01
7.037391992285847442e-01
7.158816376700997131e-01
7.166316159069537894e-01
7.038122890517115593e-01
7.031371669843793359e-01
7.039180006831884384e-01
7.024610411375761254e-01
7.032545730471611023e-01
7.075606426224112511e-01
7.059101525694131407e-01
7.133011318743228690e-01
7.039247900247573853e-01
7.026001906022429910e-01
7.030199814587831941e-01
7.010772440582513365e-01
6.951431712135672791e-01
6.967496618628501448e-01
6.833712290972471237e-01
6.776380069553852303e-01
6.726639678701757941e-01
7.070962857455015405e-01
6.692371174693108049e-01
6.702762654051184210e-01
6.652100017294287904e-01
6.666489504277706146e-01
6.734347330406308396e-01
6.658599875867367013e-01
6.642293339595198853e-01
6.590658068656921609e-01
6.594998387619852576e-01
6.857764575630426185e-01
6.639597354456782119e-01
6.657459462061524613e-01
6.615927563980221748e-01
6.615005102008580939e-01
6.586056821048259513e-01
6.619625227525830491e-01
6.614631988108158334e-01
6.629440132528543472e-01
6.607866605743766275e-01
6.615834303200245348e-01
6.659555643796920554e-01
6.643485849723219649e-01
6.620434569194912910e-01
6.597707713022827880e-01
6.575627954676747100e-01
6.596356829628348128e-01
6.570107014849781990e-01
6.627036524936557038e-01
6.589691970497369988e-01
6.621281908825039642e-01
6.588152009993791802e-01
6.575682831928133520e-01
6.608087776228785959e-01
6.695936636999249014e-01
6.583437796682118925e-01
6.586340066045522912e-01
6.656273100525140762e-01
6.592341156676411185e-01
6.562762144953012688e-01
6.585321510210633278e-01
6.805050132796168771e-01
6.574765358120202574e-01
6.693515513092279656e-01
6.572232864797115104e-01
6.562954211607575639e-01
6.580076733604073302e-01
6.624560948461294396e-01
6.566498471423983796e-01
6.550442470237612946e-01
6.576440772041678429e-01
6.581548878923058066e-01
6.596086192876100540e-01
6.541038602590560913e-01
6.554620463401079622e-01
6.543927252292632835e-01
6.533117774873972161e-01
6.555266296491026878e-01
6.553277209401130454e-01
6.538571350276469740e-01
6.574910568073392136e-01
6.542765596881509049e-01
6.533073993399739487e-01
6.539498142898082511e-01
6.543623102828860505e-01
6.529380155727266821e-01
6.553986875340342966e-01
6.575385356321931107e-01
6.514278495684265868e-01
6.520055418834089789e-01
6.535291789099574311e-01
6.513710014522076097e-01
6.534008475020527396e-01
6.549589436501264128e-01
6.536832341924310175e-01
6.551124632358551469e-01
6.551933003589510696e-01
6.536133861169218795e-01
6.586951358243823273e-01
6.549930803477763686e-01
6.522198250517249329e-01
6.530637705698609796e-01
6.576288014650344405e-01
6.542916042730212434e-01
6.563309522345661673e-01
6.529716746881604195e-01
6.536779526621103731e-01
6.604502527043223381e-01
6.537427276372909102e-01
6.558227660134434700e-01
6.566443243995309098e-01
6.525959104299545732e-01
6.512872565537690672e-01
6.584735596552491188e-01
6.528257029131054878e-01
6.527773950248956236e-01
6.560062151402235031e-01
6.594070456922054291e-01
6.552618762478232828e-01
6.514637889340519905e-01
6.543338807299733384e-01
6.609185822308063507e-01
6.526809044182300124e-01
6.536756122484803644e-01
6.556748533621430397e-01
6.516044605523347855e-01
6.536408010870218277e-01
6.514470743015408072e-01
6.538390163332223892e-01
6.526354927569627540e-01
6.510011715814471023e-01
6.525452420115470664e-01
6.551587108522654024e-01
6.555039538070559502e-01
6.527800573036074416e-01
6.533694688230753389e-01
6.527576526626944764e-01
6.562422864139080270e-01
6.530821558088064638e-01
6.534797891974448714e-01
6.548618789762258308e-01
6.526368135586381181e-01
6.535078300163149612e-01
6.535499414429069009e-01
6.556076735258102861e-01
6.537346865981816801e-01
6.541908018290996107e-01
6.587378675118088500e-01
6.554250827059149298e-01
6.539053998887538466e-01
6.542006459087132964e-01
6.542997229844331741e-01
6.541373705491423385e-01
6.575959879904985650e-01
6.530406109988688979e-01
6.537350781261921373e-01
6.557846521958708985e-01
6.524149321019649950e-01
6.686678804457187875e-01
6.546462882310152276e-01
6.561990685760974440e-01
6.527325270697474924e-01
6.522167302668094857e-01
6.518422599881887880e-01
6.523671114817262140e-01
6.524521784856915918e-01
6.548927383497357146e-01
6.541539547964930756e-01
6.528789781033992323e-01
6.511791110038757102e-01
6.563553987070918083e-01
6.535014513880014198e-01
6.525961669161916001e-01
6.522920876741409302e-01
6.523835955187677893e-01
6.579932870343327966e-01
6.561792127788066420e-01
6.563605897128581557e-01
6.525750784203410149e-01
6.526645265519619432e-01
6.522738596424459967e-01
6.522340141236782074e-01
6.560359250754117522e-01
6.543191259726881537e-01
6.538355596363544242e-01
6.527057155966758950e-01
6.529335623607039896e-01
6.515764560550451057e-01
6.547426417469978110e-01
6.547780403867363708e-01
6.530385755002499071e-01
6.541266361251473205e-01
6.540834682062268701e-01
6.548393476754427178e-01
6.574839666485786660e-01
6.535158433020115121e-01
6.523591808974742445e-01
6.537167035043239816e-01
6.528279561549424903e-01
6.530149379745125993e-01
6.573233136907219443e-01
6.547880614176392333e-01
6.522299962118267569e-01
6.535162888467311859e-01
6.529956512153148873e-01
6.536515900865197404e-01
6.534654300659894499e-01
6.546716637909412162e-01
6.565359717234968695e-01
6.526710789650678191e-01
6.555915288627147675e-01
6.520401414483785185e-01
6.553159389644861443e-01
6.525282289832829985e-01
6.528493765741586463e-01
6.547909531742334144e-01
6.592282345518469810e-01
6.535105945542454275e-01
6.514844354242086411e-01
6.527328753843903986e-01
6.591226452961563842e-01
6.512293668463826624e-01
6.539022613316773924e-01
6.541193703189491782e-01
6.520321486517787202e-01
6.503712886944412741e-01
6.500796053558588472e-01
6.575455266982317415e-01
6.397111581638454947e-01
6.441593592986464278e-01
6.349857904016971144e-01
6.362812856212258783e-01
6.355818865820765939e-01
6.420785998925566673e-01
6.301630267873405966e-01
6.288800112903117912e-01
6.264653341844678147e-01
6.195826362818479538e-01
6.391648316755891290e-01
6.274760955944657104e-01
6.406211812049150689e-01
6.329511318355798277e-01
6.504787053912878259e-01
6.387844327837228775e-01
6.250482061877846718e-01
6.264811448752880541e-01
6.278912670910358207e-01
6.174644755199552026e-01
6.653415443375706451e-01
6.187662025913596153e-01
6.191066296771168265e-01
6.328923659399151580e-01
6.229549875482917054e-01
6.280756819993257301e-01
6.370175598189234956e-01
6.105684662237763627e-01
6.162344647571444956e-01
6.080043345689774004e-01
6.180364621803164926e-01
6.039414145052433014e-01
6.030975511297583802e-01
5.989625290036201255e-01
6.569350769743322882e-01
5.965715890750289407e-01
6.024435808882117049e-01
5.997273160144687143e-01
6.043341666460037009e-01
5.989924380555748940e-01
5.954698449000715987e-01
5.998689027503132376e-01
5.950241729617118391e-01
5.988879727199674097e-01
5.952974364161491838e-01
5.930116478353738563e-01
6.000125372782350031e-01
5.959256725385785325e-01
5.914037605747580750e-01
5.908910626545548217e-01
5.947137067094445673e-01
5.986127847805619018e-01
5.965417642146348953e-01
5.926652465015649351e-01
5.935056187212467416e-01
6.243889646604656729e-01
5.930376917123794112e-01
5.929256586357951608e-01
