1.280304089307784920e+02
5.946905761361121989e+01
2.666049081087112427e+01
1.812661642730235911e+01
1.388431570529937709e+01
1.099783969968557429e+01
9.559041340649127250e+00
8.538707098364829662e+00
7.736298815906048176e+00
7.129290734231472193e+00
6.474630804359913228e+00
6.234141963720321478e+00
5.808371329307556508e+00
5.224964311718940380e+00
5.039683881402015508e+00
4.679386238753795446e+00
4.264262987673282268e+00
4.012443053722381414e+00
3.753303608298301786e+00
3.435182367265224634e+00
3.207520726323127569e+00
2.964522743225097567e+00
2.871989304572343915e+00
2.651841651648283005e+00
2.497682207077741801e+00
2.369788122177124201e+00
2.252186724543571383e+00
2.126110088452696889e+00
2.056673191115260035e+00
1.960019846260547594e+00
1.900872043147683099e+00
1.832156186923384666e+00
1.792529500275850340e+00
1.757089591771364256e+00
1.697298211604356677e+00
1.651621504500508264e+00
1.608995677158236548e+00
1.580030009150505066e+00
1.511249383538961322e+00
1.493680324032902629e+00
1.484683029353618622e+00
1.432788196951150894e+00
1.430484896153211505e+00
1.357765600830316499e+00
1.346089713275432587e+00
1.329132755100727037e+00
1.302876263111829802e+00
1.264304379373788922e+00
1.256308523565530688e+00
1.265849478542804718e+00
1.213602261990308850e+00
1.214529480040073439e+00
1.228693062067031772e+00
1.190201331675052598e+00
1.187282108515500978e+00
1.177287894487381026e+00
1.132447056099772364e+00
1.143223259970545858e+00
1.128983540087938220e+00
1.103888813033699901e+00
1.101987569034099668e+00
1.087933191284537360e+00
1.089192681014537811e+00
1.083410975709557578e+00
1.093960562534630254e+00
1.067904322966933162e+00
1.049506493285298436e+00
1.070222770795226097e+00
1.042317593470215797e+00
1.060366096347570508e+00
1.037632520124316171e+00
1.041609203070402057e+00
1.026598748005926653e+00
1.021641562320291907e+00
1.011547769978642375e+00
1.017398751527071044e+00
1.026132957637309939e+00
1.024435422196984247e+00
1.019749248959123999e+00
1.017602499201893718e+00
9.998395165428519693e-01
1.006297203525900796e+00
1.004657900705933526e+00
1.006750253774225667e+00
1.023556214198470204e+00
1.001201444678008645e+00
1.037100795842707202e+00
9.981895623728632705e-01
1.004542177543044090e+00
9.952177327126264794e-01
1.009206509776413352e+00
1.031519964709878057e+00
9.996560821309685707e-01
9.870480457320809364e-01
9.883159732446074042e-01
9.972801379859447257e-01
9.842499848455190659e-01
9.871884632855654207e-01
9.986414374783635362e-01
9.768206266686320083e-01
9.704221991822123972e-01
9.660146687179803626e-01
9.552819961681962013e-01
9.543600410223007646e-01
9.524063196033238921e-01
9.513435225933790651e-01
9.463061828166245970e-01
9.479782629758120027e-01
9.513945639133453147e-01
9.455462992191314697e-01
9.499008588492869887e-01
9.518367443233728409e-01
9.461950635537504928e-01
9.971437018364668337e-01
9.465100867673754692e-01
9.541319267824291961e-01
9.549263905733823554e-01
9.442270062863826752e-01
9.470914123579859956e-01
9.470825094729662386e-01
9.473652398213744386e-01
9.464869169518351777e-01
9.509318290278315766e-01
9.474095083773136361e-01
9.495841620489955393e-01
9.460468383505939993e-01
9.472958933562040107e-01
9.479071328416466269e-01
9.478764079511166063e-01
9.442498380318283813e-01
9.426933949813246505e-01
9.516604725271463616e-01
9.462399346753954665e-01
9.479611247777939287e-01
9.444497697055339591e-01
9.462150514125824419e-01
9.455200329422950301e-01
9.454560797661543115e-01
9.480592777952552286e-01
9.495955424383282217e-01
9.471921214833856073e-01
9.448698831722139868e-01
9.463157873600721581e-01
9.441988278180361016e-01
9.450791781768203004e-01
9.428417965769767539e-01
9.443340033292770830e-01
9.530276134610176086e-01
9.437241883948445098e-01
9.434695422649383989e-01
9.432726979255676714e-01
9.507269904017447981e-01
9.470411401242018190e-01
9.449909478425979614e-01
9.453129278495907561e-01
9.522065021097659843e-01
9.442678675055503623e-01
9.462890043854713662e-01
9.438258968293666840e-01
9.445564258843660577e-01
9.464886868372559547e-01
9.445282556116580963e-01
9.431556688621640649e-01
9.471272263675928338e-01
9.486664585769176705e-01
9.437719997018575446e-01
9.449706615880131277e-01
9.450715135782956633e-01
9.471733666956424491e-01
9.450794987380504164e-01
9.444957347586750984e-01
9.423673951998352560e-01
9.441176086664200273e-01
9.435245502740144952e-01
9.528593752533197625e-01
9.431907696649431960e-01
9.436945311725140062e-01
9.482854207977652328e-01
9.532887455075979011e-01
9.442869663238525613e-01
9.492981752380729166e-01
9.461938234046101126e-01
9.468146584928035514e-01
9.456611812114715798e-01
9.454774854704737219e-01
9.459659727290272713e-01
9.501060836017132250e-01
9.439484685659408347e-01
9.443282715976237807e-01
9.450606795027851614e-01
9.451773393899202125e-01
9.440462194383144601e-01
9.458099709823727386e-01
9.523914350196719392e-01
9.438811110332607779e-01
9.445150054991244826e-01
9.447388501837850061e-01
9.435701305046677589e-01
9.468110017478466034e-01
9.433060156181454214e-01
9.450195768848062006e-01
9.440703649073839410e-01
9.459978939965367761e-01
9.454964172095060571e-01
9.446687692776322143e-01
9.469172444194555727e-01
9.424641285091638343e-01
9.419232267886400445e-01
9.433338142931461112e-01
9.380023662000894769e-01
9.348688572645187378e-01
9.331629343330860582e-01
9.281406693160534349e-01
9.287566786631942239e-01
9.314151545986533165e-01
9.277670346200466156e-01
9.256118245422839674e-01
9.254362320527433905e-01
9.265111032873392105e-01
9.240433951839804871e-01
9.264514647424221261e-01
9.269631119444966538e-01
9.260494889691471831e-01
9.239517956972121970e-01
9.262172527611255424e-01
9.285785300657153352e-01
9.268949717283249123e-01
9.240632425993681176e-01
9.264352042227983475e-01
9.246157707646489587e-01
9.261923138052224891e-01
9.320020092651247756e-01
9.237518878653645515e-01
9.260381959378719552e-01
9.230467163026332411e-01
9.226969331502914429e-01
9.223096447065473047e-01
9.223792398348450439e-01
9.213684143498539481e-01
9.212407497689127922e-01
9.225540800020098908e-01
9.211011679843068567e-01
9.198073688894510269e-01
9.201902087777853456e-01
9.223142888396977934e-01
9.272933283820747885e-01
9.208841778337955031e-01
9.209278320893645731e-01
9.202390689402818458e-01
9.200512170791625977e-01
9.217647857964038627e-01
9.211445983499289003e-01
9.221144244074821472e-01
9.208416473120450974e-01
9.209516748785973039e-01
9.228284744545817153e-01
9.201248358935117944e-01
9.224721163511275801e-01
9.208689270541071670e-01
9.204609083011746629e-01
9.231352895498275979e-01
9.209294481202959792e-01
9.218235149979591148e-01
9.218745049089193122e-01
9.209477994590997696e-01
9.196534804999828561e-01
9.210187654942274538e-01
9.195575423538684401e-01
9.193931180983782037e-01
9.209651492536068407e-01
9.201438676565885100e-01
9.232573257759213448e-01
9.199101772159338219e-01
9.211681578308343887e-01
9.198376232758164184e-01
9.209628451615572420e-01
9.194635197520255598e-01
9.220403065904975159e-01
9.234165474772453308e-01
9.246493043377995713e-01
9.207767788320779800e-01
9.204326661303638968e-01
9.200953722000122514e-01
9.209701886400580850e-01
9.209971452131867631e-01
9.216521328315139261e-01
9.224221939221024513e-01
9.204490749165415986e-01
9.210008615627884865e-01
9.202806884422898293e-01
9.203640248626470122e-01
9.217195713892578635e-01
9.205899888649582419e-01
9.262949774041772111e-01
9.200575282797217591e-01
9.209048409014940484e-01
9.205244639888405800e-01
9.191881826147436652e-01
9.212735731154679808e-01
9.247534155845642534e-01
9.198325429111718909e-01
9.196662368252873643e-01
9.194925764575601068e-01
9.210252312943338904e-01
9.210438951849937439e-01
9.224759589880704436e-01
9.219432409852743593e-01
9.216761339455843416e-01
9.218104496598243935e-01
9.209975987672806008e-01
9.221317898482084274e-01
9.233047489076853243e-01
9.300733679905534013e-01
9.226589262485503928e-01
9.196777168661356416e-01
9.206264629960060342e-01
9.209511827677487883e-01
9.224057797342538612e-01
9.291206756606698036e-01
9.202539091929793358e-01
9.168362619355321375e-01
9.168447369709611383e-01
9.129857093095778975e-01
9.134021339938044326e-01
9.124663341790437698e-01
9.097661668434738891e-01
9.108009958639741166e-01
9.073198698461055756e-01
9.091627726331352743e-01
9.094799473881721719e-01
9.063472287729382737e-01
9.073477458208799584e-01
9.110633740201592445e-01
9.099913306534290758e-01
9.106207201257348061e-01
9.106583923101425615e-01
9.095595715567469375e-01
9.070590078830719216e-01
9.070289639756083933e-01
9.079727742820977721e-01
9.100256294012070146e-01
9.091606197878718820e-01
9.074213271960616112e-01
9.065467992797493491e-01
9.083140200003981812e-01
9.076688094064593315e-01
9.069695441052317841e-01
9.072668641805649026e-01
9.079513898119330184e-01
9.061718815937638283e-01
9.069175824522972551e-01
9.066192863509059396e-01
9.057407725602388826e-01
9.082693055272101912e-01
9.100253883749246375e-01
9.063538949936628120e-01
9.066391492262482199e-01
9.062760004773735556e-01
9.082060629501939042e-01
9.072159409523010698e-01
9.068890025839209112e-01
9.070481499657034874e-01
9.094416422769426855e-01
9.070162944495677726e-01
9.074033083394169585e-01
9.067774208262562308e-01
9.087068494409322739e-01
9.066357864066958427e-01
9.079898098483681901e-01
9.069800190627574921e-01
9.076006149873137030e-01
9.082554373890161514e-01
9.110097086057067362e-01
9.084982519969344583e-01
9.066440282389521821e-01
9.076621420681476593e-01
9.079302614554762840e-01
9.062917023897171243e-01
9.078869827091693434e-01
9.056452192366123422e-01
9.084164015948772430e-01
9.072351280599832979e-01
9.075500641018152681e-01
9.067580815404653327e-01
9.089602697640657425e-01
9.059864791110158189e-01
9.082678385078907235e-01
9.073147932067513466e-01
9.080106699839234352e-01
9.065809609368443711e-01
9.068123484030365944e-01
9.084170741960406747e-01
9.077455991879105346e-01
9.062062658369540724e-01
9.076092986389994177e-01
9.052161986008286920e-01
9.066419590264558348e-01
9.065611995756626129e-01
9.079591721296310647e-01
9.067170884460210578e-01
9.071472644805907981e-01
9.073836339637637582e-01
9.081725642085075600e-01
9.067633546888828056e-01
9.077309530228376833e-01
9.077250251546502557e-01
9.077536588534712569e-01
9.087732197716832383e-01
9.073483746498822722e-01
9.083274088799953017e-01
9.084709702059626801e-01
9.075845638290047646e-01
9.057106271386146101e-01
9.083911018446088059e-01
9.070685623213649018e-01
9.067862674593925032e-01
9.092523209750652535e-01
9.047735031694174035e-01
9.031329171732067618e-01
9.030238570645451324e-01
9.027769934386015160e-01
9.029927665367722955e-01
9.042444789782166925e-01
9.029181085526942763e-01
9.022357428446412531e-01
9.026701815426350084e-01
9.021916221827268600e-01
9.029231298714875953e-01
9.017075115814805475e-01
9.022346312180161698e-01
9.010958928614855035e-01
9.039430918172002283e-01
9.017960105091333833e-01
9.012472193688154665e-01
9.017011031508446184e-01
9.025871114805340545e-01
9.009849647060036437e-01
9.012936871498823388e-01
9.035854229703546014e-01
9.015675444155931695e-01
9.013986000791192055e-01
9.026602772995829804e-01
9.024858258664607558e-01
9.016588144004344940e-01
9.018015654757618460e-01
9.013160852715372817e-01
9.015549924224615097e-01
9.012118874117731604e-01
9.018729738891124725e-01
9.016558689996599929e-01
9.025126153603195700e-01
9.059302072972059694e-01
9.041848663240671380e-01
9.019524561241268890e-01
9.014571430161595345e-01
9.014698103070258872e-01
9.013763463124633279e-01
9.029259152710438219e-01
9.017163587734102759e-01
9.029838660731911437e-01
9.004072727635502593e-01
9.015711186453699844e-01
9.011369280517100844e-01
9.010911306366324869e-01
9.011084731668234094e-01
9.022520836442708969e-01
9.017905866727232711e-01
9.020386308431624922e-01
9.024551372975111452e-01
9.011717375367880312e-01
9.021164439618587494e-01
9.035703033208847268e-01
9.012220652773976770e-01
9.030025187879801019e-01
9.012094557285308394e-01
9.038059184327721374e-01
9.013365622609853522e-01
9.015919616445898788e-01
9.043710699304938760e-01
9.021848976612091286e-01
9.022470166906714217e-01
9.024762170389294402e-01
9.020552627742290941e-01
9.016807157546281593e-01
9.025155384093522803e-01
9.016857799142599106e-01
9.016290500760077986e-01
9.009336963295936362e-01
9.022817941382527129e-01
9.026981111615896003e-01
9.019554913043975608e-01
9.015378419309854063e-01
9.009783172979950461e-01
9.018549388274550438e-01
9.070411603897809982e-01
9.015041645616292953e-01
9.022183841094374435e-01
9.015744533389806747e-01
9.010924374684691207e-01
9.022936757653952089e-01
9.073147529736160788e-01
9.017487989738584009e-01
9.013714486733078735e-01
9.016666930168867333e-01
9.006766306236386743e-01
9.027771519497036490e-01
9.011409820988773856e-01
9.017386395484209283e-01
9.007135381922125594e-01
9.011426864191889319e-01
9.030130952596664429e-01
9.018003543838858382e-01
9.011987846344708952e-01
9.007299512624740156e-01
9.010536003857850806e-01
9.023659994825721231e-01
9.016538295894861443e-01
9.009618367999792099e-01
9.011301526799797568e-01
9.020592298358678374e-01
9.018367543816566689e-01
9.014529868960380332e-01
9.015834875404834525e-01
9.024373942986130270e-01
9.016213171184063180e-01
9.012822641059756723e-01
9.065905818715691566e-01
9.006715411320328490e-01
9.008203040808439033e-01
9.023590423166751862e-01
9.005048867315054162e-01
9.035324018448591676e-01
9.033423174172640069e-01
9.007423324510455132e-01
9.039705349132418633e-01
9.030838660895824654e-01
9.024295108392834663e-01
9.017952419817447662e-01
9.011089768260717170e-01
9.024745946750044601e-01
9.028151778504251990e-01
9.016310414299368858e-01
9.015841813758015411e-01
9.016411062330007553e-01
9.012796526774764505e-01
9.016058588400482909e-01
9.045763740316032919e-01
9.043442288413643393e-01
9.024029565975070222e-01
9.021100489422678725e-01
9.014616282656788826e-01
9.008500916883349641e-01
9.020308185368776099e-01
9.019020007923245208e-01
9.025548471137880835e-01
9.026848105713725090e-01
9.015643717721104622e-01
9.026603057980537859e-01
9.053367223590612634e-01
9.018902357667684111e-01
9.015132511034608109e-01
9.020613098517060724e-01
9.023521579802036285e-01
9.021150035783648269e-01
9.016761705279350281e-01
9.019974960014224274e-01
9.013192171230912653e-01
9.049334172159433365e-01
9.035614849999547005e-01
9.021406495943665727e-01
9.015537910163402557e-01
9.021686779335140738e-01
9.016331385821103606e-01
9.010365700349212137e-01
9.019685504958033784e-01
9.013929011300205740e-01
9.020874463021755219e-01
9.018968919292091879e-01
9.029332887381315009e-01
9.015155324712396112e-01
9.022615924477577209e-01
9.019193468615412934e-01
9.005863346159458382e-01
9.018899654969573243e-01
9.097629366442561150e-01
9.008206360042094740e-01
9.007986906915903536e-01
9.011887600645422935e-01
9.036792404949665070e-01
9.025093041360378043e-01
9.015895247459411177e-01
9.020076157525181992e-01
9.009224478155374305e-01
9.025695234537124412e-01
9.015220267698168533e-01
9.025337859988212807e-01
9.015438357368111832e-01
9.023338062688708305e-01
9.011953996494412866e-01
9.018788464367389901e-01
