1.474800037384033260e+02
7.707772002220153240e+01
4.504635917544364787e+01
2.937982273697853230e+01
1.984136810898780823e+01
1.505795435905456614e+01
1.222036148309707571e+01
1.038395735323429037e+01
9.446132265031337738e+00
8.721364583075047250e+00
8.043484368920326588e+00
7.610500405728816808e+00
6.972380711138248088e+00
6.524643179774284540e+00
6.289581751823424938e+00
5.557304666936397908e+00
5.102554525434970678e+00
4.635780382156371893e+00
4.404811045527457836e+00
4.088620135933160427e+00
3.706440427154302775e+00
3.438873114436864942e+00
3.164530848711728961e+00
2.969623446464538574e+00
2.741170355677604586e+00
2.519669305533170700e+00
2.358492805063724607e+00
2.183535505086183548e+00
2.008390175551176160e+00
1.876257963478565216e+00
1.722115308791398958e+00
1.571790389344096095e+00
1.500211881846189588e+00
1.409682129323482469e+00
1.338569042831659228e+00
1.255960739403963133e+00
1.167105951532721564e+00
1.143765305727720172e+00
1.107823339104652360e+00
1.067345843836665198e+00
1.005623840913176581e+00
9.846231177449226157e-01
9.971656190231442674e-01
9.264586927369237168e-01
8.996233116835355981e-01
8.886329973116516845e-01
8.752977477386594263e-01
8.684205921366811021e-01
8.340834733098745346e-01
8.188455462455749290e-01
8.264316122978925261e-01
7.937519865110516104e-01
7.884658221155405045e-01
7.648824462667107582e-01
7.890886612236499564e-01
7.619104482233524100e-01
7.669183125719427618e-01
7.665971616283059342e-01
7.567636284977197203e-01
7.575184466317296250e-01
7.625550480559468713e-01
7.422178803011775239e-01
7.359833918511867745e-01
7.294132027775048766e-01
7.440828461199998634e-01
7.301817946135997772e-01
7.226353291422128455e-01
7.108542228117584738e-01
7.160261774435638937e-01
7.320416349917650001e-01
7.336757771670818773e-01
7.286902748048305067e-01
7.155944399535656419e-01
7.158137060701846854e-01
7.061621701344847901e-01
7.012226516380906105e-01
6.973267771303653939e-01
7.168707484379410744e-01
7.286354575306177583e-01
7.225796658545732276e-01
6.936058418825268301e-01
6.966196456924080849e-01
7.054299857467413171e-01
6.929758245125412497e-01
7.007307851687073486e-01
7.007210245355963707e-01
7.050066724419593589e-01
7.220971612259745598e-01
6.890517724677920341e-01
6.862253254279494508e-01
6.838095080107450263e-01
6.792315300554037094e-01
6.907109029591083083e-01
6.800025166943669541e-01
6.851859761402010474e-01
6.906090453267097473e-01
6.857914501801133378e-01
6.788063464686274751e-01
6.835399968549609184e-01
6.885173585265874641e-01
6.833962095901370271e-01
6.769412187859416008e-01
6.740943226963281854e-01
6.866809282451867835e-01
6.812042664736509545e-01
6.751867378130554931e-01
6.709602547809481177e-01
6.751995861530304399e-01
6.737850096076727358e-01
6.717792373150587304e-01
6.798134759068489297e-01
6.706655500456690788e-01
6.643491527065634727e-01
6.745343631133436935e-01
6.661097113043069617e-01
6.772429121658205542e-01
6.668342107906937155e-01
6.608046203851699607e-01
6.748215882107615471e-01
6.655120840296149254e-01
6.636226138100027594e-01
6.750061850994825141e-01
6.631807275116443634e-01
6.707005728036165015e-01
6.718872612342238204e-01
6.680841350927948508e-01
6.684395203366875204e-01
6.628465762361883673e-01
6.660068133845925553e-01
6.666253089904785600e-01
6.525615790858865228e-01
6.412568517029285653e-01
6.330126963555813280e-01
6.593562036752700362e-01
6.294102622196078300e-01
6.368706371635198815e-01
6.283417379483580145e-01
6.280944306403398736e-01
6.274198509752750841e-01
6.288503963500261529e-01
6.248194914311170356e-01
6.212873753160238488e-01
6.213724704459309134e-01
6.309463188052177873e-01
6.346094001084565672e-01
6.255175350233912468e-01
6.170885536819696870e-01
6.268985059112310854e-01
6.188362998887896316e-01
6.149139137938618438e-01
6.259424893185496774e-01
6.203664818778633627e-01
6.121801463887095451e-01
6.092082545161247031e-01
6.141640212386846320e-01
6.156706383451819864e-01
6.176044540479779243e-01
6.140614841133356094e-01
6.118357574567199197e-01
6.118439015001058134e-01
6.123704973608254942e-01
6.144307548180222289e-01
6.137205399572849274e-01
6.130110666155814680e-01
6.229019511491060701e-01
6.114045485854149309e-01
6.079024948179722054e-01
6.195620462298393472e-01
6.099301569163799730e-01
6.134898971766233888e-01
6.085532002151012865e-01
6.170960711315274239e-01
6.101539885625243409e-01
6.134490890428423437e-01
6.165192440152168496e-01
6.129158195108175278e-01
6.151037629693746345e-01
6.070314170792698860e-01
6.102290963754057884e-01
6.122664095833897369e-01
6.168222501873970032e-01
6.104271732270717399e-01
6.117702061310410500e-01
6.136073952540754828e-01
6.181686723604797873e-01
6.097001861780881882e-01
6.089828828349709289e-01
6.113612184301018271e-01
6.137914627790450606e-01
6.111163062974810378e-01
6.101470528170466201e-01
6.128866780549288018e-01
6.136642877012491448e-01
6.169612895697355048e-01
6.130144439637661424e-01
6.140591708943248239e-01
6.112155536189675109e-01
6.107813805341720803e-01
6.104847898706793341e-01
6.139172818511724472e-01
6.117862282320857270e-01
6.100354515016078727e-01
6.146979263052344544e-01
6.126521289348602073e-01
6.125414609909057839e-01
6.106247244402766006e-01
6.107799414545297401e-01
6.118721667677163856e-01
6.096420021727680938e-01
6.103317782282828841e-01
6.117473967373371346e-01
6.106670092791318671e-01
6.146354859694838080e-01
6.113382358103990333e-01
6.139630807563662973e-01
6.113314861431717873e-01
6.119980048388242722e-01
6.105901310220360756e-01
6.083951750770211220e-01
6.161393772810697111e-01
6.151014344766736475e-01
6.111249851062894312e-01
6.126583531498909219e-01
6.106767628341913667e-01
6.119904991239308867e-01
6.122472796589135680e-01
6.117272444069385973e-01
6.119735691696405189e-01
6.106831233948468718e-01
6.111850837245583756e-01
6.117521964013576952e-01
6.127410447224974632e-01
6.161895547062158363e-01
6.078689033165574074e-01
6.115405477583408800e-01
6.113941257819532904e-01
6.107514845207333565e-01
6.118853732943534407e-01
6.118279160931706651e-01
6.135762155055999312e-01
6.132527366280555725e-01
6.091610211879014969e-01
6.104114098474383576e-01
6.110064478591084036e-01
6.130018115043640581e-01
6.135892888531089273e-01
6.111731735989451852e-01
6.124550705775618775e-01
6.086895497515797393e-01
6.116960549727081808e-01
6.088141506537795289e-01
6.119912121444940345e-01
6.043496897444129434e-01
6.014760950580239074e-01
5.895904088392853737e-01
5.859341561794281228e-01
5.794494440779089928e-01
5.796460205689072387e-01
5.754287313669920190e-01
5.729884095489978790e-01
5.739418808370828629e-01
5.735990475863218530e-01
5.702133357524872270e-01
5.646087652072310226e-01
5.654708670452237573e-01
5.694171825423837152e-01
5.795698244124650733e-01
5.580949073657393011e-01
5.612314896658062713e-01
5.650772841647266898e-01
5.586650589480995910e-01
5.726004738360643831e-01
5.617849441245198472e-01
5.598867591470479965e-01
5.596326090395450370e-01
5.584906283766031265e-01
5.601070301607251611e-01
5.584785431623459084e-01
5.560042994096875413e-01
5.611800806596874969e-01
5.586014324799180031e-01
5.641394436359405962e-01
5.564974794164300187e-01
5.611205017194151878e-01
5.576096856966614723e-01
5.577242018654942068e-01
5.557915024459362252e-01
5.542209822684526221e-01
5.592254888266324775e-01
5.559733267873525620e-01
5.528263973072171655e-01
5.699755081906914267e-01
5.526159746572375520e-01
5.553318593651056512e-01
5.549192689359188080e-01
5.554404603317379951e-01
5.558337362483143362e-01
5.550472082570194754e-01
5.593876574188471062e-01
5.636867605149745719e-01
5.583061553537845834e-01
5.525627711787819418e-01
5.518661815673112647e-01
5.530303662642837015e-01
5.544151993468403594e-01
5.532635526731610742e-01
5.530055588111281173e-01
5.539534226059913413e-01
5.483522983267903328e-01
5.496840124949813333e-01
5.499339882284403069e-01
5.463421231135725531e-01
5.486183447763324228e-01
5.454539684578776360e-01
5.470569115132093430e-01
5.434118693694471869e-01
5.440779328346252441e-01
5.465140396729111227e-01
5.460701340809464011e-01
5.444628776982426421e-01
5.622412543743848801e-01
5.473228598013519797e-01
5.426759375259280205e-01
5.454582458361982855e-01
5.419911867007612960e-01
5.445210093632339987e-01
5.451651409268378767e-01
5.443725740537047608e-01
5.455798296257853286e-01
5.465910490602254868e-01
5.449705697596073373e-01
5.480072537437081781e-01
5.444740112870931625e-01
5.429771451279521433e-01
5.458860620856285095e-01
5.437910374253988044e-01
5.470249330624937789e-01
5.445011824369430098e-01
5.441292207688093185e-01
5.467407004907727242e-01
5.448872126638889535e-01
5.449568327516317590e-01
5.448869239538908227e-01
5.484563738107681719e-01
5.460069488734007326e-01
5.469991888850926909e-01
5.453072145581245866e-01
5.420145604759454283e-01
5.429474711418151855e-01
5.490208549425006357e-01
5.456866512075067011e-01
5.424285927787423356e-01
5.452042195945978609e-01
5.449846532195806725e-01
5.427576489746570587e-01
5.432738138362764868e-01
5.432527240365743193e-01
5.432622341439128366e-01
5.471117774024605307e-01
5.450176322832703812e-01
5.475150803104043007e-01
5.437977885827421920e-01
5.445483911782502684e-01
5.470862384885549767e-01
5.452625142410397752e-01
5.467538412660359892e-01
5.453373847529292551e-01
5.471397748216986212e-01
5.445322090759873168e-01
5.439574325457214865e-01
5.441579267382621321e-01
5.465645860880613549e-01
5.452894479036330955e-01
5.440391259267925994e-01
5.476846160367131455e-01
5.429388629272580147e-01
5.427923539653420892e-01
5.432335440069436805e-01
5.471740813925862756e-01
5.530019739642739740e-01
5.433984069153666718e-01
5.438639424741268380e-01
5.456003846600652185e-01
5.442959809675812499e-01
5.461528813466429710e-01
5.436153337359428406e-01
5.441542370244860649e-01
5.450670113787055016e-01
5.483380181714891943e-01
5.450187258422374281e-01
5.484914524480700715e-01
5.438944691792130248e-01
5.440837610512971878e-01
5.450240544974803703e-01
5.442519335076212439e-01
5.416471982374787553e-01
5.439994612708687338e-01
5.423785474151372465e-01
5.428297113627195136e-01
5.404380798339843972e-01
5.424120560288429038e-01
5.410908481106162515e-01
5.377527683973312156e-01
5.385317413136363474e-01
5.400940652936696562e-01
5.385343495756387266e-01
5.384224185720085654e-01
5.368215639144182649e-01
5.358823483809829202e-01
5.362480754032731278e-01
5.346360823139548746e-01
5.376486128196120706e-01
5.388793710619210753e-01
5.405076507478951964e-01
5.391075745224952476e-01
5.386585645377636178e-01
5.383565274998545203e-01
5.343888424336910026e-01
5.380499362945556641e-01
5.385786086320877297e-01
5.364925937727094141e-01
5.363122150301933289e-01
5.359661694616079108e-01
5.359495656564832178e-01
5.384584164246917215e-01
5.377745715901255386e-01
5.368739705532789008e-01
5.368777690455317497e-01
5.397991051897406134e-01
5.351803943514823469e-01
5.367465775460005251e-01
5.371624434366821799e-01
5.373601218685507552e-01
5.381660828366875426e-01
5.358868556097149405e-01
5.359081685543060081e-01
5.375314051285385863e-01
5.386564081534743753e-01
5.381430201232433319e-01
5.426146231591701952e-01
5.370865946635603461e-01
5.390783624723554102e-01
5.347862919792533143e-01
5.377110982313751952e-01
5.416353128850459608e-01
5.341158483177423921e-01
5.372127000242471473e-01
5.389959583058953063e-01
5.383669545873999152e-01
5.373325858265161070e-01
5.361296661198139413e-01
5.393553020432590994e-01
5.362956125289202181e-01
5.402721066027880159e-01
5.352667158469557318e-01
5.366364469751715438e-01
5.349487842991947906e-01
5.382037548348307388e-01
5.369767233729362266e-01
5.399585483595729096e-01
5.381330868229270425e-01
5.358525022864342180e-01
5.448800068348645942e-01
5.345897849649190459e-01
5.342782380059361014e-01
5.380312286317348036e-01
5.361537707969545874e-01
5.372361924499273744e-01
5.346808815374970436e-01
5.357576081529259460e-01
5.381626503542065176e-01
5.387930095195769820e-01
5.371653098613023980e-01
5.356685508042573485e-01
5.379997868090867774e-01
5.355358218774199930e-01
5.400224316865205321e-01
5.348871113732457383e-01
5.378160938620567544e-01
5.339717144146561845e-01
5.279458051547407660e-01
5.329232992604374664e-01
5.301986910402775033e-01
5.246053703129291979e-01
5.224805969744921175e-01
5.185732994228601234e-01
5.109678274020552635e-01
5.167907759547233359e-01
5.159470772370695624e-01
5.095731893554329428e-01
5.247866177931428400e-01
5.112289926037192345e-01
5.103144923225044760e-01
5.097871674224734306e-01
5.132051503285766092e-01
5.108390167355537637e-01
5.130362438037991968e-01
5.095203982666134390e-01
5.147455468773841636e-01
5.333898158743977103e-01
5.126263625919819100e-01
5.086809955537319183e-01
5.078027194365859476e-01
5.078208776190876739e-01
5.076134407892822775e-01
5.114792793989181297e-01
5.082840558141470400e-01
5.169434139505029169e-01
5.095546407625078933e-01
5.076372588053346124e-01
5.076783182099461333e-01
5.073202477768063989e-01
5.115183362737297790e-01
5.073870278894900832e-01
5.064078517258167045e-01
5.132305169478058593e-01
5.092123370617628320e-01
5.103943975642323272e-01
5.057638933882117049e-01
5.066198106855154260e-01
5.039604384452104346e-01
5.057781102135777695e-01
5.073857927694916947e-01
5.049721078947186914e-01
5.054425500333309396e-01
5.070110967382788214e-01
5.074329338967800140e-01
5.068842887878417525e-01
5.066150702536106332e-01
5.048489276319741981e-01
5.086028274148702844e-01
5.113975794985889944e-01
5.072190999984741433e-01
5.052694281563162582e-01
5.068748524412513001e-01
5.085026472806930542e-01
5.028428852558135542e-01
5.087505374103784561e-01
5.034460812807083352e-01
5.023967916145920531e-01
5.006620854139327559e-01
5.037509331479668173e-01
4.997818214818835481e-01
5.028797363862395065e-01
4.997841259464621544e-01
5.009020976722240448e-01
4.982756866142153962e-01
5.006570255383848700e-01
4.993570493534207344e-01
4.995305370539426804e-01
5.020729372277855651e-01
5.041367530822753462e-01
5.030769033357500586e-01
5.034596726298332658e-01
5.026639157906174216e-01
4.999169301241636054e-01
4.987205205485224502e-01
5.020595187321305053e-01
5.012050366029143778e-01
5.089934248477220313e-01
4.982296273112297169e-01
5.027509165927768198e-01
4.975290207192301639e-01
4.995904862880706787e-01
5.014349428936839548e-01
5.047223251312971115e-01
5.021652057766914368e-01
4.993511708453297615e-01
5.000916860997677293e-01
4.998274806886911503e-01
4.987461073324084282e-01
5.029853856191038863e-01
4.995418984442949184e-01
5.002492709085345490e-01
4.992933195084333642e-01
4.995226521044969781e-01
5.056185003370046172e-01
4.991589233279228321e-01
5.020484870299697366e-01
5.016104280948638916e-01
5.009184800088405387e-01
4.991910334676504246e-01
5.105240017175673994e-01
5.005264852195978609e-01
4.996079258620739205e-01
5.040601767599582894e-01
5.019909828901291116e-01
5.012832403182982954e-01
5.002658894285559876e-01
5.030714003369212151e-01
5.010650468990206496e-01
4.992131797596812137e-01
4.990729333832860104e-01
5.030104003846644911e-01
4.984094722196459881e-01
5.004915321245789750e-01
5.023469084873795065e-01
5.006569622084497961e-01
5.010738665238022582e-01
4.995424559339881054e-01
