6.540724916458130167e+01
2.197171455323696065e+01
1.275087088346481323e+01
1.139614884555339813e+01
1.002912529408931697e+01
9.208001366257667186e+00
8.638640820980072021e+00
8.003051874041556601e+00
7.481222441792487743e+00
6.953277094662189128e+00
6.461963166296482264e+00
5.887734116613865254e+00
5.444404198229312541e+00
5.117529341578483937e+00
4.886772555112838923e+00
4.588601687550545094e+00
4.432421685755253193e+00
4.237001150846481323e+00
4.103009845316409887e+00
3.967642579227685928e+00
3.814144313335418701e+00
3.705961062759160818e+00
3.571632081270217807e+00
3.440352871268987478e+00
3.323792409151792526e+00
3.285473857820034205e+00
3.224814303219318390e+00
3.154673905670642764e+00
3.116026984900236219e+00
3.046834155172109426e+00
3.020597036927938461e+00
2.993182609975337805e+00
2.986162710189819158e+00
2.956961122155189692e+00
2.926824186742305933e+00
2.905755694955587387e+00
2.916781740635633557e+00
2.887625703960657209e+00
2.852001869678497226e+00
2.844643849879503250e+00
2.840326345711946310e+00
2.825981360673904597e+00
2.816396033018827350e+00
2.794790707528591156e+00
2.798922909051179797e+00
2.789843588322400869e+00
2.797120711952447714e+00
2.785851776599884033e+00
2.781253429502248853e+00
2.786439508944750010e+00
2.778537533432245077e+00
2.778700739890337168e+00
2.770400909334421069e+00
2.775342372059822260e+00
2.772148106992244898e+00
2.768654307723045438e+00
2.765212185680866241e+00
2.770517458766698748e+00
2.767019616067409427e+00
2.771929607540369211e+00
2.760832615196704865e+00
2.768186350166797816e+00
2.764493765681982129e+00
2.762723717093467535e+00
2.762091583758592428e+00
2.756319880485534668e+00
2.759771435707807363e+00
2.754711223393678576e+00
2.750128000229596914e+00
2.749241048842668622e+00
2.748052134364843191e+00
2.747905832529068171e+00
2.752055720239877878e+00
2.754392249137163073e+00
2.746609312295913874e+00
2.745393365621566772e+00
2.746736938506364911e+00
2.746982874721288770e+00
2.746733902394771665e+00
2.745695243775844396e+00
2.744071688503026962e+00
2.745185106992721558e+00
2.745762806385755539e+00
2.741294935345649719e+00
2.737455958873033612e+00
2.734137997031211853e+00
2.734855924546718775e+00
2.731054642796516330e+00
2.729442141950130463e+00
2.729659488797187894e+00
2.729062474519014181e+00
2.731646779924631119e+00
2.731069175899028867e+00
2.728940029442310511e+00
2.730329562723636805e+00
2.728049582242965787e+00
2.726813814043998807e+00
2.728372041136026382e+00
2.726431916654109777e+00
2.729850905388593763e+00
2.728875934332608999e+00
2.731786586344242096e+00
2.726594436168670477e+00
2.729027432203293024e+00
2.727599009871482849e+00
2.727563543617725461e+00
2.728287615627050577e+00
2.728906999528407873e+00
2.730639338493347168e+00
2.727717875689267935e+00
2.727875474840402603e+00
2.727223459631204605e+00
2.727998216450214564e+00
2.730210228264331906e+00
2.728975640237331302e+00
2.727054657042026431e+00
2.726549270004034131e+00
2.728233416378498255e+00
2.727164259552955716e+00
2.727159253507852377e+00
2.726758417487144648e+00
2.728109502792358310e+00
2.726420400291681201e+00
2.726826310902834116e+00
2.727457918971777140e+00
2.727662018686532797e+00
2.727870077639818369e+00
2.730114440619945348e+00
2.727785120904445471e+00
2.726346131414175034e+00
2.728712818026542752e+00
2.731069371849298655e+00
2.730334971100091934e+00
2.729037877172231674e+00
2.727770231664180756e+00
2.729648176580667496e+00
2.727179918438196182e+00
2.728785683214664637e+00
2.729424813389778048e+00
2.730908856540918528e+00
2.730567102879285724e+00
2.729404976963996976e+00
2.725973755866289316e+00
2.727514801919460385e+00
2.725705193728208631e+00
2.727320618182420553e+00
2.728100736439228235e+00
2.728605630248785108e+00
2.725710186362266363e+00
2.726331077516078949e+00
2.726255480200052261e+00
2.726845791190862567e+00
2.728703071177005945e+00
2.728152747452258886e+00
2.728528702259063632e+00
2.727322308719158261e+00
2.728855898976326078e+00
2.727049061655998141e+00
2.726508602499961853e+00
2.726401492208242239e+00
2.726474361121654422e+00
2.726504610478877932e+00
2.727989201992750079e+00
2.725717295706272303e+00
2.726364145427942365e+00
2.729038015007972717e+00
2.727573350071907043e+00
2.726601385325193583e+00
2.727259515970945181e+00
2.726738294959068387e+00
2.727124521136283786e+00
2.726680926233529867e+00
2.728106104582548319e+00
2.728475494682788938e+00
2.728154570609331309e+00
2.726824849843978882e+00
2.728229843080043793e+00
2.726425823569297968e+00
2.726614495366811664e+00
2.729101090133190244e+00
2.726857571303844541e+00
2.726274293661117731e+00
2.728181173652410418e+00
2.726616773009300054e+00
2.728418510407209396e+00
2.726603117585182368e+00
2.727335013449192047e+00
2.727061054110527127e+00
2.727143313735723495e+00
2.725694610923528494e+00
2.729116437584161670e+00
2.726020158827304751e+00
2.726929757744073868e+00
2.728193790465593516e+00
2.727741186320781885e+00
2.727018092572689234e+00
2.726308222115039648e+00
2.725777847319841296e+00
2.728071971982717336e+00
2.727417211979627609e+00
2.726758219301700592e+00
2.728261868655681432e+00
2.728015131503343405e+00
2.729946182668208987e+00
2.728027867525816053e+00
2.727891793102025897e+00
2.728165335953235626e+00
2.727997956424951465e+00
2.726256388425826849e+00
2.727577253431081594e+00
2.727322454750537695e+00
2.725523154437541784e+00
2.727080551534891040e+00
2.728070387244224460e+00
2.727354411035776138e+00
2.725980564206838430e+00
2.727881634235381991e+00
2.728525546938180835e+00
2.727597583830356776e+00
2.726433141529560178e+00
2.728099893033504308e+00
2.726084823161363691e+00
2.728264768421650110e+00
2.728466022014617742e+00
2.724971010535955251e+00
2.727938494831323446e+00
2.728494327515363693e+00
2.725514484941959470e+00
2.727062089741230100e+00
2.725346405804157435e+00
2.724441038072109134e+00
2.725655878335237592e+00
2.725228526443243204e+00
2.721809510886669337e+00
2.716554707288742154e+00
2.715812092274427325e+00
2.714228663593530655e+00
2.711913086473941803e+00
2.712464669346809298e+00
2.713989755511283963e+00
2.711667919903993695e+00
2.713205003738403231e+00
2.711933360248804270e+00
2.711496921628713697e+00
2.711325694620609461e+00
2.712506116926669986e+00
2.711666025966406046e+00
2.712585838884115308e+00
2.709787297993898392e+00
2.712786544114351273e+00
2.713047409057617099e+00
2.712236544489860623e+00
2.711478690803050817e+00
2.711037973314523786e+00
2.710742833465337842e+00
2.711336209625005544e+00
2.711067084223031998e+00
2.712808016687631607e+00
2.709676655381918042e+00
2.711969265341758639e+00
2.710794080793857752e+00
2.711405596882104696e+00
2.710347629338502706e+00
2.712246853858232498e+00
2.712222841382026850e+00
2.711681714653968900e+00
2.710342583060264765e+00
2.711840336769819171e+00
2.710462124645709903e+00
2.711836762726306915e+00
2.712646852433681310e+00
2.711033579707145869e+00
2.710441537201404572e+00
2.711308073252439499e+00
2.710957849025726230e+00
2.710371931642293841e+00
2.712639163434505285e+00
2.711474630981683731e+00
2.710771880298852743e+00
2.711361835151910871e+00
2.710606284439563751e+00
2.710333842039108099e+00
2.710048182308673947e+00
2.711801546066999524e+00
2.710864878445863546e+00
2.710869627445936292e+00
2.711156298220157801e+00
2.711353095620870679e+00
2.711813734471797854e+00
2.710265342891216456e+00
2.711368983983993619e+00
2.709683404117822825e+00
2.711684658378362478e+00
2.711396982520818622e+00
2.710575459897518247e+00
2.712053128331899821e+00
2.710638831555843176e+00
2.709707065671682180e+00
2.712226395308971583e+00
2.711944318562745870e+00
2.710369206964969635e+00
2.711201418191194534e+00
2.711964088678359808e+00
2.711018250137567698e+00
2.712524675577879130e+00
2.711449775099754156e+00
2.710674652457237155e+00
2.710788196325302213e+00
2.710851745307445437e+00
2.711691062152385534e+00
2.710053777694702237e+00
2.710076136887073606e+00
2.710669232159852893e+00
2.712338074296712698e+00
2.711439980566501706e+00
2.711469464004039764e+00
2.711184797435998828e+00
2.711227869242429644e+00
2.710166358947753817e+00
2.710934267938136966e+00
2.711820685118436991e+00
2.710893061757087885e+00
2.710534119606017978e+00
2.710894284397363574e+00
2.710424898564815610e+00
2.711517023295164197e+00
2.710264869034290314e+00
2.711856549978256314e+00
2.710183632373809992e+00
2.712972544133663177e+00
2.710377126932144165e+00
2.711018966138362796e+00
2.710921899974346072e+00
2.710634777694940656e+00
2.711805447936058044e+00
2.711863201111555099e+00
2.710881883651018232e+00
2.711034081876277924e+00
2.710532267391681849e+00
2.711426904052495868e+00
2.711949403584003271e+00
2.710810668021440328e+00
2.710923339426517309e+00
2.711878713965416132e+00
2.711073849350214005e+00
2.711121653020382105e+00
2.711570777744054972e+00
2.712646511942148120e+00
2.710054282099008560e+00
2.711430497467517853e+00
2.709519930928945719e+00
2.711656913906336008e+00
2.711287955194711774e+00
2.710643541812896906e+00
2.711026098579168320e+00
2.711027283221483231e+00
2.709987087547779172e+00
2.710478682816028773e+00
2.711158271133899511e+00
2.709839597344398499e+00
2.711123267561197370e+00
2.710516063868999570e+00
2.711258614063262851e+00
2.710221925377845675e+00
2.711978867650032043e+00
2.711296988278627307e+00
2.710777731239795596e+00
2.710922881215810598e+00
2.710539978742599665e+00
2.710283719003200531e+00
2.710259496420621694e+00
2.712686183303594678e+00
2.710910916328430176e+00
2.710137858241796316e+00
2.710533715784549713e+00
2.710470800846815020e+00
2.711037360131740570e+00
2.711021934449672877e+00
2.713163559138775049e+00
2.712329436838627039e+00
2.709925809502601535e+00
2.710754247754812329e+00
2.710141272097826182e+00
2.710050600022077649e+00
2.709873307496309280e+00
2.710735108703374863e+00
2.711531327664852054e+00
2.710729286819696604e+00
2.710748151689768015e+00
2.710450755059718997e+00
2.710722471773624243e+00
2.710722094029188067e+00
2.710163727402687073e+00
2.711039207875728607e+00
2.711521030217409312e+00
2.710642887651920407e+00
2.711134064942598343e+00
2.711923073232173742e+00
2.710034232586622238e+00
2.711218019574880511e+00
2.709844091534614474e+00
2.711799822747707367e+00
2.711217988282442093e+00
2.709906340390443980e+00
2.710781340301037012e+00
2.712236892431974411e+00
2.713086264580488294e+00
2.711170677095651627e+00
2.713385854661464869e+00
2.710711880773305715e+00
2.711887942254543216e+00
2.711376407742500216e+00
2.710883047431707382e+00
2.712067045271396637e+00
2.711669676005840302e+00
2.712940455228090464e+00
2.710343975573778152e+00
2.711072532832622617e+00
2.709554302692413152e+00
2.710502592474222094e+00
2.711406288295984179e+00
2.710573842376470477e+00
2.710641980171203613e+00
2.710820215195417493e+00
2.709915516525506884e+00
2.712045352160930456e+00
2.710945586860179723e+00
2.711365555971860797e+00
2.711216025799513041e+00
2.711605755239725024e+00
2.711999841034412384e+00
2.712168443202972234e+00
2.709933169931173502e+00
2.712228062003851026e+00
2.711091900616884320e+00
2.710871378332376569e+00
2.709987404942512335e+00
2.711247490346431643e+00
2.710551598668098361e+00
2.710789994895458133e+00
2.710331004858017145e+00
2.711789523065090357e+00
2.711652020364999860e+00
2.711307794600725352e+00
2.710999464243650348e+00
2.712277042865752996e+00
2.709423101693391622e+00
2.711365308612585068e+00
2.710766694694757284e+00
2.710442951321601956e+00
2.711225216835737140e+00
2.710720332711935132e+00
2.711598678678273977e+00
2.711491151899099172e+00
2.711376041918993174e+00
2.711377287656068891e+00
2.711482188850641073e+00
2.711950165033340632e+00
2.709325788915157407e+00
2.711517219245433985e+00
2.711086990684270948e+00
2.710055888444185435e+00
2.712242236733436673e+00
2.710672154277562917e+00
2.710617274791002451e+00
2.711283593624830068e+00
2.710679025202989756e+00
2.710031610727310358e+00
2.711032071709632785e+00
2.711149246990680606e+00
2.709694248437881647e+00
2.710793683677911847e+00
2.710160846263170331e+00
2.711468232423067004e+00
2.711631096154451193e+00
2.710744879394769491e+00
2.711884766072034658e+00
2.710594885796308695e+00
2.712532517313957392e+00
2.712087497115135193e+00
2.710651973634958356e+00
2.711414709687232971e+00
2.712021486461162478e+00
2.710506446659564972e+00
2.710225286334753125e+00
2.711155728250742136e+00
2.711452321708202273e+00
2.711010077595710666e+00
2.711619265377521515e+00
2.711816116422414602e+00
2.710759537667036145e+00
2.710570104420185089e+00
2.711326993256807150e+00
2.711286237835884183e+00
2.711538564413785934e+00
2.714080312848091037e+00
2.711561129242181956e+00
2.711603330075740725e+00
2.711259748786687851e+00
2.711453020572662354e+00
2.711171477288007559e+00
2.709956643730401904e+00
2.712496720999479471e+00
2.711831499636173426e+00
2.711117344349622815e+00
2.713513366132974447e+00
2.710967938601970495e+00
2.708708437532186597e+00
2.711172391474247156e+00
2.711823510378599256e+00
2.710700146108865560e+00
2.710566592216491877e+00
2.713403292745351969e+00
2.711283312737941653e+00
2.710289105027913870e+00
2.710655944049358279e+00
2.710654486715793787e+00
2.709590381383895963e+00
2.711843342334032236e+00
2.710409298539161682e+00
2.710508590936660855e+00
2.713356645405292422e+00
2.711089294403791428e+00
2.711545933783054529e+00
2.710497558861971079e+00
2.710984946042299448e+00
2.710568254441022784e+00
2.711112277954816907e+00
2.711794764548540293e+00
2.710465761274099439e+00
2.710043327510356814e+00
2.710015573352575480e+00
2.710683996230363935e+00
2.711064093559980570e+00
2.711135940253734500e+00
2.710782541334629148e+00
2.711998265236616135e+00
2.711025843769311994e+00
2.711127383261918933e+00
2.710790199786424548e+00
2.711921641230583102e+00
2.711663204431533636e+00
2.710749550908803762e+00
2.710415444523095907e+00
2.712908661365509122e+00
2.710163436084985555e+00
2.710498814284801661e+00
2.711732769757509320e+00
2.711709794402122675e+00
2.711332967132329852e+00
2.710973812639713376e+00
2.710691557079553782e+00
2.710802315175533383e+00
2.709922683984041125e+00
2.710355590283870519e+00
2.712231130897998721e+00
2.711023253202438532e+00
2.712465359270572751e+00
2.710931307077407926e+00
2.710382495820522486e+00
2.712929572910070419e+00
2.710119158774614512e+00
2.713192278146743686e+00
2.711638115346431732e+00
2.711002944409847348e+00
2.709642552584409891e+00
2.711396837979555219e+00
2.710879700630903333e+00
2.711622156947851359e+00
2.711435463279485703e+00
2.710909592360258191e+00
2.711095893383026034e+00
2.709908420592546552e+00
2.711368313431739896e+00
2.711320579797029673e+00
2.710595376044511617e+00
2.710264118760824292e+00
2.710449697077274234e+00
2.710660356283187689e+00
2.710998599976301104e+00
2.710270795971155167e+00
2.711737123131752192e+00
2.710990029573440374e+00
2.710434900969266980e+00
2.710676632076501669e+00
2.711146494746208280e+00
2.711151672154664904e+00
2.710858558118343531e+00
2.711917275190353305e+00
2.711952286213636487e+00
2.711017359048128128e+00
2.712298930436372935e+00
2.711285141855478198e+00
2.710030598938465207e+00
2.711732503771782099e+00
2.711414776742458344e+00
2.710242947190999896e+00
2.711818495392799289e+00
2.711810950934887110e+00
2.712932387739420026e+00
