1.198680417776107845e+02
5.665603908300399638e+01
3.250743493437767029e+01
2.324822092652321004e+01
1.632481474876403738e+01
1.312343410849571157e+01
1.092534652054309774e+01
9.448379494249820709e+00
8.823779127001762035e+00
7.740706452727318165e+00
7.112935307621955694e+00
6.619229586422443745e+00
6.118783912062644603e+00
5.707423904538154957e+00
5.146244466304779053e+00
4.739833073318004963e+00
4.302722260355949402e+00
3.998448670655489146e+00
3.719297832995652975e+00
3.549098164588213145e+00
3.248432792723178864e+00
3.066130911558866412e+00
2.885757407546043485e+00
2.751875602453947245e+00
2.567758996784687220e+00
2.407764860987663180e+00
2.259435191750526428e+00
2.133044615387916565e+00
2.010831458866596311e+00
1.891308140009641647e+00
1.796350942179560706e+00
1.693948004394769669e+00
1.659896020591258958e+00
1.571656794846057803e+00
1.495674308016896159e+00
1.445822379365563348e+00
1.341799141094088599e+00
1.292058082297444344e+00
1.243761347979307264e+00
1.202496961504220918e+00
1.156582219526171684e+00
1.124163106456399053e+00
1.069933499395847365e+00
1.030495188385248229e+00
1.037595206126570746e+00
1.000814562663435936e+00
9.744611067697406259e-01
9.475882552564144357e-01
9.300992934033274206e-01
9.233344398438930734e-01
8.910004183650016563e-01
8.866335878148674521e-01
8.905134018510579841e-01
8.693561891093850580e-01
8.588251654058695062e-01
8.542935479432344215e-01
8.551123939454555734e-01
8.273181492462754472e-01
8.287589382380247116e-01
8.276209900155663268e-01
8.191718198359012604e-01
8.154803954064846483e-01
8.079335970804095712e-01
8.090927345678210481e-01
7.960284410044551340e-01
8.031603885814547761e-01
8.061467198655009048e-01
8.104051401838660018e-01
8.077790305018425210e-01
7.900330882519484010e-01
7.793264098465442213e-01
7.590236891061067359e-01
7.612453224137425423e-01
7.495351867750287278e-01
7.491044024005532043e-01
7.574626246467233148e-01
7.321421459317207781e-01
7.553315760567784753e-01
7.307744897902012093e-01
7.321272915229201095e-01
7.729652702808380571e-01
7.366113390773534331e-01
7.350459612905979601e-01
7.337923893705010636e-01
7.336283631622790846e-01
7.325837668031454086e-01
7.270444214344025102e-01
7.233381766825914827e-01
7.547598456963896529e-01
7.432720324024557623e-01
7.357362482696772066e-01
7.219656137749552727e-01
7.340211825445294158e-01
7.396295417100191560e-01
7.290427457541227563e-01
7.230101281777023825e-01
7.218886656686663850e-01
7.272490359842777030e-01
7.262666171416640726e-01
7.262573983520269616e-01
7.315467266365885957e-01
7.310220709070562872e-01
7.233648408204317315e-01
7.262499541044235007e-01
7.194443054497241530e-01
7.164476295933127625e-01
7.193155048415065256e-01
7.240098765119910018e-01
7.304644327610730903e-01
7.223235402256250604e-01
7.220399672165512817e-01
7.231869246810674889e-01
7.164018996059894340e-01
7.171445118263364282e-01
7.150726724416017754e-01
7.223847461864352226e-01
7.191190283745527712e-01
7.128738371655345407e-01
7.077077776193618774e-01
7.094258844852447954e-01
7.142524400725960287e-01
7.107528813183308092e-01
7.106203006580471548e-01
7.153851693496108277e-01
7.076353332027792709e-01
6.983097312971949799e-01
6.987452847883105500e-01
6.987279683351517168e-01
7.033595601096749306e-01
6.944682937115430610e-01
6.932235807180404663e-01
6.916985286399721655e-01
6.964699720963836160e-01
6.972314190119505151e-01
6.887871600687504037e-01
6.956905044615269151e-01
6.931951895356178728e-01
6.959202408790587935e-01
6.907058186829090340e-01
6.894143700599670854e-01
6.921358831226825936e-01
6.944856854155659898e-01
6.899735420942306741e-01
6.903731442987919298e-01
6.789958275854587333e-01
6.660632809624076334e-01
6.666841767728328705e-01
6.842426404356956038e-01
6.524880610406398329e-01
6.472556935623288155e-01
6.615141144022345099e-01
6.478475477546453698e-01
6.467071877792477386e-01
6.446836937218904939e-01
6.515882780775428262e-01
6.595169199630618317e-01
6.569859588518738303e-01
6.433147858828306420e-01
6.393047723919152991e-01
6.391334448009728941e-01
6.385862380266189575e-01
6.390412716194987519e-01
6.423062125220895258e-01
6.386680802330374496e-01
6.447024248540401681e-01
6.384140210226177947e-01
6.390174290165304694e-01
6.363361714407801406e-01
6.354737838730215582e-01
6.541021894663572311e-01
6.338984744623303857e-01
6.350087085738778114e-01
6.399664273485541344e-01
6.353533746674656646e-01
6.333575794473290665e-01
6.360311890020966530e-01
6.335592867806554285e-01
6.314867980778217094e-01
6.323640175163746102e-01
6.316709412261843903e-01
6.316992046311498132e-01
6.294366518035531266e-01
6.317597413435578346e-01
6.319839067757129225e-01
6.305817728862166405e-01
6.293416356667875800e-01
6.258020495995879617e-01
6.234195180237293021e-01
6.223672706633806007e-01
6.233291994780302270e-01
6.238210795447229895e-01
6.224168661981821504e-01
6.228894047439098580e-01
6.287363935261964798e-01
6.280645294114947097e-01
6.232913170009851678e-01
6.240137463435531107e-01
6.227065995335578918e-01
6.202686922624707222e-01
6.218385852873324904e-01
6.199889907613396201e-01
6.228611869737505913e-01
6.223796950653195381e-01
6.237183071672915968e-01
6.267234109342098014e-01
6.217676475644111633e-01
6.202727720141411050e-01
6.208247641101479752e-01
6.244998002424836381e-01
6.238813571631908195e-01
6.254495937377214654e-01
6.232701225206256357e-01
6.227435670793056710e-01
6.216491086408495459e-01
6.200910637155174765e-01
6.195962948724627051e-01
6.244579968973994477e-01
6.213594844564795938e-01
6.210122928023338318e-01
6.262295909225941148e-01
6.257664866745471510e-01
6.195996973663568941e-01
6.242875272408128229e-01
6.245128639042377694e-01
6.234629338607191595e-01
6.207950588315724882e-01
6.220498183742165788e-01
6.191461378708481567e-01
6.218919407576322111e-01
6.226129448041319847e-01
6.224200678989291191e-01
6.234153501689434496e-01
6.204605765640736070e-01
6.254512835294008255e-01
6.224167892709374650e-01
6.205505592748522536e-01
6.377703733742237091e-01
6.210439892485737357e-01
6.214139925315975699e-01
6.226016102358699067e-01
6.224408706650137457e-01
6.207922754809260812e-01
6.244665376842022386e-01
6.237165058031678422e-01
6.223514715209603754e-01
6.208552004769444244e-01
6.221123442053795305e-01
6.223496397957205550e-01
6.227231539785862413e-01
6.252278463914990869e-01
6.203916251659393755e-01
6.197991486638784187e-01
6.197933284565806389e-01
6.226805435493588670e-01
6.217364383861422317e-01
6.210480930283666101e-01
6.205884493887424691e-01
6.202986514195799606e-01
6.216105554252863152e-01
6.238717485219240633e-01
6.237824544310569541e-01
6.222658157348632812e-01
6.210638612508774248e-01
6.235333204269408736e-01
6.204198936000466791e-01
6.216101804748177528e-01
6.210039604455233064e-01
6.220381660386919975e-01
6.220225809141993745e-01
6.206592956557870355e-01
6.219783816486597061e-01
6.210063461214303526e-01
6.213180817663669364e-01
6.205591954290866630e-01
6.214966092258691344e-01
6.209827851504087226e-01
6.198241019621490988e-01
6.208585944026708825e-01
6.232899341732263121e-01
6.214797748252749443e-01
6.193179894238710625e-01
6.204065732657909615e-01
6.197429778054356353e-01
6.222118349745869859e-01
6.200769882649183051e-01
6.177413918077945265e-01
6.207695988938212173e-01
6.180753462016582711e-01
6.204820519313216654e-01
6.176489096134900603e-01
6.203015841543674247e-01
6.202451178804040399e-01
6.185543319210410340e-01
6.182963266968727334e-01
6.173210037872195466e-01
6.172242648899555206e-01
6.187576176598668098e-01
6.173497732728719933e-01
6.199013866484165414e-01
6.169695278629661050e-01
6.208013357594609483e-01
6.184531483799219354e-01
6.182313546538352744e-01
6.194636458531022072e-01
6.176304409280419794e-01
6.182691626250743644e-01
6.193355452269315720e-01
6.205171052366494910e-01
6.188342113047837767e-01
6.183952745050191879e-01
6.190518850460648981e-01
6.178134171292185561e-01
6.169417023658751997e-01
6.179712520912289397e-01
6.178046816959976706e-01
6.194541497156024201e-01
6.180790837854146513e-01
6.185650022700428519e-01
6.177925957366824372e-01
6.201965207234024779e-01
6.179143439978360686e-01
6.232694927603006363e-01
6.186311565339565055e-01
6.186157852411270364e-01
6.175329893827438132e-01
6.192777968943119493e-01
6.175049690529703650e-01
6.173233516514301522e-01
6.177695007994771226e-01
6.168881380930543168e-01
6.210021445527672546e-01
6.221506660804152489e-01
6.184187097474932449e-01
6.187096109613776651e-01
6.179974626749753508e-01
6.271552950143813865e-01
6.192048078402876410e-01
6.189768953248858674e-01
6.181475361809134483e-01
6.187043992802501169e-01
6.186138425022363885e-01
6.172699274495243582e-01
6.163249066099524276e-01
6.189185604453086853e-01
6.206176768988370673e-01
6.199144020676612410e-01
6.292039344087243524e-01
6.232384700328111871e-01
6.203482381999492201e-01
6.185369571670890076e-01
6.178605593740940094e-01
6.178128430619835854e-01
6.178958388045430183e-01
6.188038438558578491e-01
6.191956022754311340e-01
6.180091163143515143e-01
6.194053871557116953e-01
6.201183680444956048e-01
6.294867878779768500e-01
6.190410578623414262e-01
6.180978141725063102e-01
6.166204871609807237e-01
6.175815030932426675e-01
6.186939036473632081e-01
6.188150959089397940e-01
6.197309540584683418e-01
6.207062246277927908e-01
6.195027070119977219e-01
6.203341675922274812e-01
6.195187717676162720e-01
6.172259503975510153e-01
6.194473791867494139e-01
6.190659824758768526e-01
6.214453738182783571e-01
6.220695640891790168e-01
6.176307952031493409e-01
6.181248178705572860e-01
6.193921601399778876e-01
6.175398591905831847e-01
6.191318184137344360e-01
6.167883325368166414e-01
6.236796390265226808e-01
6.191796023398637994e-01
6.180704165250062720e-01
6.172651588916778786e-01
6.195991875603794607e-01
6.195596413686871307e-01
6.171732058748602423e-01
6.169157546013593896e-01
6.192891351878643258e-01
6.173475334420800431e-01
6.186125235632061736e-01
6.179563287645578606e-01
6.183461539447308031e-01
6.176878955215215905e-01
6.197214903309941070e-01
6.177826285362243430e-01
6.183056076988577843e-01
6.183485675603150877e-01
6.186855414882301840e-01
6.180306026712060197e-01
6.180502919480204138e-01
6.183871733024716155e-01
6.192386422306299654e-01
6.183498304337262663e-01
6.178444778546691163e-01
6.180290309712290764e-01
6.174475200474262016e-01
6.190669411793351395e-01
6.178339228034019914e-01
6.168175442144274712e-01
6.184893164783715758e-01
6.181490188464522362e-01
6.205305892974137816e-01
6.204744234681129900e-01
6.182333709672093169e-01
6.179906599223613517e-01
6.187668785452842268e-01
6.208801541477442232e-01
6.174490004777908325e-01
6.161141010001301987e-01
6.173784386366605315e-01
6.220270534977316856e-01
6.175498086959123611e-01
6.183134512975811958e-01
6.189192729070782661e-01
6.168350702151655929e-01
6.188047606498002784e-01
6.174585890024900658e-01
6.189806906506418738e-01
6.182226791977882829e-01
6.169107716530561891e-01
6.194707684218883070e-01
6.207623559981584327e-01
6.181539338082074897e-01
6.181984329596161842e-01
6.175413865596055540e-01
6.197364969179034455e-01
6.229497114196419494e-01
6.166946815326810327e-01
6.180566029623151270e-01
6.176226694136858208e-01
6.206913050264120102e-01
6.169290961697697639e-01
6.209366545081138611e-01
6.176655380055308120e-01
6.181854600086807983e-01
6.186936706304549949e-01
6.193884797394275665e-01
6.192502928897738457e-01
6.177486039698123488e-01
6.217340433970093283e-01
6.175718110054730925e-01
6.193653523921966997e-01
6.174433970823883788e-01
6.189879149198531660e-01
6.170227626338601334e-01
6.178085936233401743e-01
6.188788592815399614e-01
6.185479657724499702e-01
6.176384435966610909e-01
6.184755090624094453e-01
6.203496100381016287e-01
6.218825124204159227e-01
6.187608461827039941e-01
6.199722241610288176e-01
6.164042804390191810e-01
6.171890256926417795e-01
6.175208291038870589e-01
6.222418271005153434e-01
6.182776875793933868e-01
6.176231175661086592e-01
6.177281564101576583e-01
6.176037473604083505e-01
6.174923036247491615e-01
6.181192528456449509e-01
6.172727918252348678e-01
6.166129438206553459e-01
6.194974754005670992e-01
6.187882432714104652e-01
6.195873986929655297e-01
6.186071023344993369e-01
6.168697491288185342e-01
6.188777090981603113e-01
6.181756142526865228e-01
6.191021069884300454e-01
6.203974673524499384e-01
6.179227570071816888e-01
6.188920462504029496e-01
6.179910313338041750e-01
6.171069983392953873e-01
6.181653849780559540e-01
6.184194570407270941e-01
6.170767359435558319e-01
6.189250787720084190e-01
6.185440346598625183e-01
6.165886934846639411e-01
6.172777373343706353e-01
6.186727600172161612e-01
6.306918688118458016e-01
6.178674232214689255e-01
6.177589941769838777e-01
6.168589048087597115e-01
6.197572389617562738e-01
6.173562159761786239e-01
6.183638416230679002e-01
6.188548084348439726e-01
6.225312825292348418e-01
6.187515199184417947e-01
6.177669780328869376e-01
6.185457378625869307e-01
6.180831540375948396e-01
6.191451564431190713e-01
6.301322622224688752e-01
6.170319557189941628e-01
6.171694152057171090e-01
6.166943270713091119e-01
6.195606322959065215e-01
6.177069962024688277e-01
6.183312484994530900e-01
6.207279006019235101e-01
6.163300704210996628e-01
6.180755017325282319e-01
6.177322998642921226e-01
6.194235168397426161e-01
6.177906701341271400e-01
6.183232372626662476e-01
6.175558149814606157e-01
6.198943775147199853e-01
6.191785700619221178e-01
6.183613618835807069e-01
6.181219089776277542e-01
6.185675797984003799e-01
6.191316792741418107e-01
6.169485611841082351e-01
6.176855223253369109e-01
6.211614098399877992e-01
6.162735406309366448e-01
6.174289247021078619e-01
6.198279898613691108e-01
6.184141527861356513e-01
6.173700654879212824e-01
6.187886809930205345e-01
6.179177813231945260e-01
6.204414123669266257e-01
6.178491381928324921e-01
6.234677378088235855e-01
6.179295001551509126e-01
6.233774069696664810e-01
6.170988684520125611e-01
6.186540851369499716e-01
6.188712278380990028e-01
6.192652681842446549e-01
6.194824818521738052e-01
6.193770488724112955e-01
6.191030006855726686e-01
6.190056305378675017e-01
6.196719812229275481e-01
6.175500450655817541e-01
6.193288732320070267e-01
6.181953888386487739e-01
6.186200540512800661e-01
6.183696711435914262e-01
6.185463165864348856e-01
6.215171625837683234e-01
6.176048941910267098e-01
6.213776737451552901e-01
6.174328967928885969e-01
6.186772273853421433e-01
6.192714957520365493e-01
6.168552145361900774e-01
6.193356493487953696e-01
6.212410431355237517e-01
6.192791374400258286e-01
6.181152787059545073e-01
6.177008414641023126e-01
6.195949966087936911e-01
6.176197918131947073e-01
6.198471359908580558e-01
6.177518649026751962e-01
6.173046417534351349e-01
6.189046736806631532e-01
6.181003659963607566e-01
6.181559311226010323e-01
6.191363161429762618e-01
6.203912828117609246e-01
6.179916759952902572e-01
6.178737880662084070e-01
6.179027995094656944e-01
6.187302658334374872e-01
6.178744714707136154e-01
6.176832882687449677e-01
6.198564250022172706e-01
6.196613641455769317e-01
6.184011178091168848e-01
6.187464663758873717e-01
6.178150797262788041e-01
6.181904394179582596e-01
6.277340030297636764e-01
6.240274861454964128e-01
