9.719881999492645264e+01
4.410779443979263448e+01
2.089391258955001973e+01
1.607757514715194702e+01
1.256081307530403102e+01
1.061104700565338099e+01
9.476090764999389293e+00
8.528187657892704721e+00
7.663243079185486195e+00
7.297595433890819550e+00
6.592269520461559118e+00
6.094528041779994965e+00
5.541619224846362712e+00
4.968221518397331060e+00
4.637784840166569111e+00
4.288367398828268229e+00
3.924106808751821607e+00
3.738686849176883875e+00
3.354615639895200729e+00
3.083923108130693258e+00
2.882114102691411883e+00
2.600605973601341159e+00
2.433536280691623865e+00
2.317651958018541514e+00
2.156934001296758829e+00
2.005544274672865779e+00
1.884712613746523768e+00
1.789768819883465811e+00
1.730127963051199869e+00
1.651133866980671883e+00
1.540424538031220481e+00
1.481215641275048345e+00
1.450049553811550096e+00
1.393254028260707766e+00
1.367182867601513863e+00
1.310535667836666196e+00
1.265816191211342812e+00
1.253996295109391257e+00
1.227924722433090254e+00
1.206717113777995065e+00
1.193558814376592725e+00
1.183485151082277254e+00
1.159489816427230924e+00
1.140266823023557752e+00
1.132806879281997636e+00
1.127327813208103269e+00
1.114006794989109039e+00
1.102167790755629539e+00
1.113634570315480188e+00
1.092503596842288927e+00
1.082637100294232324e+00
1.070409304648637816e+00
1.059276104345917791e+00
1.055365317687392279e+00
1.061945763602852866e+00
1.046643799170851707e+00
1.044631854817271277e+00
1.056315402314066842e+00
1.047541261464357332e+00
1.052055891603231430e+00
1.049816327914595560e+00
1.042294656112790152e+00
1.033020151779055595e+00
1.032949319854378656e+00
1.038176131993532092e+00
1.035724719241261527e+00
1.035309758037328720e+00
1.035132912173867270e+00
1.042510963976383209e+00
1.036369616910815195e+00
1.030639156326651484e+00
1.039568438753485591e+00
1.032322013750672340e+00
1.031489400938153222e+00
1.034306777641177177e+00
1.029717427492141679e+00
1.031417907774448306e+00
1.033333048224449158e+00
1.028661428019404411e+00
1.029896152392029807e+00
1.028967889398336499e+00
1.035128285363316580e+00
1.034830676019191653e+00
1.028516701608896300e+00
1.026135142520069987e+00
1.031353799253702075e+00
1.033449835702776820e+00
1.025791218876838773e+00
1.027571896836161569e+00
1.029547567293047861e+00
1.030299716070294469e+00
1.028525814786553472e+00
1.028327038511633873e+00
1.026530937477946326e+00
1.026167649775743484e+00
1.033699499443173409e+00
1.032134551182389171e+00
1.024275774136185646e+00
1.028352724760770887e+00
1.027121409401297480e+00
1.027831925451755612e+00
1.024744314700364978e+00
1.032336264848709106e+00
1.026801384985446930e+00
1.028063344582915262e+00
1.024924055859446570e+00
1.023289110884070485e+00
1.020741514489054591e+00
1.020103326812386468e+00
1.017892786115407899e+00
1.016051479801535651e+00
1.016976853087544486e+00
1.015934326499700502e+00
1.016162924468517303e+00
1.014715345576405525e+00
1.021113966405391649e+00
1.013696097955107733e+00
1.012691484391689212e+00
1.013479324802756265e+00
1.016448862664401487e+00
1.012400793656706766e+00
1.012808208353817463e+00
1.013411316275596663e+00
1.014939032495021820e+00
1.013365872949361757e+00
1.013414142280816943e+00
1.013809860870242163e+00
1.015077506378293082e+00
1.012242906913161322e+00
1.016124687716364772e+00
1.011522831022739322e+00
1.012778704613447101e+00
1.013735238462686539e+00
1.013402247056365058e+00
1.012746808305382773e+00
1.014209779351949781e+00
1.016676409915089563e+00
1.012684700265526816e+00
1.012546796351671219e+00
1.013874926418065980e+00
1.013605752214789435e+00
1.011492850258946419e+00
1.013453660160303027e+00
1.013349911570549100e+00
1.013681746274232909e+00
1.018063180521130651e+00
1.015017800778150514e+00
1.013327028043568223e+00
1.012033936008811086e+00
1.012744173035025508e+00
1.014412690326571553e+00
1.012546801939606667e+00
1.012249746918678195e+00
1.013451925665140196e+00
1.012660204619169280e+00
1.015353923663496971e+00
1.012419499829411595e+00
1.012698582187294916e+00
1.013007443770766347e+00
1.016000338643789247e+00
1.012665764242410615e+00
1.014192662388086363e+00
1.012906502373516648e+00
1.012131889909505755e+00
1.012456899881363004e+00
1.011571034789085388e+00
1.014077717624604746e+00
1.012759631872177213e+00
1.013331534340977669e+00
1.016944996267557189e+00
1.013769144564867108e+00
1.012992449849843934e+00
1.011927719041705087e+00
1.012881603650748641e+00
1.012470009177923291e+00
1.013075876608490855e+00
1.013511816598474891e+00
1.010882654413580939e+00
1.010797956213355109e+00
1.011534522101283029e+00
1.009002351760864169e+00
1.007678972184657962e+00
1.006405661255121320e+00
1.009635480865836099e+00
1.007226747274398759e+00
1.008681737259030431e+00
1.006527033448219255e+00
1.006344294548034757e+00
1.005889715999364942e+00
1.005825150012970015e+00
1.007795529067516238e+00
1.006723302602767989e+00
1.006672335416078479e+00
1.008028006926178888e+00
1.006596376374363944e+00
1.007677742093801454e+00
1.005384304374456361e+00
1.006974917277693837e+00
1.006618740409612744e+00
1.006341709196567624e+00
1.006387859210371882e+00
1.005865494161844342e+00
1.005963020771741823e+00
1.006511754542589232e+00
1.006188460625708103e+00
1.006371976062655493e+00
1.006210490688681514e+00
1.007078514993190677e+00
1.006757121160626323e+00
1.005378422886133105e+00
1.006718817725777537e+00
1.007010612636804581e+00
1.007873092964291617e+00
1.007713065668940589e+00
1.007153927907347590e+00
1.005198470875620753e+00
1.005665101110935211e+00
1.006529287993907840e+00
1.006389344483614057e+00
1.006619123741984367e+00
1.007482196763157756e+00
1.006021814793348401e+00
1.006262194737792104e+00
1.006369944289326579e+00
1.008570045046508268e+00
1.006737828627228826e+00
1.005309130623936564e+00
1.005889409780502231e+00
1.011866414174437567e+00
1.007096405327320143e+00
1.006382203102111905e+00
1.005517121776938527e+00
1.010580279305577367e+00
1.005938546732068062e+00
1.005881458893418401e+00
1.007847196981310756e+00
1.005978533066809177e+00
1.007647731900215060e+00
1.006071075424551875e+00
1.007864241674542471e+00
1.005783618614077612e+00
1.006299192830920175e+00
1.007212779670953795e+00
1.006505019217729613e+00
1.006431755423545793e+00
1.006241813674569219e+00
1.007555927708744914e+00
1.006983192637562752e+00
1.006329394504427821e+00
1.008193270489573523e+00
1.006000606343150139e+00
1.007288695871829898e+00
1.005698276497423604e+00
1.006280851736664816e+00
1.006202567555010363e+00
1.006852587126195520e+00
1.008126621320843741e+00
1.004895021021366075e+00
1.006266161426901729e+00
1.005592267587780864e+00
1.007851768285036087e+00
1.005982452630996615e+00
1.004927816987037703e+00
1.006038817763328597e+00
1.007768790796399028e+00
1.005955462902784259e+00
1.006779397837817669e+00
1.005559407919645265e+00
1.006695559620857328e+00
1.005642746761441275e+00
1.006602155044674873e+00
1.007426668703556016e+00
1.006595317274332047e+00
1.005885912477970212e+00
1.006682037562131926e+00
1.006295719370245978e+00
1.006803542003035457e+00
1.008173877373337746e+00
1.007693410664796785e+00
1.005627703294158071e+00
1.007266113907098859e+00
1.005263776704669043e+00
1.006748791411518962e+00
1.006996246427297681e+00
1.006872948259115219e+00
1.006476158648729413e+00
1.007323567941784903e+00
1.006095563620328814e+00
1.007852686196565539e+00
1.009323553368449256e+00
1.006799951568245977e+00
1.006075166538357823e+00
1.006109668500721366e+00
1.006559815257787704e+00
1.006252146139740899e+00
1.006603299453854516e+00
1.006820029020309537e+00
1.006802110746502832e+00
1.006125812232494310e+00
1.005190717056393623e+00
1.007273853383958251e+00
1.005703334137797444e+00
1.007396129891276360e+00
1.006479988619685129e+00
1.006708402931690172e+00
1.006774073466658592e+00
1.005391550809144885e+00
1.005578757822513492e+00
1.007001077383756549e+00
1.007215550169348717e+00
1.006581107154488564e+00
1.005814069695770696e+00
1.006972799450159162e+00
1.006553054600954011e+00
1.006978297233581454e+00
1.006357688456773758e+00
1.005837593972682908e+00
1.006936476752162024e+00
1.006645224243402525e+00
1.007119056954979941e+00
1.007797377742826850e+00
1.005815215036272914e+00
1.007751569524407476e+00
1.006856428086757571e+00
1.008117826655507088e+00
1.004830864071845964e+00
1.005596700683236033e+00
1.006294222362339452e+00
1.007783338427543640e+00
1.006822277605533555e+00
1.006500553712248891e+00
1.006335632875561714e+00
1.006742602214217186e+00
1.006624339520931333e+00
1.007557753846049398e+00
1.006259182468056679e+00
1.005964856594800949e+00
1.006514377519488246e+00
1.006872176565229982e+00
1.005173532292246819e+00
1.005742798373103097e+00
1.006754176318645388e+00
1.006580143049359277e+00
1.005936620011925742e+00
1.006309547275304750e+00
1.007203944772481874e+00
1.007720468193292529e+00
1.005863963812589690e+00
1.005798881128430411e+00
1.006417370960116298e+00
1.006100489571690515e+00
1.006268199719488665e+00
1.005995916202664375e+00
1.006987087801098912e+00
1.006155031360685737e+00
1.005330418050289110e+00
1.006160107813775628e+00
1.006014575436711356e+00
1.006354948133230121e+00
1.005585008487105414e+00
1.008604609593749091e+00
1.005862019956111908e+00
1.006794261932373091e+00
1.007324146479368299e+00
1.006410175189375922e+00
1.007204500585794360e+00
1.005661389976739928e+00
1.007086884975433305e+00
1.006187359243631452e+00
1.007253025472164110e+00
1.006212117895483926e+00
1.008182111009955362e+00
1.006779120862483889e+00
1.006765121594071388e+00
1.005565644055604890e+00
1.005347994342446372e+00
1.005998275801539332e+00
1.008849379234015853e+00
1.007655015774071128e+00
1.006309350952506065e+00
1.006696692854166075e+00
1.006587430462241084e+00
1.008614903315901756e+00
1.006656846404075711e+00
1.008204077184200242e+00
1.006233502924442247e+00
1.006399900466203645e+00
1.006464057788252875e+00
1.006050900369882539e+00
1.006450948864221484e+00
1.006725828722119243e+00
1.005529460683465048e+00
1.006094903498887971e+00
1.005398729443550021e+00
1.006368809752166360e+00
1.006119660846888975e+00
1.005705793574452445e+00
1.007050762698054269e+00
1.004933500662446022e+00
1.005834229849278838e+00
1.007122029364108995e+00
1.007445992156863257e+00
1.008116655424237340e+00
1.005495932698249772e+00
1.009290079772472426e+00
1.007522713765502065e+00
1.007258888334035873e+00
1.004356215149164289e+00
1.006037924811244100e+00
1.006480374559760138e+00
1.006438144668936774e+00
1.008369650691747665e+00
1.006138009950518608e+00
1.006269722804427058e+00
1.006156944483518556e+00
1.005962688848376363e+00
1.008715517446398646e+00
1.007091860473156020e+00
1.005828378722071648e+00
1.005762238427996724e+00
1.006239653378725007e+00
1.006459478661418050e+00
1.006445490196347325e+00
1.005692218244075731e+00
1.006070864200591997e+00
1.006820596754550934e+00
1.007210802286863327e+00
1.005550120398402303e+00
1.007061173208057880e+00
1.006514734774828002e+00
1.006630856543779373e+00
1.006514542922377631e+00
1.007409765198826745e+00
1.006458549201488584e+00
1.006032444164156825e+00
1.006688946858048439e+00
1.005878002196550325e+00
1.006394841521978334e+00
1.005145671218633741e+00
1.005427452176809400e+00
1.007137693464756012e+00
1.006469471193849996e+00
1.006507522240281061e+00
1.005697510764002711e+00
1.006829067319631621e+00
1.006497246399521872e+00
1.006745360791683197e+00
1.006566643714904785e+00
1.006714649125933558e+00
1.005784777551889331e+00
1.006881777569651693e+00
1.005922845005989164e+00
1.007275164872407869e+00
1.007180687412619680e+00
1.006780117377638728e+00
1.006981255486607552e+00
1.006416008248925298e+00
1.006572878360748380e+00
1.006411331519484476e+00
1.007295248657464892e+00
1.005945582874119282e+00
1.009178772196173579e+00
1.006329905614256948e+00
1.006933400779962628e+00
1.006822329014539719e+00
1.006368549913168042e+00
1.006990048661827952e+00
1.006573079153895378e+00
1.008898525312542871e+00
1.005560662969946950e+00
1.007619817927479788e+00
1.006666541099548340e+00
1.008471917361021042e+00
1.006113107129931405e+00
1.005127526447176844e+00
1.005636669322848231e+00
1.006562631577253342e+00
1.006075568497180939e+00
1.007432832941412837e+00
1.006475337967276618e+00
1.007544334977865219e+00
1.006494641676545232e+00
1.006659807264804751e+00
1.005461006239056543e+00
1.006579362973570868e+00
1.007953035272657782e+00
1.006254589743912131e+00
1.007748119533061981e+00
1.004979801923036486e+00
1.006429783254861876e+00
1.006442092359066010e+00
1.006483240798115686e+00
1.006848052144050598e+00
1.006260942667722702e+00
1.005430799722671464e+00
1.006707095354795412e+00
1.006884832680225328e+00
1.005418315902352422e+00
1.006978910043835551e+00
1.005684789270162582e+00
1.007106465473771140e+00
1.007004104927182286e+00
1.005415188148617744e+00
1.005417450144886926e+00
1.006565688550472348e+00
1.005892398208379834e+00
1.005934452265500934e+00
1.007364643365144641e+00
1.007004539296030954e+00
1.007793767377734184e+00
1.007295433804392903e+00
1.006833625212311789e+00
1.007625588588416665e+00
1.006277929618954570e+00
1.006079412251710936e+00
1.007501834630966098e+00
1.007327270507812456e+00
1.006477914378046901e+00
1.006410962715744928e+00
1.005590916424989656e+00
1.006752786785364062e+00
1.007125729694962502e+00
1.006817428395152092e+00
1.006365086138248488e+00
1.006711995229125023e+00
1.006191598251461983e+00
1.006066364794969470e+00
1.007362533360719681e+00
1.006606514751911208e+00
1.006432864069938704e+00
1.007757689431309611e+00
1.006791284307837486e+00
1.008229440450668424e+00
1.006188324466347650e+00
1.005295765213668258e+00
1.006335980445146605e+00
1.009622554108500436e+00
1.007090837880969092e+00
1.006783991679549128e+00
1.007252037152647883e+00
1.006555872783064798e+00
1.006098960340022996e+00
1.005592396482825279e+00
1.007123501226306006e+00
1.008314310014247983e+00
1.006618577241897627e+00
1.006950289011001587e+00
1.006168991699814885e+00
1.008400328457355499e+00
1.005819269642233893e+00
1.006706118583679199e+00
1.006499526277184531e+00
1.008082864992320582e+00
1.006503428332507610e+00
1.005404252000153154e+00
1.008861381933093160e+00
1.005664253234863192e+00
1.005031622201204344e+00
1.006044882535934493e+00
1.005673793703317553e+00
1.002842723391950130e+00
1.005537210591137320e+00
1.001186631247401149e+00
1.001235029101371854e+00
1.000199361145496457e+00
1.000989094004034907e+00
1.000875806994736106e+00
9.997108384966850725e-01
9.998373426496982574e-01
9.991621991619468179e-01
9.999768044799566269e-01
9.997021492570639101e-01
9.995858643203974214e-01
1.000338523089885800e+00
9.994449865072965178e-01
1.000430612266063779e+00
9.997647307813167794e-01
1.000546718016266823e+00
9.993419006466865984e-01
9.989008147269486937e-01
9.991493133828044382e-01
9.997415333986282571e-01
9.996189393103123155e-01
9.992561012506484541e-01
9.999919675290585008e-01
1.000599149242043406e+00
9.993543088436126487e-01
1.001207210496068090e+00
1.000664930045604750e+00
9.997303690761327744e-01
9.995940342545509560e-01
9.989473320543765800e-01
9.997900821268558280e-01
9.995159976184367912e-01
9.989557724446058717e-01
9.992957755923270735e-01
9.995773456990718620e-01
9.997980207204818504e-01
9.986431393772363663e-01
9.990701589733361754e-01
