24

0 C -4.6634636 1.9380212 1.379562
1 C 5.7741494 1.1768172 -1.7627821
2 C -4.596174 1.9436853 -0.6580674
3 C 1.3749217 3.0875528 -1.6690242
4 C -4.2513256 0.7937146 3.5345829
5 C -2.909548 -0.7885511 -2.2717137
6 C 2.4889832 2.1676948 2.108286
7 C 4.5805483 -1.0678041 -2.2748075
8 C 0.043971945 -1.9020234 -0.5343483
9 C 4.8298097 1.9048 -2.2753422
10 C 2.6081405 -4.115509 -1.1366575
11 C 1.0271165 -3.4672375 -1.0340185
12 C -2.5759647 -0.50711113 4.826796
13 C -5.1773605 1.8841093 2.0772946
14 C 1.1682673 -4.5718303 -0.60382396
15 C 4.2047563 -2.4573 -1.62807
16 C 0.6603034 2.0793617 0.80776983
17 C -1.098411 -1.2696704 2.7609198
18 C 2.8045857 1.9162608 -2.6670477
19 C 1.5683534 1.0424587 2.5195637
20 C -4.3557563 0.117886744 -2.209623
21 C 0.64078313 -0.6263225 2.5314326
22 C -1.172563 -1.3814833 -1.7395194
23 C 0.0006016759 2.964189 -0.6854363
