70

0 C 1.314331 1.3658295 2.481964
1 C 2.2583313 1.2698288 2.3619614
2 C 2.8573303 2.0258255 2.3889618
3 C 2.1248322 2.3108292 1.8309631
4 C 1.5037308 1.7798309 1.2761612
5 C 0.74033356 1.4338303 0.74806213
6 C 0.20543289 2.2578278 0.78816223
7 C 0.018333435 3.1348267 0.27376556
8 C -0.43166733 2.9748306 -0.54473877
9 C 0.42783356 2.9068298 -1.0895386
10 C 1.3092308 3.2268295 -1.2166367
11 C 1.4404335 2.9488297 -2.1211395
12 C 2.0511322 2.274826 -2.4763336
13 C 3.0254326 2.1208267 -2.5563354
14 C 3.336731 1.3538284 -2.9685364
15 C 4.2228317 1.6298294 -2.7768402
16 C 5.081333 2.0058289 -2.5128403
17 C 5.1854324 2.078827 -1.5365372
18 C 6.0927315 1.9378281 -1.3277359
19 C 5.7059326 1.1278305 -1.6426392
20 C 5.5247307 0.46582794 -2.3177338
21 C 4.876232 -0.2831726 -2.2999344
22 C 4.7823334 -1.2191696 -2.034935
23 C 4.0829315 -1.7011719 -2.4897385
24 C 4.7109337 -2.3091736 -2.155037
25 C 4.408432 -2.4041748 -1.2473373
26 C 3.4946327 -2.659172 -1.4812393
27 C 2.964531 -3.3021698 -0.93523407
28 C 2.5308304 -4.076172 -1.3185349
29 C 2.328331 -4.970169 -1.155838
30 C 1.6299324 -4.711174 -0.5464401
31 C 0.7067337 -4.4341736 -0.6572342
32 C 1.085434 -4.1881714 -1.5254364
33 C 1.2994308 -3.5151749 -0.808136
34 C 0.69693375 -2.7031708 -0.7707367
35 C 0.7649307 -1.7791748 -1.0008392
36 C 0.14593124 -1.7431717 -0.2706375
37 C -0.777668 -2.1831741 -0.33133698
38 C -0.5574684 -2.3801727 -1.2186356
39 C -0.89956665 -1.4371719 -1.3931351
40 C -1.677269 -1.0081711 -1.7241364
41 C -1.5555687 -0.7011719 -2.6217346
42 C -2.2384682 -0.15517426 -2.2881393
43 C -2.7976685 -0.8991699 -2.177536
44 C -3.6935692 -1.3121719 -2.3498383
45 C -4.3277664 -0.7071686 -2.7047348
46 C -4.4142685 0.17582703 -2.2605362
47 C -4.326866 0.887825 -1.6632385
48 C -4.263069 1.8158264 -1.4579391
49 C -4.7618675 2.0978317 -0.72063446
50 C -4.7640686 1.9198303 0.20656586
51 C -4.7850685 1.3278275 1.0256653
52 C -4.3314667 1.8038254 1.7269669
53 C -4.8744698 2.6828308 1.3863602
54 C -5.450367 1.9628296 1.5819626
55 C -4.93137 2.3138275 2.2769623
56 C -5.1507683 1.3758316 2.372963
57 C -4.291767 1.3758316 2.8389664
58 C -4.418869 0.9298248 3.693962
59 C -4.043766 0.07582855 4.070961
60 C -3.2139664 0.006828308 4.604965
61 C -3.1286697 -0.6491699 5.32296
62 C -2.2433662 -0.42017365 4.9689636
63 C -1.7170677 -0.96617126 4.410965
64 C -1.4793663 -1.2651749 3.5049667
65 C -1.3207664 -1.4061737 2.5779648
66 C -0.4889679 -1.1371689 2.1929626
67 C 0.48903275 -0.81816864 2.1019669
68 C 0.80213165 -0.43016815 2.9639664
69 C 1.1308327 0.49082947 2.7149658