70

0 C 1.5445131 1.0365801 2.505929
1 C 2.018278 1.6688617 2.3780236
2 C 2.518493 2.1331823 2.2677183
3 C 2.458539 2.1989424 1.9589287
4 C 1.6304966 1.8985587 1.4861698
5 C 0.87109494 1.9322312 1.0859641
6 C 0.15319628 2.0986233 0.5017061
7 C -0.07597523 2.4679742 0.012526095
8 C -0.16769497 2.8568265 -0.55344987
9 C 0.2458306 3.1433501 -0.9615276
10 C 1.0327947 3.2646058 -1.402971
11 C 1.7179644 2.9138384 -1.9378275
12 C 2.1164412 2.178583 -2.3783472
13 C 2.8114743 1.8516681 -2.7548487
14 C 3.448544 1.748778 -2.8334827
15 C 4.171008 1.8658862 -2.5943713
16 C 4.923729 1.9560969 -2.3341167
17 C 5.409645 1.8950499 -1.9226167
18 C 5.8341336 1.7087212 -1.6615314
19 C 5.798001 1.3009758 -1.7130709
20 C 5.675891 0.5104206 -1.9214242
21 C 5.0589933 -0.39045507 -2.2749448
22 C 4.4581847 -1.1228731 -2.3422887
23 C 4.1909533 -1.7067162 -2.213449
24 C 4.315013 -2.007115 -1.8475982
25 C 4.3147798 -2.4381094 -1.6365291
26 C 4.0621743 -2.9515984 -1.4604734
27 C 3.411597 -3.595528 -1.3557106
28 C 2.5730257 -4.1632605 -1.1787155
29 C 1.8830222 -4.587582 -0.92165273
30 C 1.3300896 -4.6746364 -0.63194525
31 C 1.0289922 -4.4671364 -0.57593656
32 C 0.99282783 -4.102852 -0.9566728
33 C 1.0544773 -3.418152 -1.1151922
34 C 1.0099151 -2.8887417 -1.0500968
35 C 0.50765455 -2.2567093 -0.5412978
36 C -0.01388635 -1.7845438 -0.40334752
37 C -0.35455072 -1.6389523 -0.65776694
38 C -0.5475885 -1.5215498 -1.2140213
39 C -0.87877464 -1.469283 -1.6556598
40 C -1.3649137 -1.3402375 -1.9518185
41 C -1.88716 -1.1941074 -2.1598105
42 C -2.3052995 -0.9280617 -2.2217805
43 C -2.9163718 -0.79528415 -2.244404
44 C -3.4974241 -0.6230733 -2.355067
45 C -4.0453277 -0.45288104 -2.4009922
46 C -4.52598 0.013744995 -2.2052653
47 C -4.5744653 0.7888698 -1.9782262
48 C -4.612435 1.4979595 -1.3774859
49 C -4.6204705 2.0528195 -0.70042557
50 C -4.601875 2.264703 0.12089713
51 C -4.5093813 2.0225046 0.9122246
52 C -4.705075 1.9023035 1.470346
53 C -4.794943 1.8903617 1.7655627
54 C -5.160191 2.0150614 1.8333373
55 C -5.2635713 1.9529982 2.0456955
56 C -5.0977926 1.7080913 2.3636286
57 C -4.7743855 1.2459186 2.8262267
58 C -4.164183 0.77774054 3.4853635
59 C -3.7716086 0.3503898 4.251306
60 C -3.2203853 0.038311396 4.925979
61 C -2.6835835 -0.35924694 5.1712174
62 C -2.4142764 -0.7064196 4.9641814
63 C -2.0138235 -1.018059 4.202486
64 C -1.647065 -1.3146884 3.246327
65 C -1.1963059 -1.3433676 2.6102693
66 C -0.47374496 -1.1804022 2.3841538
67 C 0.34177044 -0.8357352 2.490876
68 C 0.9324517 -0.38608998 2.5915322
69 C 1.1387862 0.40263873 2.6248286