70

0 C 0.8437985 0.49990618 2.2960217
1 C 1.156328 0.684406 1.8674219
2 C 1.3585982 0.91528326 1.4360704
3 C 1.568985 1.1720108 0.98717904
4 C 1.7034951 1.4841835 0.57153845
5 C 1.7663577 1.7861004 0.17589676
6 C 1.8081417 2.1035836 -0.17250335
7 C 1.8544873 2.3598459 -0.524808
8 C 1.8499838 2.5511296 -0.80588335
9 C 1.8923982 2.728526 -1.0769136
10 C 1.9839263 2.8156447 -1.3407724
11 C 2.0918117 2.8548613 -1.606344
12 C 2.2593231 2.7833216 -1.8525121
13 C 2.3762443 2.674366 -1.9885966
14 C 2.647348 2.4317164 -2.14292
15 C 2.962162 2.1208065 -2.252719
16 C 3.3163128 1.7702171 -2.2886856
17 C 3.5839388 1.3920308 -2.2786963
18 C 3.8932602 0.90497243 -2.2583973
19 C 4.1604047 0.3993759 -2.2465239
20 C 4.4082823 -0.12605296 -2.2013252
21 C 4.5996532 -0.6669154 -2.1234155
22 C 4.6968193 -1.172966 -2.0006204
23 C 4.730729 -1.6509168 -1.8894053
24 C 4.71363 -2.096452 -1.7338383
25 C 4.5984974 -2.4686828 -1.5946527
26 C 4.38272 -2.7594264 -1.4058523
27 C 4.1117043 -3.0637488 -1.2095058
28 C 3.7664468 -3.2793803 -1.085022
29 C 3.33968 -3.4414704 -0.9688774
30 C 2.897555 -3.5496104 -0.87342024
31 C 2.4409876 -3.5986674 -0.775234
32 C 1.8867174 -3.604318 -0.70092165
33 C 1.3599544 -3.490762 -0.69822735
34 C 0.8507191 -3.3607357 -0.7462081
35 C 0.3794173 -3.1214604 -0.8524874
36 C -0.13225591 -2.8168771 -0.9758277
37 C -0.6519416 -2.464469 -1.09287
38 C -1.1055893 -2.1202276 -1.2920369
39 C -1.5230314 -1.7388308 -1.4925885
40 C -2.0258384 -1.3291397 -1.6128762
41 C -2.4449315 -0.9072088 -1.7945759
42 C -2.8435483 -0.46116975 -1.951496
43 C -3.221537 -0.037630893 -1.995685
44 C -3.5620189 0.3162413 -1.97013
45 C -3.8488724 0.68588954 -1.9423505
46 C -4.062702 0.9864025 -1.8314794
47 C -4.225079 1.2070642 -1.6256913
48 C -4.3708186 1.3557675 -1.333356
49 C -4.534388 1.4294485 -0.93171066
50 C -4.6738677 1.4824244 -0.52672595
51 C -4.7630982 1.4685397 -0.025170995
52 C -4.8047323 1.380288 0.5169164
53 C -4.834858 1.2696878 1.0725582
54 C -4.823149 1.1121485 1.6653934
55 C -4.7166004 0.9841044 2.2203498
56 C -4.585496 0.83302486 2.7484725
57 C -4.3534217 0.65641874 3.2786689
58 C -4.091632 0.49501488 3.7518585
59 C -3.822838 0.3469859 4.126438
60 C -3.4500837 0.21159506 4.3688073
61 C -3.040614 0.1299412 4.518696
62 C -2.5961955 0.008057006 4.5424824
63 C -2.0829828 -0.04594426 4.4535885
64 C -1.6114606 -0.069408655 4.2898498
65 C -1.1584839 -0.029271424 4.05439
66 C -0.73880225 0.016433775 3.819337
67 C -0.33777815 0.10760182 3.480258
68 C 0.13413376 0.194758 3.1196396
69 C 0.486331 0.3601886 2.7519667