1.115382160902023259e+02
4.680993388295173929e+01
2.318417961895465851e+01
1.709772188961505890e+01
1.355460796356201136e+01
1.094087827205657959e+01
9.676434358954429271e+00
8.685291041433810477e+00
7.943401192128658472e+00
7.476902568340301869e+00
6.964978155493736445e+00
6.413035759329796193e+00
5.693387277424335480e+00
5.386961948871612726e+00
4.894395267218351719e+00
4.541433194279671071e+00
4.196495005488396046e+00
3.934232038259506403e+00
3.692097070068121045e+00
3.350526289641857058e+00
3.170802936702966868e+00
2.986686868220567614e+00
2.753254392743110568e+00
2.572089534997940241e+00
2.441037199646234335e+00
2.244414255768060862e+00
2.169629353657364756e+00
2.074295833706855774e+00
1.996864589303732007e+00
1.863364058360457376e+00
1.825946488603949591e+00
1.743875406682491302e+00
1.704017773270606995e+00
1.653417411074042276e+00
1.623051393032074019e+00
1.590627409890294164e+00
1.566336438059806824e+00
1.520638245344162032e+00
1.528268635645508855e+00
1.481943935155868530e+00
1.475452310591936156e+00
1.447865815460681826e+00
1.450860833004117056e+00
1.430315164476632983e+00
1.394685067981481508e+00
1.357280296459794089e+00
1.361045182496309236e+00
1.331042497977614314e+00
1.313761119544506029e+00
1.306234445422887802e+00
1.277779367566108659e+00
1.275176002457737878e+00
1.251967739686369985e+00
1.253036049008369401e+00
1.245218108594417616e+00
1.247520459443330676e+00
1.235873299837112471e+00
1.228039800375700041e+00
1.233112467825412839e+00
1.243339341878890947e+00
1.199638542905449912e+00
1.216826014593243688e+00
1.200943715125322386e+00
1.230811219662427902e+00
1.218580662086605981e+00
1.208734356611967042e+00
1.192829913273453668e+00
1.190176444128155708e+00
1.201346973702311471e+00
1.190449670329690068e+00
1.204702685773372695e+00
1.188516355305910155e+00
1.189066210389137179e+00
1.181754889711737588e+00
1.198342122510075658e+00
1.200385948643088341e+00
1.155460955575108528e+00
1.149313059076666921e+00
1.130045631155371710e+00
1.125886509567499250e+00
1.120353937521576970e+00
1.128380489349365190e+00
1.102919775247573897e+00
1.115571323409676463e+00
1.096793049573898227e+00
1.101163905113935471e+00
1.098650496825575917e+00
1.087109193578362554e+00
1.093009655922651202e+00
1.080773951113223941e+00
1.085477703437209174e+00
1.073468162119388669e+00
1.063142066821455956e+00
1.063640125468373387e+00
1.066356247290968895e+00
1.066537393257021904e+00
1.058019280806183904e+00
1.063092554360628217e+00
1.054641462489962489e+00
1.051331771910190671e+00
1.049673921614885375e+00
1.051666393131017729e+00
1.047846414148807526e+00
1.047737703099846929e+00
1.048625010997056961e+00
1.046017070487141654e+00
1.057335866615176201e+00
1.053736362233757884e+00
1.040009124577045529e+00
1.044537861272692769e+00
1.050153688341379121e+00
1.040085623413324445e+00
1.046583325043320745e+00
1.042224649898707778e+00
1.040462784469127655e+00
1.043132759630680084e+00
1.043613570183515638e+00
1.042404906079173132e+00
1.039511507377028465e+00
1.038735199347138316e+00
1.050033875368535430e+00
1.039616158232092857e+00
1.049259681627154439e+00
1.045676374435424716e+00
1.044483954086899757e+00
1.042101147770881697e+00
1.042801595106720880e+00
1.043684739992022603e+00
1.042379476502537816e+00
1.048803158663213164e+00
1.039767668396234468e+00
1.041391381248831793e+00
1.041116047650575638e+00
1.046223456040024757e+00
1.051999865844845727e+00
1.041686588525772006e+00
1.040256829932332039e+00
1.038770500198006541e+00
1.041734249889850528e+00
1.039579275995492935e+00
1.039207692258059978e+00
1.042208382859826088e+00
1.040230209380388349e+00
1.039294706098735421e+00
1.038412664458155721e+00
1.040588210523128554e+00
1.051646578684449107e+00
1.038084511831402823e+00
1.039166080951690718e+00
1.033891724795103162e+00
1.045790968090295703e+00
1.036031223088502928e+00
1.032513595744967372e+00
1.031078990735113665e+00
1.033265556395053908e+00
1.033637448772787959e+00
1.032436619326472238e+00
1.028891059383749917e+00
1.025883690640330359e+00
1.024442348629236221e+00
1.022889953479170888e+00
1.021975451335310980e+00
1.022514260746538728e+00
1.023630213737487749e+00
1.023222615197300955e+00
1.018269719183444888e+00
1.019428418949246407e+00
1.023371173068881035e+00
1.018126906268298715e+00
1.018806595541536852e+00
1.021563640981912657e+00
1.026246255263686180e+00
1.021447273716330484e+00
1.019484698027372405e+00
1.018915532156825066e+00
1.019421164691448167e+00
1.018501010164618581e+00
1.018298298120498657e+00
1.018840779922902673e+00
1.020432987436652228e+00
1.018633821792900518e+00
1.022603116184473082e+00
1.019113080948591321e+00
1.021763788722455546e+00
1.018664504028856665e+00
1.018158714845776469e+00
1.018639010936021716e+00
1.021401636302471161e+00
1.019010280072689012e+00
1.019832025095820383e+00
1.021219195239245980e+00
1.018371433019638062e+00
1.019072603434324265e+00
1.018644583970308215e+00
1.019504241272807032e+00
1.019274739921093076e+00
1.022774195298552513e+00
1.020441928878426552e+00
1.020883005857467607e+00
1.023164787888526828e+00
1.018753401748835996e+00
1.020532442629337400e+00
1.018567816540598914e+00
1.020101845264434814e+00
1.018311212211847394e+00
1.018743226304650307e+00
1.021810566633939654e+00
1.020143544301390648e+00
1.019144984893500805e+00
1.019513988867402077e+00
1.019234609790146351e+00
1.018892692774534314e+00
1.031600394099950746e+00
1.017957096174359366e+00
1.019619813933968500e+00
1.018223716504871756e+00
1.018153665587306023e+00
1.020174460485577583e+00
1.022551410272717565e+00
1.017467677593231201e+00
1.018756081163883165e+00
1.020066136121749789e+00
1.018508487567305609e+00
1.018779096752405078e+00
1.020524745807051659e+00
1.022039670124649913e+00
1.023412634059786885e+00
1.017942867800593287e+00
1.017498038709163666e+00
1.020072480291128070e+00
1.021021128818392798e+00
1.018952487036585808e+00
1.019360792636871293e+00
1.019767516665160745e+00
1.018332334607839673e+00
1.019387947022914798e+00
1.023536914214491889e+00
1.017631587013602346e+00
1.018229906819760888e+00
1.020390409976243973e+00
1.021772753447294235e+00
1.019482881948351904e+00
1.019846982881426722e+00
1.019322691857814878e+00
1.018176355585455939e+00
1.020798919536173299e+00
1.021169424429535955e+00
1.019156668335199356e+00
1.026909044384956449e+00
1.018568902835249812e+00
1.017720548063516528e+00
1.018149498477578074e+00
1.018157047405839011e+00
1.018685085885226771e+00
1.017426396906375929e+00
1.018983449414372355e+00
1.024047987535595894e+00
1.018945593759417623e+00
1.018385994248092175e+00
1.019733436778187841e+00
1.017868706211447760e+00
1.019861395657062575e+00
1.021343240141868502e+00
1.018779933638870761e+00
1.019090176746249243e+00
1.019121837243437856e+00
1.019870575144886882e+00
1.020300083607435182e+00
1.022935847938060805e+00
1.018502777069806964e+00
1.018668652698397681e+00
1.020311031118035228e+00
1.018058888986706823e+00
1.021085089072585106e+00
1.020504087582230657e+00
1.021377805247902781e+00
1.024007175862789110e+00
1.022605508565902710e+00
1.025449959188699633e+00
1.019890386983752339e+00
1.019981918111443564e+00
1.018960329890251204e+00
1.018519657105207532e+00
1.027010326087474779e+00
1.018706675991416066e+00
1.018414064496755644e+00
1.019518967345356852e+00
1.038754796609282494e+00
1.023363717272877782e+00
1.016876228898763612e+00
1.018406876176595643e+00
1.021240213140845343e+00
1.018777440860867411e+00
1.019276686757802919e+00
1.018266101181507066e+00
1.019804091006517366e+00
1.021611706912517459e+00
1.017304104566574052e+00
1.019044319540262311e+00
1.019588655978441283e+00
1.021079191565513522e+00
1.020932344347238452e+00
1.017715874686837108e+00
1.019192056544125036e+00
1.020811073109507472e+00
1.018631457537412688e+00
1.018180321156978652e+00
1.019613505527377173e+00
1.017969870939850807e+00
1.019440610706806138e+00
1.024007746763527349e+00
1.018249381519854113e+00
1.019022046960890382e+00
1.021717549487948462e+00
1.019685227796435445e+00
1.020065312087535814e+00
1.019314203038811595e+00
1.018843600712716624e+00
1.020484106615185738e+00
1.018095389194786593e+00
1.020339175313711211e+00
1.019592336937785060e+00
1.019029339775443077e+00
1.024796028062701314e+00
1.019202861562371165e+00
1.018876004219055220e+00
1.017842362448573068e+00
1.019404608383774669e+00
1.020149515569209964e+00
1.017813501507043750e+00
1.018476844951510474e+00
1.025794894993305117e+00
1.018842332065105438e+00
1.021230202168226242e+00
1.021345783770084337e+00
1.018794350139796689e+00
1.018223683163523630e+00
1.031407379359006837e+00
1.018325565755367368e+00
1.017733022384345487e+00
1.018668744713068008e+00
1.027733713760972112e+00
1.018450019508600146e+00
1.019001760706305548e+00
1.020022928342223079e+00
1.021275693550705910e+00
1.028759144991636232e+00
1.018650512024760202e+00
1.019225068390369415e+00
1.020563901588320777e+00
1.019142749346792609e+00
1.018395188450813338e+00
1.019523815810680301e+00
1.018919601291418120e+00
1.019046273827552751e+00
1.018248896859586194e+00
1.018723075836896808e+00
1.018292425572872251e+00
1.018328752741217702e+00
1.018780931085348174e+00
1.019923721998929889e+00
1.019945450685918242e+00
1.019518273323774427e+00
1.021096618101000830e+00
1.018923143483698279e+00
1.019211329706013247e+00
1.018943877145648047e+00
1.020539307966828346e+00
1.019621866941452071e+00
1.019755456969142049e+00
1.017859067022800490e+00
1.018615083023905798e+00
1.018219485878944397e+00
1.020293217152357101e+00
1.019344838336110115e+00
1.019181322678923696e+00
1.018204067274928182e+00
1.018502914905548007e+00
1.020833545923232943e+00
1.019222857430577278e+00
1.022966344654560045e+00
1.018085706979036331e+00
1.023156831972301006e+00
1.018154973909258798e+00
1.019702679663896605e+00
1.019271540269255594e+00
1.020509104058146432e+00
1.020501377433538526e+00
1.020171172171831175e+00
1.019732754305004985e+00
1.019449695572256953e+00
1.019435775279998735e+00
1.017845152877271175e+00
1.019089259579777806e+00
1.019363132864236743e+00
1.019535478204488754e+00
1.019798306003212973e+00
1.018376261368393987e+00
1.018385624513030052e+00
1.018291884288191840e+00
1.018726451694965451e+00
1.019823170825838954e+00
1.019569604098796933e+00
1.018870420753955841e+00
1.035078882053494409e+00
1.017955812998116105e+00
1.018866112083196551e+00
1.019076555967330933e+00
1.019164870120584876e+00
1.018713667057454586e+00
1.020151792094111443e+00
1.018463450297713235e+00
1.020561347901821181e+00
1.018165514990687415e+00
1.020976536720991090e+00
1.019463847577571913e+00
1.019130808860063464e+00
1.018878075666725724e+00
1.018258054926991507e+00
1.019143856689333827e+00
1.019672199897468046e+00
1.022787244990468025e+00
1.018343777023255736e+00
1.017829626798629761e+00
1.018008486554026648e+00
1.018149422854185193e+00
1.020304663106799126e+00
1.019771501794457524e+00
1.022298631072044328e+00
1.020784264057874591e+00
1.020234850049018815e+00
1.024242964014411061e+00
1.020130866765975863e+00
1.026774018257856413e+00
1.018322691321372986e+00
1.019932735338807017e+00
1.022141103446483568e+00
1.020873082056641623e+00
1.020273621380329176e+00
1.020909942686557770e+00
1.019272623024880975e+00
1.017993154004216194e+00
1.019923621788620949e+00
1.020069764927029610e+00
1.017981061153113931e+00
1.018253493309021041e+00
1.018972722068429038e+00
1.018283787369728133e+00
1.020563748665153980e+00
1.037684696353971869e+00
1.017796853929758161e+00
1.018344213441014334e+00
1.021145744249224663e+00
1.019393495097756341e+00
1.017923545092344284e+00
1.019245265051722527e+00
1.019970266707241446e+00
1.018542143888771623e+00
1.019304965808987662e+00
1.017867529019713446e+00
1.018164229206740767e+00
1.021896615624427795e+00
1.019079808518290609e+00
1.018249477073550180e+00
1.036161663010716438e+00
1.020426245033740908e+00
1.022101106122136116e+00
1.021055896952748343e+00
1.041492465697228864e+00
1.019460427761077925e+00
1.018955912441015244e+00
1.017124930396676064e+00
1.018230673857033253e+00
1.018710568919777959e+00
1.018734358064830259e+00
1.019111918285489082e+00
1.018309764564037323e+00
1.020556932687759488e+00
1.020889942348003343e+00
1.019313104078173549e+00
1.020008107647299767e+00
1.019171075895428658e+00
1.018873068690300032e+00
1.019295956380665391e+00
1.019035964086651758e+00
1.017877425998449326e+00
1.021164389327168465e+00
1.027468227781355381e+00
1.029518378525972278e+00
1.020992644876241640e+00
1.018011619523167655e+00
1.017951846122741699e+00
1.021895980462431908e+00
1.018591569364070804e+00
1.018649114109575704e+00
1.018880670517682940e+00
1.021044055745005563e+00
1.020433241128921420e+00
1.018828036636114209e+00
1.018033460900187537e+00
1.019124232605099767e+00
1.019194688275456340e+00
1.022582381218671843e+00
1.018026556819677353e+00
1.024309475347399800e+00
1.022223587706684977e+00
1.019182579964399427e+00
1.019170160591602370e+00
1.018752372264862149e+00
1.018434330075979277e+00
1.018633118271827787e+00
1.019147868081927255e+00
1.020709464326500893e+00
1.019026700034737498e+00
1.018414440378546670e+00
1.017496294155716852e+00
1.019715422205627053e+00
1.018573623150587082e+00
1.020136761665344283e+00
1.019016674533486322e+00
1.020731046795845032e+00
1.020735875144600957e+00
1.027034508064389229e+00
1.019607581943273500e+00
1.019279876351356418e+00
1.023621563985943839e+00
1.018921407312154859e+00
1.017429832369089127e+00
1.026646407693624585e+00
1.020695419050753117e+00
1.022299678623676211e+00
1.019331307522952645e+00
1.020127660781145140e+00
1.020563041046261832e+00
1.022367405146360486e+00
1.017780974134802729e+00
1.024403741955757230e+00
1.022238693386316344e+00
1.017297004908323199e+00
1.018821811303496361e+00
1.021421257779002278e+00
1.019143111631274135e+00
1.027519091404974549e+00
1.017645561881363347e+00
1.018509312346577600e+00
1.019129405170679181e+00
1.020565527863800614e+00
1.019719667173922151e+00
1.017822581157088235e+00
1.017756894230842590e+00
1.021770473755896136e+00
1.020251313596963971e+00
1.018725865334272340e+00
1.019294134341180325e+00
1.019654433429241225e+00
1.018619253486394927e+00
1.018252630904316947e+00
1.020376583561301231e+00
1.019146086275577456e+00
1.017582549154758542e+00
1.025253095105290502e+00
1.018659125268459364e+00
1.018510824069380760e+00
1.024564415588975042e+00
1.018656672164797827e+00
1.020965134352445514e+00
1.019409668445587114e+00
1.018112977966666222e+00
1.020313645154237836e+00
1.019859535247087390e+00
1.019144253805279732e+00
1.018551643565297038e+00
1.019022477231919854e+00
1.019188992865383669e+00
1.018962465971708253e+00
1.019160185009241104e+00
1.019202154874801591e+00
1.019255843013525009e+00
1.018034270033240318e+00
1.018546287342906087e+00
1.018644585087895349e+00
1.020217966288328171e+00
1.019474755972623825e+00
1.019605972245335668e+00
1.019975278526544571e+00
1.018489652872085482e+00
1.018673311918973923e+00
1.020848418399691537e+00
1.036675101518631070e+00
1.018720032647252083e+00
1.018976341933012009e+00
1.018521725013852075e+00
1.019553292356431440e+00
1.019022593274712563e+00
1.018214119412004903e+00
1.020535465702414601e+00
1.022141924872994379e+00
1.018753565289080232e+00
1.018663339316844940e+00
1.017299989238381386e+00
