1.863254332065582162e+02
9.998123602867126181e+01
5.539428338408470154e+01
3.353144098520279215e+01
2.356563014090061259e+01
1.610639936029911112e+01
1.282892176806926798e+01
1.042518990784883570e+01
9.685950532555580139e+00
8.775944310426712747e+00
7.991810080409050165e+00
7.535467883944511058e+00
6.842801189422607067e+00
6.583097240328788402e+00
5.879800865054130909e+00
5.571831266582011999e+00
5.130496823787689564e+00
4.832922843098640620e+00
4.495473455637693405e+00
4.242433521896600723e+00
3.910945953428745181e+00
3.778050819039344699e+00
3.583370170742273153e+00
3.407839500159025370e+00
3.165133577585220515e+00
2.996445785462856115e+00
2.791499517112970175e+00
2.624108465760946363e+00
2.421120393276214422e+00
2.240205760300159277e+00
2.142042237892746837e+00
1.969218274205922992e+00
1.873082884773612067e+00
1.783939419314265251e+00
1.704399106651544482e+00
1.634271850436925799e+00
1.562119057774543851e+00
1.488720577210187912e+00
1.431701317429542542e+00
1.382660632953047752e+00
1.345972994714975446e+00
1.320999567210674241e+00
1.287453345954418182e+00
1.246155413985252425e+00
1.234670112282037824e+00
1.206775902584195093e+00
1.187265540286898569e+00
1.140667903795838267e+00
1.103408084437251135e+00
1.099837237037718296e+00
1.099485639110207469e+00
1.048939228802919343e+00
1.003914167732000262e+00
9.892964132130146471e-01
9.731482475996017234e-01
9.615761222317814605e-01
9.478468127548694833e-01
9.296289797872304694e-01
9.246281236410140991e-01
9.225973367691040483e-01
8.886855842545628992e-01
8.775585582479834557e-01
8.922631220892072168e-01
8.596755817532539812e-01
8.675730668008327928e-01
8.690301237627864328e-01
8.381727663800120354e-01
8.140044899657368216e-01
8.078650433570147005e-01
8.302167342975735886e-01
8.092207590118050131e-01
8.069545831531286240e-01
8.017340160906314406e-01
7.839412668719887289e-01
8.123980680480599181e-01
8.027274860069155693e-01
7.671725915744900259e-01
7.706060530617833138e-01
7.795974187552928703e-01
7.974001932889223099e-01
8.024466885253787041e-01
7.812129570171236770e-01
7.939278660342097282e-01
8.147436704486608061e-01
7.566967744380235228e-01
7.712424313649535179e-01
7.642773877829313056e-01
7.741738960146904436e-01
8.079394865781068802e-01
7.720656033605337587e-01
7.642642235383391158e-01
7.600837713107466698e-01
7.592866528779268487e-01
7.656041683629155603e-01
7.679720737040043321e-01
7.624265333637595399e-01
7.725307634100317955e-01
7.737502118572592291e-01
7.600945439189672470e-01
7.631780954077840295e-01
7.486931802704930305e-01
7.630520164966583252e-01
7.416148103773594347e-01
7.683015242218971252e-01
7.467582825571298377e-01
7.348399478942155838e-01
7.459344046190381494e-01
7.414087595418095145e-01
7.497876185923815218e-01
7.455370776355266793e-01
7.311878407374023947e-01
7.514752065762877464e-01
7.352894769981503931e-01
7.404152454808354822e-01
7.419789632782339828e-01
7.548794088885187881e-01
7.585887746885419114e-01
7.370435001328587976e-01
7.256869448348879370e-01
7.287591049447655900e-01
7.321180555969476478e-01
7.250838940963149071e-01
7.236634746193886247e-01
7.261528294533491357e-01
7.228812171146273835e-01
7.232563218101859537e-01
7.352504454553127067e-01
7.262206539511680825e-01
7.291780199855566469e-01
7.242832748219371064e-01
7.283587766811251418e-01
7.272402048110961914e-01
7.395750887691974196e-01
7.212403448298573272e-01
7.184802234172821267e-01
7.264117866754531416e-01
7.191400343552232233e-01
7.122132889926433563e-01
7.180343525484204070e-01
7.078311469405889067e-01
7.121946189552545992e-01
7.122770275920629057e-01
7.133948214352130446e-01
7.110783526673912780e-01
7.086875036358832869e-01
7.118477312847971694e-01
7.140156477689743042e-01
7.139543829485773818e-01
7.252152098342776743e-01
7.064113745465874228e-01
7.089959498494863288e-01
7.214908756315707716e-01
7.076629588380456415e-01
7.076074136421084404e-01
7.103285513818263786e-01
7.083196176216006723e-01
7.160204146057367325e-01
7.187292618677020295e-01
7.114914136007428613e-01
7.120797390118240866e-01
7.085230726748704688e-01
7.094441544264554755e-01
7.109798576682806459e-01
7.071981988847255707e-01
7.080482928082346694e-01
7.149465076625347582e-01
7.025958621874451859e-01
7.125909624621271643e-01
7.179142845794558303e-01
7.188647642731667009e-01
7.080578379333019035e-01
7.110120980069041252e-01
7.036533668637275918e-01
6.809539604932070000e-01
7.019498951733111891e-01
6.793277377262711969e-01
6.778002303093672021e-01
6.618176028132438660e-01
6.582384476438164489e-01
6.736034717410802619e-01
6.662647297605872598e-01
6.822422655299306138e-01
6.632481181994080988e-01
6.547972029075026512e-01
6.528112364932894263e-01
6.575281262397766335e-01
6.523699795827269110e-01
6.511660344898700936e-01
6.587519856169820054e-01
6.509232396259904130e-01
6.597316052764654604e-01
6.670758236199617608e-01
6.530533904209733231e-01
6.669897072017192396e-01
6.493449982255696806e-01
6.554097991436720338e-01
6.528788235038518462e-01
6.586615543812512907e-01
6.552600357681512833e-01
6.490781936794519646e-01
6.573377773165702820e-01
6.717818258330225945e-01
6.514813402667641862e-01
6.612634927034377608e-01
6.582272160798311456e-01
6.565588796511292458e-01
6.546254418790340424e-01
6.520865501835941824e-01
6.558912519365549532e-01
6.557525202631950823e-01
6.579172713682055473e-01
6.510528307408094406e-01
6.583377033472060935e-01
6.580345222726464716e-01
6.560399351641535981e-01
6.527824688702821287e-01
6.592621145769953506e-01
6.517408739775418791e-01
6.703710125759243521e-01
6.499162459746002929e-01
6.548330638557672279e-01
6.533795863389968428e-01
6.573982661589979903e-01
6.650239812210202439e-01
6.494671290740370306e-01
6.706668464466929436e-01
6.476001426577567832e-01
6.336225196719169617e-01
6.208009306341409905e-01
6.169349759817123191e-01
6.099983563646673712e-01
6.170638049021363036e-01
6.074270479381084220e-01
5.993828648701310380e-01
6.093084149062633070e-01
6.265392057597637399e-01
5.989263175055384858e-01
5.974893465638160261e-01
5.951973564922810045e-01
5.956227824091910872e-01
5.933773705735803095e-01
5.985853992402553336e-01
6.096384059637784958e-01
5.956161910668015258e-01
6.045050540938973205e-01
6.060001382604240927e-01
5.945799395442008528e-01
5.941883338615298049e-01
5.945681100711226463e-01
5.925318805500865427e-01
5.910523494705557379e-01
5.945144196972250716e-01
5.885354135185479896e-01
5.948919851332903352e-01
5.925426824018359406e-01
5.994988283142447250e-01
5.933751067146658675e-01
5.905611636117100716e-01
5.939758924767375436e-01
5.893244922161102739e-01
5.938811324536800162e-01
5.936395524069666418e-01
5.910911427810787711e-01
5.953065400943160501e-01
5.853432482108473778e-01
5.945259708911180274e-01
5.933171607553958671e-01
5.984431471675634162e-01
5.848694071173667908e-01
5.861358838155865669e-01
5.884421717375516447e-01
5.816127371042967287e-01
5.832560244947672112e-01
5.839221119880676492e-01
5.852297281846403632e-01
5.827753569930791411e-01
5.815435625612735970e-01
5.805634062737226042e-01
5.834909634664654510e-01
5.826494155451655832e-01
5.825571421533822791e-01
5.842333629727363142e-01
5.782464439049362914e-01
5.807104475796223131e-01
5.794859835878014565e-01
5.905087109655141608e-01
5.795008646324276702e-01
5.808618444949388282e-01
5.918035417795181052e-01
5.816490491852164268e-01
5.809738997370004210e-01
5.795244881883263588e-01
5.777010448276996835e-01
5.801564667373895201e-01
5.812047014012933221e-01
5.781289925798773766e-01
5.839974826201796976e-01
5.865982703864573988e-01
5.830657847225666490e-01
5.805229766294359717e-01
5.779131099581718001e-01
5.832254877313971519e-01
5.823877947404980659e-01
5.793379938229918924e-01
5.799117583781481233e-01
5.820107489824295488e-01
5.858574857935309188e-01
5.815676555037498918e-01
5.810277719050646050e-01
5.836082883179187775e-01
5.778293667361140695e-01
5.795443881303071754e-01
5.841817306354641914e-01
5.848100667819380316e-01
5.811064179986715761e-01
5.775321060791611671e-01
5.886537691578268561e-01
5.903453456237912622e-01
5.831282192841171774e-01
5.884377956390380859e-01
5.782495049759746042e-01
5.792994752526283708e-01
5.817049635574221833e-01
5.835022723302245584e-01
5.799805136397481187e-01
5.812653597444296105e-01
5.815844394266604933e-01
5.793996751308441162e-01
5.813739450648427454e-01
5.796598002314568010e-01
5.855811933055520280e-01
5.811913264915347099e-01
5.873559132218361123e-01
5.827894922345876472e-01
5.872347874566912207e-01
5.798674527555703895e-01
5.819046042859554735e-01
5.820485040545463340e-01
5.790714662522077338e-01
5.857139863073825836e-01
5.877517176792025344e-01
5.853856792673468590e-01
5.774236276745796648e-01
5.824667576700448546e-01
5.807727934792638047e-01
5.843931108713149580e-01
5.816520042717456818e-01
5.824512807652354462e-01
5.780024901032447815e-01
5.756191691383719666e-01
5.769136840477585570e-01
5.778840480372309241e-01
5.726470187306403892e-01
5.749538578093051910e-01
5.749529266729951349e-01
5.765239113941789117e-01
5.747442353516817315e-01
5.842026939615607706e-01
5.717530630528926405e-01
5.764749415218830553e-01
5.735206626355647819e-01
5.774365229532122390e-01
5.747353846207261530e-01
5.750119185075164285e-01
5.749113213270902190e-01
5.761775985360145791e-01
5.795133650302887185e-01
5.781581569463014603e-01
5.724499931558966193e-01
5.729648407548666444e-01
5.762378472834825960e-01
5.744335740804672463e-01
5.727781111374496970e-01
5.748866727575659974e-01
5.749390875920653565e-01
5.764213694259524567e-01
5.732022697106003983e-01
5.728055311366915259e-01
5.746164798736572710e-01
5.752927439287305322e-01
5.929540053009987322e-01
5.776292836293578370e-01
5.758542377501726373e-01
5.731938758864998373e-01
5.791323263198137061e-01
5.711153343319892439e-01
5.747973628342151198e-01
5.766580866649746451e-01
5.745011454448103461e-01
5.761280547827482001e-01
5.705845963209867922e-01
5.749493300914764182e-01
5.821470256894827333e-01
5.779077690094709396e-01
5.726933596655726655e-01
5.741435598582029787e-01
5.735191117972135988e-01
5.769756834954022917e-01
5.760584283620119317e-01
5.740469383075833543e-01
5.774792462587357011e-01
5.870690764859318733e-01
5.710711503401398881e-01
5.768779503181576951e-01
5.727566612884402719e-01
5.771428823471069780e-01
5.706236496567725913e-01
5.738656468689441459e-01
5.734997570514679399e-01
5.736690474674105422e-01
5.724955201148986816e-01
5.797411914914846198e-01
5.760196164250374062e-01
5.759457970038056596e-01
5.769090166315435919e-01
5.765822356566786544e-01
5.724737070500850455e-01
5.762411693111062494e-01
5.785252800211310165e-01
5.733837340027093665e-01
5.747375741600990739e-01
5.748206362128257529e-01
5.714646827429532561e-01
5.754284922033547911e-01
5.748260963708162752e-01
5.796320259571074995e-01
5.757900657132267730e-01
5.790221991017461267e-01
5.740709731355309042e-01
5.785574456676840782e-01
5.798096150159836037e-01
5.741354193538427131e-01
5.746910378336906877e-01
5.766084000468254533e-01
5.762635651975870354e-01
5.787004353478550911e-01
5.738165270537137763e-01
5.733898235484957695e-01
5.725063890218734519e-01
5.769554024562240091e-01
5.752231616526841673e-01
5.810430271551012549e-01
5.769208999350666778e-01
5.726635729894041793e-01
5.750438025221228378e-01
5.739875065162778345e-01
5.756530351936817169e-01
5.891236295923590882e-01
5.810129828751087189e-01
5.712957501411437544e-01
5.738058110699058023e-01
5.763490639626980272e-01
5.731124252080916914e-01
5.723123889416456000e-01
5.731318462640047073e-01
5.774623785167932732e-01
5.790292259305716005e-01
5.775051372125744598e-01
5.803578231483698113e-01
5.749301137402653694e-01
5.745882028713822365e-01
5.711948273703455481e-01
5.760132081806659254e-01
5.779330667108297792e-01
5.737086482346057670e-01
5.864797439426183701e-01
5.736400585621594939e-01
5.800048582255840079e-01
5.789287246763705763e-01
5.747283142060041206e-01
5.729134475812316385e-01
5.742367478087544441e-01
5.770677872002124564e-01
5.715522889047861543e-01
5.701202798634767976e-01
5.749282535165548547e-01
5.747501315549016221e-01
5.748857321217656358e-01
5.739001203328371048e-01
5.789045579731464386e-01
5.803378211334347947e-01
5.768024269491434097e-01
5.747015999630094019e-01
5.722727771848440392e-01
5.750077428296208604e-01
5.770000338554381880e-01
5.732297804206609726e-01
5.745075182989239915e-01
5.769882649183273315e-01
5.887085312977433649e-01
5.733134066686034203e-01
5.718815319240093675e-01
5.748703889548778534e-01
5.777911249548196571e-01
5.713499704375862853e-01
5.725796200335026009e-01
5.745548447594046593e-01
5.761555042117834091e-01
5.698095854371786340e-01
5.780376825481653436e-01
5.775748096406460030e-01
5.821993779391050339e-01
5.788275444880127685e-01
5.743036430329084840e-01
5.754984125494957414e-01
5.747204115614295006e-01
5.766767060384154764e-01
5.759798219427466615e-01
5.770134920254349487e-01
5.747065152972936630e-01
5.778023319318890128e-01
5.732967350631952286e-01
5.768366869539022224e-01
5.746849276125430839e-01
5.752284545451402664e-01
5.730086775496602280e-01
5.768064351752399954e-01
5.807624932378530058e-01
5.730831976979970932e-01
5.816306497901677641e-01
5.779977887868881226e-01
5.739933650940656218e-01
5.752873843535780685e-01
5.757863286882638487e-01
5.741707943379878998e-01
5.775808926671743837e-01
5.764395836740732193e-01
5.814976308494805846e-01
5.810280105099081549e-01
5.709718501195311102e-01
5.749725395813584106e-01
5.740609167143702063e-01
5.740242488682270050e-01
5.782107982784510103e-01
5.749751077964901924e-01
5.764459624886513200e-01
5.746718717738985571e-01
5.791601961478590743e-01
5.729580128565430197e-01
5.729073598980903848e-01
5.819749895483254942e-01
5.717515226453542265e-01
5.709384163841605409e-01
5.684323638677597490e-01
5.725128879770636781e-01
5.734096460044384447e-01
5.793386779725551161e-01
5.684959508478641954e-01
5.704627979546785799e-01
5.678161691874266115e-01
5.710088916122912917e-01
5.718379806727170722e-01
5.737385388463736025e-01
5.745680984109640121e-01
5.717876559123397096e-01
5.713993504643439802e-01
5.683971961960196939e-01
5.673743207007646561e-01
5.713001376017927679e-01
5.810374094173311743e-01
5.679091019555926323e-01
5.720702549442648888e-01
5.713327633216976897e-01
5.797159427776932272e-01
5.686884552240372148e-01
5.678827576339244843e-01
5.747599564492702484e-01
5.760772803798317465e-01
5.727615712210536447e-01
5.770886477082968202e-01
5.686419680714607239e-01
5.709863388910889626e-01
5.680822698399424775e-01
5.703327165916561858e-01
5.687639798969030824e-01
5.689156588166952577e-01
5.713768450543283972e-01
5.689955400303006172e-01
5.701184352859854920e-01
5.688341038301587549e-01
5.695357350632548332e-01
5.722402894869447199e-01
5.726711008697747962e-01
5.718450753018260446e-01
5.717924857512116654e-01
5.776749506592750993e-01
5.711531620472669601e-01
5.686875028535723908e-01
5.699021253734827264e-01
5.690592074766754882e-01
5.686871476471424547e-01
5.724533936008810997e-01
5.726052483543753180e-01
5.749488467350601928e-01
5.704671073704957740e-01
5.749231059104203956e-01
5.691718636080622673e-01
5.690793251618743165e-01
5.690913921222090499e-01
5.753934495151042938e-01
