8.999853987693786905e+01
3.739243062734603740e+01
1.318289846777915919e+01
1.066968169212341344e+01
9.326647026836871746e+00
8.594551526010036469e+00
8.109189893305302377e+00
7.555123208463191631e+00
7.120752768218517659e+00
6.675166992843150737e+00
6.339084988832473400e+00
6.106207233667373835e+00
5.829085510969162165e+00
5.559000459313392817e+00
5.341872890293598353e+00
5.037276914715766551e+00
4.766944041848182323e+00
4.440469779819250284e+00
4.157660269737244008e+00
3.890066032856702716e+00
3.665716076642274945e+00
3.488797973096370519e+00
3.325693426281213672e+00
3.183175118267536075e+00
3.073422005772590726e+00
3.011689851433038800e+00
2.879077007621526629e+00
2.837006814032792867e+00
2.810515154153108597e+00
2.793419842422008692e+00
2.729552778601646246e+00
2.718306066840887159e+00
2.665957263112068265e+00
2.658884013444185346e+00
2.635256116092205225e+00
2.607333797216415228e+00
2.600368981808423907e+00
2.593445097655057818e+00
2.579661802947521121e+00
2.560442404448985965e+00
2.560770747065544306e+00
2.543824677914380938e+00
2.543668533861636938e+00
2.524273576587438672e+00
2.525136095285415827e+00
2.515693172812461853e+00
2.502630922943353653e+00
2.508738771826029001e+00
2.499958860874175848e+00
2.495219892263412564e+00
2.489411203563213437e+00
2.482400762289762586e+00
2.486284579336643041e+00
2.481474447995424271e+00
2.485114426910877139e+00
2.483052155375480741e+00
2.478855784982442856e+00
2.476899165660142899e+00
2.470566278696060269e+00
2.476487173885106863e+00
2.472214101999997915e+00
2.472877206653356641e+00
2.472729242593049825e+00
2.474865381419658839e+00
2.467472161352634252e+00
2.465455085039138794e+00
2.466728554666042239e+00
2.468225516378879547e+00
2.467565923184156240e+00
2.467982043325901209e+00
2.463023601472377866e+00
2.462348283827304751e+00
2.464204806089401067e+00
2.464127246290445328e+00
2.462321373075246900e+00
2.465680111944675623e+00
2.468095498532056897e+00
2.466645868122577578e+00
2.462537889927625567e+00
2.465035254508257001e+00
2.463044814020395101e+00
2.462534529715776355e+00
2.459559038281440735e+00
2.464826051145792007e+00
2.461156439036130905e+00
2.462490574270487009e+00
2.461286214739084155e+00
2.461272157728672028e+00
2.462543886899948298e+00
2.461638539284467520e+00
2.461841844022274017e+00
2.462839669734239401e+00
2.460316611081361682e+00
2.461083597689866842e+00
2.460171390324831009e+00
2.461299939453601926e+00
2.466824754327535452e+00
2.459569501876830877e+00
2.459634766727686106e+00
2.461038950085639776e+00
2.461788480728864581e+00
2.464225545525550842e+00
2.459841761738061905e+00
2.460498247295618057e+00
2.460168150067329584e+00
2.464105544239282519e+00
2.465920877456665217e+00
2.459838924556970507e+00
2.461107332259416580e+00
2.463378566503524603e+00
2.461646846681833090e+00
2.460087032616138369e+00
2.462503179907798767e+00
2.462249691784381689e+00
2.460932301729917615e+00
2.459507580101489843e+00
2.460627478361129938e+00
2.461922429502010345e+00
2.459752719849348068e+00
2.459798084199428470e+00
2.460614792257547201e+00
2.460852406173944296e+00
2.458684110641479403e+00
2.460624083131551565e+00
2.458602151274681180e+00
2.459649726748466492e+00
2.460915731638670056e+00
2.459324593096971601e+00
2.461417870223522097e+00
2.458715056627988726e+00
2.457680211961269290e+00
2.458777515590190976e+00
2.463583041727543055e+00
2.460166016966104596e+00
2.458689132332801730e+00
2.459829884022474378e+00
2.458779700100421906e+00
2.459915702790021808e+00
2.459075414389372050e+00
2.458938196301460266e+00
2.458959622681140988e+00
2.461168812960386365e+00
2.460088045150041758e+00
2.459152046591043472e+00
2.458913069963455378e+00
2.461258787661790848e+00
2.460375583916902364e+00
2.459030887484550565e+00
2.459910054504871546e+00
2.461811737716197879e+00
2.460757634788751425e+00
2.460090450197458090e+00
2.458647843450307846e+00
2.458825428783893763e+00
2.459068477153778076e+00
2.459962633252144037e+00
2.457897360622882665e+00
2.457567407935857595e+00
2.459828020632266909e+00
2.459880409389734179e+00
2.461819072067737757e+00
2.459605249017477124e+00
2.457934068888425916e+00
2.459656672924757093e+00
2.459256374835967929e+00
2.459414981305599213e+00
2.459758312255144297e+00
2.458354865759611041e+00
2.460092595964670004e+00
2.461223110556602478e+00
2.458388937264680774e+00
2.459174576401710333e+00
2.459107665717601865e+00
2.460309921205043882e+00
2.461523184925317853e+00
2.458724125474691213e+00
2.459074551612138837e+00
2.459785310924053281e+00
2.458664002269506543e+00
2.462693341076374054e+00
2.460206133127212702e+00
2.459984184801578433e+00
2.459844037890434265e+00
2.458661811798811048e+00
2.460384720563888461e+00
2.459509494900703253e+00
2.460090795159339816e+00
2.456769078224897207e+00
2.459923445433378042e+00
2.458920729905366809e+00
2.460745342075824738e+00
2.459758517146110712e+00
2.458110731840133845e+00
2.461170267313718796e+00
2.459882611036300570e+00
2.458238074183463961e+00
2.459985387325287043e+00
2.458040422201156705e+00
2.458638020604849039e+00
2.458621235936880201e+00
2.460941788554191767e+00
2.455465377122163950e+00
2.454626534134149551e+00
2.454648125916719437e+00
2.452968885749578387e+00
2.450890089571475805e+00
2.452956102043390096e+00
2.451504877209663480e+00
2.451093302667140872e+00
2.454335864633321762e+00
2.448933213204145254e+00
2.450373936444520950e+00
2.449592768400907339e+00
2.450882887840271085e+00
2.452079737931490033e+00
2.450000482797622503e+00
2.452086023986339569e+00
2.450327712297439398e+00
2.450057335197925568e+00
2.450423485785722555e+00
2.450733368843793780e+00
2.451809258013963877e+00
2.451165258884429932e+00
2.448597010970115839e+00
2.452266664803028018e+00
2.449782908707857310e+00
2.449915174394845963e+00
2.451345023512840449e+00
2.450639734417200177e+00
2.449065633118152618e+00
2.450287480652332484e+00
2.451029696315527140e+00
2.449090872704982935e+00
2.448943843692541034e+00
2.449819092452526270e+00
2.448887347429990591e+00
2.450374811887741089e+00
2.450414617359638392e+00
2.450668212026357651e+00
2.450871111452579409e+00
2.449395391345023931e+00
2.449842989444732666e+00
2.449369093775749295e+00
2.450278493016958326e+00
2.451683096587657928e+00
2.450213450938463211e+00
2.450087708979844958e+00
2.450501558184623896e+00
2.449406451731920065e+00
2.449988634139299570e+00
2.449705400317907511e+00
2.448336319625377566e+00
2.449153956770897089e+00
2.449384599924087524e+00
2.450691304355859579e+00
2.449679784476757050e+00
2.450650960952043711e+00
2.449926189333200277e+00
2.449790786206722082e+00
2.449611399322748184e+00
2.451139269024133593e+00
2.452516529709100723e+00
2.448789124190807520e+00
2.450110349804162979e+00
2.451046456396579920e+00
2.449269406497478485e+00
2.450306157767772497e+00
2.449122207611799329e+00
2.449279638379812329e+00
2.449154715240001501e+00
2.448212559521198095e+00
2.449732233583927332e+00
2.450198639184236526e+00
2.449115785211324781e+00
2.451953146606683731e+00
2.450234332680702121e+00
2.449773450195789515e+00
2.451556753367185593e+00
2.451672667264938266e+00
2.449599745869636358e+00
2.451905176788568674e+00
2.450420356541871847e+00
2.450485957413911731e+00
2.450264005362987607e+00
2.448290435224771411e+00
2.450108669698238373e+00
2.449152984470129191e+00
2.453299446403980344e+00
2.452896970510482610e+00
2.449077063798904330e+00
2.449966008961200536e+00
2.449872148782014758e+00
2.449259312450885684e+00
2.449251204729080200e+00
2.449000815302133649e+00
2.449980847537517548e+00
2.451568045467138468e+00
2.450376956164836972e+00
2.451113621890544714e+00
2.449732881784439265e+00
2.449115335941314697e+00
2.450322370976209641e+00
2.450327893346547992e+00
2.449806986004114062e+00
2.449017161875963300e+00
2.449720153212547213e+00
2.448211768269538791e+00
2.450199486315250308e+00
2.450650371611118317e+00
2.448998270183801562e+00
2.451135899126529516e+00
2.449798968434333979e+00
2.450058615207672208e+00
2.449947963654994787e+00
2.451152297854423345e+00
2.448803638666868121e+00
2.450497224926948547e+00
2.452164309471845716e+00
2.450000956654548645e+00
2.449769064784049988e+00
2.450399854779243380e+00
2.449773079156875699e+00
2.450439299643039526e+00
2.450086248666047961e+00
2.449627266079187571e+00
2.451923947781324387e+00
2.452316680550575168e+00
2.449163366109132767e+00
2.450956224650144399e+00
2.450151426345109851e+00
2.449912717938423246e+00
2.450264100730419337e+00
2.449243681132793338e+00
2.449932958930730820e+00
2.448903130739927381e+00
2.449141647666692734e+00
2.450099446624517618e+00
2.450739604979753405e+00
2.453268622606992633e+00
2.450082852691411794e+00
2.449833575636148453e+00
2.449952283501624972e+00
2.451741852611303507e+00
2.450678259879350840e+00
2.449205075204372584e+00
2.451978863775730044e+00
2.450978202372789294e+00
2.449986139684915631e+00
2.448694495856762021e+00
2.451532801985740750e+00
2.449374125897884280e+00
2.449265675246715457e+00
2.448940325528383255e+00
2.450033935904502691e+00
2.449840153008699506e+00
2.450938813388347626e+00
2.449522285163402646e+00
2.450133557617664160e+00
2.449941008538007559e+00
2.449293993413448334e+00
2.449504630267619998e+00
2.452348457276821048e+00
2.449709315598011194e+00
2.450019042938947678e+00
2.452074319124221802e+00
2.451099123060703100e+00
2.449901576340198339e+00
2.448895826190709890e+00
2.450300554931163610e+00
2.449444492906331927e+00
2.450515518337488263e+00
2.450927279144525350e+00
2.449257045984268188e+00
2.449585573375224978e+00
2.449284513294696985e+00
2.450397773087024778e+00
2.450238209217786789e+00
2.449181368947029203e+00
2.450429009646177381e+00
2.452647329866886050e+00
2.449183532595634372e+00
2.450315178185701548e+00
2.450380934029817492e+00
2.449665392935275854e+00
2.449372112005948843e+00
2.448609801381826490e+00
2.449387457221746445e+00
2.450102374702692209e+00
2.449200930446386426e+00
2.448813256621360956e+00
2.451958237588405698e+00
2.449973226338625132e+00
2.448953989148139776e+00
2.449759175628423602e+00
2.449998152256012141e+00
2.449022965133190066e+00
2.449465881288051428e+00
2.451902473717928022e+00
2.450372961908578784e+00
2.451039604097604574e+00
2.448709672689437955e+00
2.450980602949857534e+00
2.451566269248723895e+00
2.449442920088768183e+00
2.450644092261791140e+00
2.449390459805727005e+00
2.449334932118654162e+00
2.452155015617608846e+00
2.449526327103376477e+00
2.450906448811292826e+00
2.452027036994695486e+00
2.449512597918510615e+00
2.450385715067386450e+00
2.450452882051467718e+00
2.451024349033832372e+00
2.449242502450942993e+00
2.449562316387891681e+00
2.449922265112399966e+00
2.450042952597141444e+00
2.450311647355556399e+00
2.450388544797897250e+00
2.451531020551919848e+00
2.451482057571411133e+00
2.450749047845602213e+00
2.449594616144895376e+00
2.450180471688509165e+00
2.450741264224052252e+00
2.449238245934247882e+00
2.448698242008686243e+00
2.449067469686269760e+00
2.449718116223812192e+00
2.449502071738243192e+00
2.450112847983837217e+00
2.448722375184297473e+00
2.450466953963041483e+00
2.449847871065139682e+00
2.448757003992795944e+00
2.451045501232147039e+00
2.451807653158903033e+00
2.449708496034145533e+00
2.450819917768240153e+00
2.449934761971235275e+00
2.450042795389890671e+00
2.449125667661428363e+00
2.451277475059032263e+00
2.450423388183117002e+00
2.452276453375816345e+00
2.448620544373989016e+00
2.449354596436023712e+00
2.448513565957546323e+00
2.449941036105156122e+00
2.450722703337669284e+00
2.450438676029443652e+00
2.451307429373264402e+00
2.449658995121717364e+00
2.449081266671419232e+00
2.449301732331514270e+00
2.450304503738879980e+00
2.449086916446685969e+00
2.450162690877914606e+00
2.449599351733922958e+00
2.452109857648610891e+00
2.449992828071117401e+00
2.450344930589198889e+00
2.449507595598697574e+00
2.449580199271440328e+00
2.450892731547355652e+00
2.450495914369821726e+00
2.451171534508466809e+00
2.449252968281507403e+00
2.450259153544902979e+00
2.450067152082920252e+00
2.449505571275949478e+00
2.450650857388973147e+00
2.450317750871181310e+00
2.450858078896999359e+00
2.450639691203832626e+00
2.449637322872876943e+00
2.450162637978792191e+00
2.450604055076837540e+00
2.449704848229885101e+00
2.450806497782468618e+00
2.450368892401456833e+00
2.449782221019268125e+00
2.448873884230851949e+00
2.449005233496427625e+00
2.450462134927511304e+00
2.449926487356424154e+00
2.450086042284965515e+00
2.450422198325395762e+00
2.448715795576572596e+00
2.451195224374532522e+00
2.449436312913894742e+00
2.450849151611328214e+00
2.450907327979803263e+00
2.448922779411077499e+00
2.450326785445213318e+00
2.449623896181583493e+00
2.449224968999624164e+00
2.450889102369546713e+00
2.449489847570657908e+00
2.449108140170574099e+00
2.448955519497394651e+00
2.450114698708057315e+00
2.449832684546708883e+00
2.450180597603321075e+00
2.449336166679858984e+00
2.449632485955953509e+00
2.449619919806719004e+00
2.449866303056478678e+00
2.449017231166362940e+00
2.450650414079427630e+00
2.452779264003038584e+00
2.450687498599291025e+00
2.451330207288265228e+00
2.449595274031162173e+00
2.450078802555799573e+00
2.449026233702897848e+00
2.449437005072832019e+00
2.449966197460889727e+00
2.449257346987724127e+00
2.451419559866189868e+00
2.449074972420930862e+00
2.449985648691654028e+00
2.450782591849565595e+00
2.449701063334941864e+00
2.450488488376140417e+00
2.451995728164911181e+00
2.450190867483615698e+00
2.449022643268108368e+00
2.450484487414359869e+00
2.448943018913269043e+00
2.449315641075372696e+00
2.448772025108337580e+00
2.449514000117778867e+00
2.449273616820573984e+00
2.451337990164756953e+00
2.450444426387548447e+00
2.450575552880764008e+00
2.449430589377880274e+00
2.450498820096254526e+00
2.450456646084785639e+00
2.451314282417297541e+00
2.449343398958444773e+00
2.450446977466344656e+00
2.451652041077613919e+00
2.449005174636840643e+00
2.449940134584903895e+00
2.448497774451971143e+00
2.450638163089752020e+00
2.449043679982423782e+00
2.450183900445699781e+00
2.449849186092615039e+00
2.450151630491018473e+00
2.449719657003879725e+00
2.450308115780353457e+00
2.449557596445083529e+00
2.449092753976583658e+00
2.449979740381240667e+00
2.449273800849914640e+00
2.449819604307413190e+00
2.449646231532097040e+00
2.449203642457723706e+00
2.450988012552261175e+00
2.450292115658521563e+00
2.451100687682628454e+00
2.450214789062738596e+00
2.450713165849447428e+00
2.450552902370691122e+00
2.450321539491414846e+00
2.451055458933114828e+00
2.449417085945606143e+00
2.450883872807025909e+00
2.450154730677604586e+00
2.449419601261615842e+00
2.451488305628299891e+00
2.449483419954776586e+00
2.451726014912128271e+00
2.450450310856103986e+00
2.451408575475215734e+00
2.450181371718644918e+00
2.449018765985965906e+00
2.449712914228439509e+00
2.449430520087480634e+00
2.450638007372617722e+00
2.450491331517696381e+00
2.451887388527393519e+00
2.448955342173576355e+00
2.448846340179443359e+00
2.448265400528907954e+00
2.448771808296442032e+00
2.451330909132957370e+00
2.450931943207979025e+00
2.449301473796367645e+00
2.450265986472368152e+00
2.449612551927566440e+00
2.451676879823208033e+00
2.449883492290973575e+00
2.449213134497404187e+00
2.449461486190557480e+00
