1.299573134660720939e+02
6.354919320344924927e+01
3.318418274521827982e+01
2.216376687288284231e+01
1.563109968602657318e+01
1.235852569639682841e+01
1.014306762665510142e+01
9.052236075699330087e+00
8.315623046457767842e+00
7.803138239681720378e+00
7.282589872181415735e+00
6.869757787883282063e+00
6.322977972030639826e+00
5.889241492748260143e+00
5.500190778076648357e+00
5.175512976944446564e+00
4.733070985972881672e+00
4.381610035896301270e+00
4.148785962909459890e+00
3.865844340622424991e+00
3.492921146750449957e+00
3.278384529054164886e+00
3.046782155334949671e+00
2.772331109642982572e+00
2.587333077192306430e+00
2.381898681819438757e+00
2.227751661092042923e+00
2.099435929208993912e+00
1.994697429984807924e+00
1.888667250424623578e+00
1.819891454651951790e+00
1.717772567272186190e+00
1.678867201134562448e+00
1.595404769852757365e+00
1.548119649663567632e+00
1.495838962867856115e+00
1.441155625879764646e+00
1.372724095359444618e+00
1.320221882686019033e+00
1.261242987960577100e+00
1.189612549170851796e+00
1.131863233819603964e+00
1.114010843262076333e+00
1.088015480712056116e+00
1.040889936685562178e+00
1.035096849873661906e+00
9.888124734163283858e-01
9.827629152685404268e-01
9.603640021756291167e-01
9.544556964188813941e-01
9.135928643867373689e-01
8.986991778016090171e-01
9.459633829072118250e-01
9.037331774830817954e-01
9.023361545056104438e-01
8.833854949101805909e-01
8.732755538076162338e-01
8.766263671219348685e-01
8.836946083232760651e-01
8.638791019096970780e-01
8.565988654270768610e-01
8.419416237622499022e-01
8.409693140536547151e-01
8.417408039793372598e-01
8.791346313431859238e-01
8.153056453913449797e-01
8.072866465896367805e-01
8.052052017301321030e-01
7.923337418586016145e-01
8.151261741295456886e-01
7.885459087789058463e-01
7.894562315195798874e-01
8.017365960404276848e-01
7.591632055118680000e-01
7.728701684623956458e-01
7.637064306065439734e-01
7.712116979062557665e-01
7.431672004982828872e-01
7.426361599937081337e-01
7.411305056884884834e-01
7.280675128102302995e-01
7.267946152016520056e-01
7.098743310198187828e-01
7.435795202851295249e-01
6.946803100407124010e-01
6.952998543158173117e-01
6.944862462580203566e-01
6.982605705037713273e-01
6.864722521975636926e-01
6.984143760055303574e-01
6.906465947628021018e-01
6.800292426720261352e-01
6.892288040369749513e-01
6.741196755319833755e-01
6.773977944627403991e-01
6.703523211181163788e-01
6.706050334498285803e-01
6.623361714184283766e-01
6.708747217431664245e-01
6.708805250003934129e-01
6.678665494546294212e-01
6.658948384225368278e-01
6.571469578891993013e-01
6.655433760955929978e-01
6.592937104403973070e-01
6.620166651904583199e-01
6.599059581756592241e-01
6.697244336828589439e-01
6.567401941865682602e-01
6.542996292933821456e-01
6.632154831662774308e-01
6.537008672952652200e-01
6.553684331476687941e-01
6.506795736029744592e-01
6.520614573732018693e-01
6.509211121127009836e-01
6.525682780891657320e-01
6.472596339881420135e-01
6.536301383748650551e-01
6.463467545807362047e-01
6.524186972528696060e-01
6.464380936697124991e-01
6.513450628146528754e-01
6.430588126182555930e-01
6.467557452619075997e-01
6.475612496957182662e-01
6.449785945937037690e-01
6.478514323011040910e-01
6.502666288986802545e-01
6.490526206791400465e-01
6.484462084248662217e-01
6.459883861243724823e-01
6.428622070699929747e-01
6.382056253030896631e-01
6.451269246637820753e-01
6.414721934124827385e-01
6.331974949687719789e-01
6.391750656068324599e-01
6.299216452986001746e-01
6.247672494500875473e-01
6.227396933361888376e-01
6.305757645517587884e-01
6.208947768434882608e-01
6.222572077065706697e-01
6.168160127475857957e-01
6.166617047041654809e-01
6.188286446034908517e-01
6.196493566036224143e-01
6.171056592836976495e-01
6.156847693026066271e-01
6.146514734253287759e-01
6.165155380964278953e-01
6.152303557842969672e-01
6.163440365344285965e-01
6.211051896214485613e-01
6.209016641601919906e-01
6.165103733539580855e-01
6.140110529959201813e-01
6.188705647364258766e-01
6.154574017971754518e-01
6.142317337915301767e-01
6.188640410080552545e-01
6.203705118969082832e-01
6.150053903460502847e-01
6.155654270201921241e-01
6.166095450520515664e-01
6.128488125279545340e-01
6.149609940126538055e-01
6.152225047349929588e-01
6.168668691068888155e-01
6.218409126624464545e-01
6.151607589796185271e-01
6.154300248250365035e-01
6.223956367000937906e-01
6.163963761180639711e-01
6.205246770754456742e-01
6.142419068142771499e-01
6.139702171087264571e-01
6.157514279708266036e-01
6.139639958739280257e-01
6.150951817631721275e-01
6.152312181890010612e-01
6.164757089689374414e-01
6.139200391247868760e-01
6.172525085508823173e-01
6.152992038056254165e-01
6.142152665182948335e-01
6.148155264556407484e-01
6.164798578247427940e-01
6.153245488181710021e-01
6.213620759546756300e-01
6.149985747411846893e-01
6.183589605614543405e-01
6.161178754642605560e-01
6.167120149359106573e-01
6.123556233942508698e-01
6.128594331443310006e-01
6.128570998087525812e-01
6.140458147972822633e-01
6.089819338172673957e-01
6.134967140853404555e-01
6.088562900200485961e-01
6.100972181186079535e-01
6.084423713386059029e-01
6.124747749418020248e-01
6.079828703776002374e-01
6.101388329640030639e-01
6.087293507531285064e-01
6.094928611069917457e-01
6.085709344595671144e-01
6.109821882098913637e-01
6.092510065063834190e-01
6.107885424047708733e-01
6.081282455474138482e-01
6.083292756229639053e-01
6.097545029595494714e-01
6.098409403115511163e-01
6.108053073287009749e-01
6.097003035247325897e-01
6.084137609228491561e-01
6.109881805256008880e-01
6.129247648641467094e-01
6.075792303308844566e-01
6.092360116541385429e-01
6.087361240759492365e-01
6.100193334743380102e-01
6.133924750611186028e-01
6.123261764645576699e-01
6.108165146782994492e-01
6.134071409702300803e-01
6.088020453229546769e-01
6.072480484843254533e-01
6.137775056064128654e-01
6.067119039595126884e-01
6.094421217218041198e-01
6.083726011216640250e-01
6.094293318688869254e-01
6.097513610497117265e-01
6.125229742377996667e-01
6.108397940173745377e-01
6.105806643143296686e-01
6.093983406201004538e-01
6.082634385675191879e-01
6.090885320678353088e-01
6.077348386868834940e-01
6.158280571922659652e-01
6.103027613833547083e-01
6.084810517728328483e-01
6.099876103922724502e-01
6.089312639087438583e-01
6.074417170137167421e-01
6.123065700754523055e-01
6.089360736310481803e-01
6.088719660416245238e-01
6.103221375495195833e-01
6.121093703433870825e-01
6.094462156295776811e-01
6.115673707798123804e-01
6.108036952093243155e-01
6.127517575398087057e-01
6.145139496773481813e-01
6.067106517031788382e-01
6.174828950315713882e-01
6.077853659167885558e-01
6.081819267943501250e-01
6.076080586761236635e-01
6.083966981619596259e-01
6.074503166601061821e-01
6.136184843257069810e-01
6.101646130904555543e-01
6.081841552630067316e-01
6.086790893226862176e-01
6.088766211643814596e-01
6.082365509122610314e-01
6.097152829170227051e-01
6.086648534983396530e-01
6.099380966275930183e-01
6.087353311479091200e-01
6.214919615536927955e-01
6.088874446228146331e-01
6.088378980755806413e-01
6.115057202056050079e-01
6.073459418490528838e-01
6.167830547317862955e-01
6.086616743355989234e-01
6.150048712268472162e-01
6.103335570544003996e-01
6.071482779458164947e-01
6.092300416901708093e-01
6.070773052051663399e-01
6.101312961429357085e-01
6.108353096991777642e-01
6.085107157006859335e-01
6.093364991247653961e-01
6.088513281196356042e-01
6.071614289656281915e-01
6.087106347084045854e-01
6.099977614358067513e-01
6.085004508495330811e-01
6.084446499124169794e-01
6.098230846226215807e-01
6.076928080990910974e-01
6.101739889010786566e-01
6.093525622040033562e-01
6.099077334627509561e-01
6.090519454330205473e-01
6.085499096661806107e-01
6.093522187322377714e-01
6.106878908351063284e-01
6.076182410120963828e-01
6.095889955759048462e-01
6.093792771920562013e-01
6.083735920488834159e-01
6.109363798052072081e-01
6.095456687733531442e-01
6.081397632136941178e-01
6.101667141541838868e-01
6.098285725340246710e-01
6.097491413354874101e-01
6.094872912392019781e-01
6.088482985273003800e-01
6.073081420734525171e-01
6.082061190158128960e-01
6.089005837216973083e-01
6.097809234634041786e-01
6.090555999428033385e-01
6.106922484934329542e-01
6.101167324930429903e-01
6.084376070648431778e-01
6.086915560066700204e-01
6.084417374804615974e-01
6.091906640678643736e-01
6.102251609787344711e-01
6.076387790963053703e-01
6.093628641217947450e-01
6.088837184011935966e-01
6.088489906862377676e-01
6.115623030811547789e-01
6.078735150396823439e-01
6.125113943591713461e-01
6.103961778804659621e-01
6.095351865515112877e-01
6.106741681694984880e-01
6.156440475955605729e-01
6.082390308380126731e-01
6.082780027762055841e-01
6.092639405280351195e-01
6.096890605986118317e-01
6.080785427242517693e-01
6.084454879164695740e-01
6.071106154471636041e-01
6.081247482448816077e-01
6.093750150874257532e-01
6.125078544020652327e-01
6.110054310411214828e-01
6.100669790059327635e-01
6.087868444621562514e-01
6.126601874828339067e-01
6.096939507871865782e-01
6.090630454942583816e-01
6.073743948712945206e-01
6.087990377098322359e-01
6.083141611889004707e-01
6.072550840675831063e-01
6.100028974935411963e-01
6.110812451690434965e-01
6.087720857933163199e-01
6.080598987638949904e-01
6.129646532237529311e-01
6.100843889638781770e-01
6.087550327181816545e-01
6.083681788295507431e-01
6.098133498802781327e-01
6.094233715906739457e-01
6.075589969754219277e-01
6.081601010635495630e-01
6.102843765169382317e-01
6.097784154117107391e-01
6.079172404482960923e-01
6.086428510025143623e-01
6.080282308161258920e-01
6.081273503601550834e-01
6.100292161107063738e-01
6.085174612700938734e-01
6.081627521663903746e-01
6.111314207315444724e-01
6.093149146065115485e-01
6.082558708265424219e-01
6.074271073564887491e-01
6.092484997585415618e-01
6.068201398476957831e-01
6.101732768118381944e-01
6.106258086860180123e-01
6.059992335736751334e-01
6.104508036747574584e-01
6.096958620473742485e-01
6.113092269748449104e-01
6.092983501031994376e-01
6.088878864422440085e-01
6.080368448048829588e-01
6.159483082592487335e-01
6.135290153324604034e-01
6.090117065235972627e-01
6.069284532219171302e-01
6.092485545203090158e-01
6.073927229270339456e-01
6.068254170939326730e-01
6.086787668988108413e-01
6.108567187562584655e-01
6.072058783844113128e-01
6.083527503535151038e-01
6.072612367570400238e-01
6.078024739399552345e-01
5.947013989090919051e-01
6.009233742952346802e-01
5.904734361916780250e-01
5.901217794045805487e-01
5.891528060659766419e-01
5.840767899528145346e-01
5.829069638624787553e-01
5.804737677797675577e-01
5.945893634110689385e-01
5.771995017305016074e-01
6.109996682032943216e-01
5.792540119960903899e-01
5.762681499123573081e-01
5.788116730749607308e-01
5.737161142751574516e-01
5.751941258087753805e-01
5.754287464544176611e-01
5.771286286413669364e-01
5.849289877340198007e-01
5.764409177005290763e-01
5.738710463047027588e-01
5.776607494801282439e-01
5.766598289832473023e-01
5.727390600368380547e-01
5.740412406623363051e-01
5.786411322653293166e-01
5.732553638517856598e-01
5.713260777294635329e-01
5.713032327592373338e-01
5.720084961503744125e-01
5.710871601477265358e-01
5.741417132318019645e-01
5.723651222884654777e-01
5.719810826703906059e-01
5.712305739521980064e-01
5.697782926261425462e-01
5.694377988576888594e-01
5.706027548760175261e-01
5.732653440907597986e-01
5.710393723100424257e-01
5.733668925240635872e-01
5.720562923699616942e-01
5.689724681898951086e-01
5.709297453984618631e-01
5.708217684179544005e-01
5.689439637586474197e-01
5.703336782753467560e-01
5.711121832951903121e-01
5.701572956517338975e-01
5.684273529797791991e-01
5.720977333374321905e-01
5.706297498196363227e-01
5.691964201629161613e-01
5.700431436300277266e-01
5.694913342595100403e-01
5.714521335437894312e-01
5.697399070486426353e-01
5.720059840008616669e-01
5.707983156666159852e-01
5.739667102694511192e-01
5.682438015937805176e-01
5.767625337466597557e-01
5.684311913326383081e-01
5.695067811757326126e-01
5.687456021085381952e-01
5.687709936872125116e-01
5.699384726583958116e-01
5.681933505460620148e-01
5.677048739045857939e-01
5.705267740413546562e-01
5.710896879434586015e-01
5.691875951364636643e-01
5.698187481611967087e-01
5.721234308555722681e-01
5.702728601172566414e-01
5.725817523896694627e-01
5.714423999190330061e-01
5.687389306724071059e-01
5.697887197136879411e-01
5.706804567947983964e-01
5.701027020812035051e-01
5.699349757283925788e-01
5.713208688423037085e-01
5.669254370033740553e-01
5.689133362844586150e-01
5.707359457388520019e-01
5.708135709166526350e-01
5.682179892435670343e-01
5.824049608781933784e-01
5.691480146721005218e-01
5.694711856544018014e-01
5.696877406910061392e-01
5.700428204610943350e-01
5.697321686893701553e-01
5.686152461916208489e-01
5.698576629161834495e-01
5.690975680947303328e-01
5.715242445468902144e-01
5.681076200678945032e-01
5.682969175279140028e-01
5.707754272967576759e-01
5.775067223235964553e-01
5.675588607788085715e-01
5.705023398622870445e-01
5.691754784435033576e-01
5.693499613553285599e-01
5.687807641923428026e-01
5.695910120382905450e-01
5.700112709775566611e-01
5.710561720654367956e-01
5.700775161385536194e-01
5.696855543181300607e-01
5.695989333093166573e-01
5.681444793939590676e-01
5.700004186481237856e-01
5.696669474244118181e-01
5.699313830584287199e-01
5.692848281934856924e-01
5.699653936550020950e-01
5.700588131323456320e-01
5.709575194865464942e-01
5.684199051931499991e-01
5.734399296343326569e-01
5.688248172402381453e-01
5.719926258549093978e-01
5.675359874963760154e-01
5.707724252715706825e-01
5.704362763091921362e-01
5.692294208332896455e-01
5.706850962713361231e-01
5.690352983772755113e-01
5.701989520341157469e-01
5.683413829654455629e-01
5.693384068086743133e-01
5.694876538589597192e-01
5.728273481130600198e-01
5.713863214477896690e-01
5.677463861182332483e-01
5.708663394674658997e-01
5.667383009567856789e-01
5.663780460134149042e-01
5.645862510427832603e-01
5.637235190719366296e-01
5.638100033625960128e-01
5.650417957454919593e-01
5.653903380036353621e-01
5.720584226772189584e-01
5.635850673541427103e-01
5.624352879822254181e-01
5.654640439897775650e-01
5.689174996688961539e-01
5.624969778582453728e-01
5.653215734288096206e-01
5.647230731323361619e-01
5.671384362503886223e-01
5.633306059986352698e-01
5.645459594205022302e-01
5.639514494687318802e-01
5.704881031066179053e-01
5.630971867591142432e-01
5.649489682167768700e-01
5.643656991422176805e-01
5.642022438347339408e-01
5.634344862774014473e-01
5.640826266258954780e-01
5.644708190113305601e-01
5.639463195577263388e-01
5.634490853175521119e-01
5.651847008615732415e-01
5.629395129159092681e-01
5.662018220871687380e-01
5.650858022272586823e-01
5.646973423659801261e-01
5.628484165295958297e-01
5.646467618644237518e-01
5.635866194963454756e-01
5.636695772409439087e-01
5.639529295265675035e-01
5.627075735479593055e-01
5.667548567056656106e-01
5.651763027533889261e-01
5.625180477276444657e-01
5.624105133116245048e-01
5.645294679328799470e-01
5.650130817666649818e-01
5.629347117617726770e-01
5.642663465812802759e-01
