6.889270927906036945e+01
2.057832207381725453e+01
1.229978093504905701e+01
1.054372583031654287e+01
9.039352148771286011e+00
8.305640859901904705e+00
7.667339520156383870e+00
7.060654526948928478e+00
6.376050475239753546e+00
6.005070504546165644e+00
5.567659138143062236e+00
5.181006316840648829e+00
4.921407152712345301e+00
4.650177109241485418e+00
4.435953918844461441e+00
4.253365534543990911e+00
4.081402371823787512e+00
3.903662620484829038e+00
3.728782176226377310e+00
3.524503959715366452e+00
3.360533556342125028e+00
3.258411250263452352e+00
3.160303702205419452e+00
3.086123404651880175e+00
3.038861079514026731e+00
3.019476891309023081e+00
2.921635936945676804e+00
2.899164760112762362e+00
2.852149548381567090e+00
2.830060967803001315e+00
2.823842769861221402e+00
2.799800398945808233e+00
2.792308942228555857e+00
2.775764448940754026e+00
2.762363104522228330e+00
2.734578388929366888e+00
2.741589526087045758e+00
2.727865729480981827e+00
2.705296595394611536e+00
2.690807121247053235e+00
2.682375002652406693e+00
2.670700156688690097e+00
2.664782165735959829e+00
2.665235226601362140e+00
2.653051877766847699e+00
2.652317457646131693e+00
2.651868101209402084e+00
2.642725295573472799e+00
2.636605076491832733e+00
2.632303841412067413e+00
2.642131114751100629e+00
2.636328383535146536e+00
2.634220081567764105e+00
2.635658620297908872e+00
2.630974869430064977e+00
2.631728306412696838e+00
2.631275136023759842e+00
2.623281790316104978e+00
2.622529389709234326e+00
2.615411647409200846e+00
2.619726216048002154e+00
2.611352187395096003e+00
2.612550991773605169e+00
2.611005491763353170e+00
2.616332793980836957e+00
2.606829230487346827e+00
2.612005881965160370e+00
2.606536972522735418e+00
2.609045636653900324e+00
2.607772624492645352e+00
2.609315206855535418e+00
2.609259425103664487e+00
2.606602267175913035e+00
2.605746933072805582e+00
2.607635717093944372e+00
2.604460071027278723e+00
2.606811755895614535e+00
2.602979568392038257e+00
2.602484238892793567e+00
2.607097816467285334e+00
2.603619980067014783e+00
2.602548936754465192e+00
2.604348835349083124e+00
2.602612376958131968e+00
2.605893491953611196e+00
2.604325719922781168e+00
2.604807953536510290e+00
2.602300710231065572e+00
2.603807376325130374e+00
2.604378908127546133e+00
2.605538895726204007e+00
2.603623900562524796e+00
2.602728835493326009e+00
2.603626408427953898e+00
2.603648373484611422e+00
2.606529486179351984e+00
2.603694288432598203e+00
2.602072807401418775e+00
2.603198932111263186e+00
2.602204013615846634e+00
2.604241222143173218e+00
2.604072397947311490e+00
2.602924496680498301e+00
2.600915096700191498e+00
2.603585503995418549e+00
2.607396686077117831e+00
2.601674087345600128e+00
2.601102004945277990e+00
2.603767262399196536e+00
2.602797094732522964e+00
2.602784828841686160e+00
2.603745923936366946e+00
2.601031081378459842e+00
2.602901078015565695e+00
2.603251667320728213e+00
2.601696335524320780e+00
2.601899580657482058e+00
2.601229045540094376e+00
2.600947983562946320e+00
2.598222483694553553e+00
2.597809411585330963e+00
2.593313752114772885e+00
2.593710339814424337e+00
2.590845275670289993e+00
2.587966662645340143e+00
2.589519729465246112e+00
2.587333428114652722e+00
2.590698807686567129e+00
2.589242441952228635e+00
2.586667399853467941e+00
2.587023028731346042e+00
2.588823686540126623e+00
2.588187433779239655e+00
2.585722469538450419e+00
2.586292298883199781e+00
2.586109455674886703e+00
2.584957140684127630e+00
2.587192422151565641e+00
2.586138258874416174e+00
2.586688009649515063e+00
2.584862802177667618e+00
2.586202555894851596e+00
2.587573133409023285e+00
2.586297208070754916e+00
2.587029107660055338e+00
2.588281171023845584e+00
2.587335893511772067e+00
2.584722599387168973e+00
2.584419184178114115e+00
2.584414642304182053e+00
2.584448155015707016e+00
2.585485892742872327e+00
2.585417507588863462e+00
2.586393934488296686e+00
2.586164312064647586e+00
2.587492229789495557e+00
2.587211559712886633e+00
2.585038369894027799e+00
2.584982676804065793e+00
2.586030186712741763e+00
2.586986334621906192e+00
2.584907955676317037e+00
2.587655831873417078e+00
2.589025361090898425e+00
2.586132512986659915e+00
2.585063723474740893e+00
2.586323937028646380e+00
2.585932867974042981e+00
2.585023877769708545e+00
2.585175099223852246e+00
2.585754016786813825e+00
2.589690245687961578e+00
2.587060124427080332e+00
2.584465780109167277e+00
2.586158636212348760e+00
2.585875817388296305e+00
2.586963775008916944e+00
2.585312019288539709e+00
2.586032727360725314e+00
2.585523040592670352e+00
2.586412820965051651e+00
2.586781682819128125e+00
2.584424693882465540e+00
2.584892161190509796e+00
2.586725778132676901e+00
2.585679905861616223e+00
2.586256157606840134e+00
2.585738721489906133e+00
2.586481466144323171e+00
2.586189809441566290e+00
2.584856749325990855e+00
2.587515761703252704e+00
2.586158398538827896e+00
2.587313670665025711e+00
2.584994564205408185e+00
2.586676050722599207e+00
2.584807169437408625e+00
2.587627261132001699e+00
2.584628259390592486e+00
2.587720309942960650e+00
2.585898511856794535e+00
2.586472684144973666e+00
2.585105618834495633e+00
2.585964037477970212e+00
2.585300696641206653e+00
2.584956143796444117e+00
2.584935649484395803e+00
2.585723926872014911e+00
2.586798378080129801e+00
2.586835201084613622e+00
2.584808214753866018e+00
2.585027397423982798e+00
2.586492679268121542e+00
2.585357245057821274e+00
2.587657589465379715e+00
2.584672375023365110e+00
2.585991169512271703e+00
2.586792892217636197e+00
2.584226080030203043e+00
2.586302448064088821e+00
2.587843608856201350e+00
2.584127573668956845e+00
2.585034165531396866e+00
2.584186037629842669e+00
2.585048753023147405e+00
2.586735732853412628e+00
2.587458945810794830e+00
2.586034602671861471e+00
2.589433903247118085e+00
2.585678137093782247e+00
2.585620861500501633e+00
2.585462735593318850e+00
2.584826652705669581e+00
2.585102201998233706e+00
2.585158601403236389e+00
2.586773514002561392e+00
2.586000623553991407e+00
2.584901815652847379e+00
2.585709290951490491e+00
2.586710862815380096e+00
2.585526138544082642e+00
2.585486743599176407e+00
2.585258740186691107e+00
2.584768140316009433e+00
2.585584285110235303e+00
2.586371732503175647e+00
2.586602824926376165e+00
2.585552747547626318e+00
2.586388412863016129e+00
2.586929450184106916e+00
2.586850394308567225e+00
2.584471567720174612e+00
2.585556986182928174e+00
2.585970589518546969e+00
2.585473661869764239e+00
2.584696239978074850e+00
2.587104938924312592e+00
2.585934999585151495e+00
2.586070701479911804e+00
2.585012829303741544e+00
2.585695081949233920e+00
2.585113630443811594e+00
2.584702271223068060e+00
2.585607228428125293e+00
2.585998577624559314e+00
2.585198953002691091e+00
2.586585858464240939e+00
2.586450063437223612e+00
2.586802777647972285e+00
2.585981818288564771e+00
2.586396704614162267e+00
2.584809070080518634e+00
2.585297492891549975e+00
2.585765638947486789e+00
2.585951867699622930e+00
2.587583739310503006e+00
2.586410405486822217e+00
2.586640806496143252e+00
2.586083156615495593e+00
2.586401212960481644e+00
2.586685843020677389e+00
2.587343000620603739e+00
2.585124565660953611e+00
2.585486057400703253e+00
2.584929729998111547e+00
2.585752904415130615e+00
2.585393451899290262e+00
2.584602311998605906e+00
2.586546732485294431e+00
2.585510022938251495e+00
2.584783831238746554e+00
2.585851988196373075e+00
2.584925749897956759e+00
2.586091279983520508e+00
2.587970156222581863e+00
2.584788543730974109e+00
2.585660152882337748e+00
2.584133785963058649e+00
2.586298319697379888e+00
2.584034302830696017e+00
2.584672818332910627e+00
2.585369038581847967e+00
2.585132353752851664e+00
2.585542175173759283e+00
2.584790829569101334e+00
2.584630541503429413e+00
2.585463522374630063e+00
2.586024625599384397e+00
2.584063871204853147e+00
2.585745072364807218e+00
2.585876481980085462e+00
2.586028789728879840e+00
2.584523250162601649e+00
2.586555738747120081e+00
2.583464920520782471e+00
2.586168126016855418e+00
2.586933667212724774e+00
2.586347081512212931e+00
2.586247028410434634e+00
2.584947204589843839e+00
2.584034404158592313e+00
2.584255866706371307e+00
2.584867935627698898e+00
2.586368731409311117e+00
2.586398354917764486e+00
2.584534123539924622e+00
2.587421783059835612e+00
2.584351275861263453e+00
2.582944855093955994e+00
2.580505336076021283e+00
2.582018586248159497e+00
2.578491438925266444e+00
2.577040766924619586e+00
2.575609586387872518e+00
2.575457747280597509e+00
2.574516384303569883e+00
2.575115200877189814e+00
2.576259613782167612e+00
2.574994773417711436e+00
2.574938114732503891e+00
2.573236263543367208e+00
2.575557564198970972e+00
2.575215980410575867e+00
2.573783960193395615e+00
2.574004881829023539e+00
2.574188553541898905e+00
2.574918128550052643e+00
2.574767327308654874e+00
2.575250919163226904e+00
2.573952975869178594e+00
2.574185480177402674e+00
2.575875271856784998e+00
2.576747722178697408e+00
2.574798421561717898e+00
2.574166970700025647e+00
2.574253242462873459e+00
2.573799516260623754e+00
2.573249803483486087e+00
2.575318412482738406e+00
2.573688621819019140e+00
2.574793533235788523e+00
2.574753820151090444e+00
2.574415517598390490e+00
2.574645156413316816e+00
2.573437046259641647e+00
2.575172248482703985e+00
2.574315112829208552e+00
2.576230193674564184e+00
2.574101588129997342e+00
2.572882436960935770e+00
2.576724331825971603e+00
2.575421633571386426e+00
2.573911453038454145e+00
2.575428412109613596e+00
2.575137290358543218e+00
2.575539665669202893e+00
2.573541725426912397e+00
2.575641474872827352e+00
2.574429465830326169e+00
2.575287845730781733e+00
2.576324429363012314e+00
2.575272098928690134e+00
2.573537310957908719e+00
2.575148260593414395e+00
2.574859265983104883e+00
2.575061292946338565e+00
2.574720495194196879e+00
2.574610347300767987e+00
2.574339603632688434e+00
2.574831177294254481e+00
2.576465982943773270e+00
2.575049456954002558e+00
2.573837251216173350e+00
2.572731079906225293e+00
2.574716370552778244e+00
2.573122031241655172e+00
2.574752679467201322e+00
2.574832220375538050e+00
2.572937176376581370e+00
2.574710435420274557e+00
2.575627069920301437e+00
2.574909692257642657e+00
2.575711081922054113e+00
2.574256552755832761e+00
2.573948135972023099e+00
2.575306366384029211e+00
2.574375351518392474e+00
2.574504798650741666e+00
2.573920128494501025e+00
2.574562278389930903e+00
2.578677241504192530e+00
2.574448523670434863e+00
2.575552309304475873e+00
2.575714754313230603e+00
2.576138208806514562e+00
2.573765702545642853e+00
2.574950212985277265e+00
2.575102475285530268e+00
2.574327245354652405e+00
2.575576814264059156e+00
2.574460736662149252e+00
2.574581134319305242e+00
2.573177149146795184e+00
2.576218438148498713e+00
2.575175771862268537e+00
2.575467044115066440e+00
2.575344905257225037e+00
2.573409191519021810e+00
2.576124389469623743e+00
2.574234614521265119e+00
2.575758541375398725e+00
2.574445716291665853e+00
2.573492342978715985e+00
2.574144540727138608e+00
2.575258851796388804e+00
2.575164975225925357e+00
2.575742542743682861e+00
2.574289760738611044e+00
2.574791157990694135e+00
2.574864608794450671e+00
2.575866147130727590e+00
2.577293867617845624e+00
2.574913274496793747e+00
2.574047874659299850e+00
2.575170949846506296e+00
2.573375369608402075e+00
2.574172434210777460e+00
2.574661922454834162e+00
2.575081059336662204e+00
2.574529536068439484e+00
2.574393065273761660e+00
2.574607285112142652e+00
2.574175149202346802e+00
2.574092651158571332e+00
2.576499097794294535e+00
2.574930088222026736e+00
2.576649864763021380e+00
2.574173263460397543e+00
2.574662923812866211e+00
2.573601920902729212e+00
2.574411899596452891e+00
2.574260676652193158e+00
2.573604729026556015e+00
2.574225388467311859e+00
2.574543731659650891e+00
2.576417694985866369e+00
2.574245214462280273e+00
2.575361937284469604e+00
2.576700939983129324e+00
2.574973565340042292e+00
2.574482619762420654e+00
2.576463230699300944e+00
2.573812825232744128e+00
2.573830232024192810e+00
2.574341413378715693e+00
2.573819658905267538e+00
2.574599674344062894e+00
2.574002245068550021e+00
2.574861638993025004e+00
2.574312917888164520e+00
2.573980313539505183e+00
2.574407117813825696e+00
2.574359748512506485e+00
2.574637559056282221e+00
2.575037796050310135e+00
2.573513261228799642e+00
2.573644790053367437e+00
2.573999888449907125e+00
2.575237520039081573e+00
2.575631880760192782e+00
2.575405646115541458e+00
2.572334276884794324e+00
2.574066076427698135e+00
2.570764292776584803e+00
2.569851227849722086e+00
2.569735797494649976e+00
2.566114240884780795e+00
2.565926215797662557e+00
2.565184616297483622e+00
2.566729564219713211e+00
2.563730350881814779e+00
2.564956957101821811e+00
2.565176025032997131e+00
2.564958822727203547e+00
2.565420757979154587e+00
2.565097774565219702e+00
2.563914008438587189e+00
2.565738038718700320e+00
2.563221672177314669e+00
2.562805140763521283e+00
2.563595148175954908e+00
2.564930496364831836e+00
2.564378120005130768e+00
2.563168938457965673e+00
2.564461223036050619e+00
2.562279514968395233e+00
2.564405640214681537e+00
2.565207073837518781e+00
2.564449694752693354e+00
2.563772320002317251e+00
2.563343037664890467e+00
2.564123976230621160e+00
2.563282161951065063e+00
2.562789956480264753e+00
2.563260922580957502e+00
2.564387089759111227e+00
2.564237610995769412e+00
2.564236816018819809e+00
2.564080958068370997e+00
2.563614629954099833e+00
2.564222951233387171e+00
2.563790392875671564e+00
2.566224891692399979e+00
2.564389003068208606e+00
2.565132158249616712e+00
2.562821847945451648e+00
2.562932003289461136e+00
2.563651034235954196e+00
2.563725845515727908e+00
2.563386306911707102e+00
2.567607150971889407e+00
2.564183373004198074e+00
2.563119078427553266e+00
2.564168498665094553e+00
2.564317696541547953e+00
2.564337647706270040e+00
2.564553516358137220e+00
2.563846118003129781e+00
2.564207453280687332e+00
2.565465491265058517e+00
2.564558614045381546e+00
2.563846679776907056e+00
2.563542257249355139e+00
2.563352711498737335e+00
2.564484655112027944e+00
2.562790287286043078e+00
2.563671891391277491e+00
2.563194801658391864e+00
2.563106817752122790e+00
2.565087186545133680e+00
2.563205815851688385e+00
2.563525135815143408e+00
2.564347878098487854e+00
2.564093129336833865e+00
2.564190666377544225e+00
2.562898664176464170e+00
2.562133434414863409e+00
2.563930289447307498e+00
2.564670568704605191e+00
2.563444167375564575e+00
2.564814525842666448e+00
2.565126129984855563e+00
2.563506887108087717e+00
2.564095526188611807e+00
2.563677524775266559e+00
2.563774131238460541e+00
2.563500560820102692e+00
2.565135408192873001e+00
2.564321048557758331e+00
2.563235480338335037e+00
2.564057243615388781e+00
2.563718657195567907e+00
2.564876335859298528e+00
2.563390477746724905e+00
2.563148032873868942e+00
2.564608431607484640e+00
2.562926092743873507e+00
2.564476283639669507e+00
2.565142796933650882e+00
2.565310111641883939e+00
2.563223475217819125e+00
2.565150687843561261e+00
2.564587330818176358e+00
2.563900658488273532e+00
2.564024200290441424e+00
2.564769144356250585e+00
2.563899958133697421e+00
2.563441576063632876e+00
2.563690833002328695e+00
2.564079537242650808e+00
