9.568763269186020182e+01
3.860022429227829122e+01
2.080942519605159902e+01
1.563448840081691671e+01
1.210345063805580068e+01
1.026296442747116089e+01
9.028697694838047738e+00
8.134136803448200226e+00
7.356415078043937683e+00
6.950946229696273626e+00
6.511687844991683960e+00
5.902539390325546087e+00
5.339052875339985071e+00
4.935579054057598114e+00
4.614704936742782593e+00
4.361139333993196310e+00
4.067798119038343430e+00
3.758509199321269811e+00
3.562068904936313452e+00
3.340096218138933093e+00
3.205848015844821930e+00
3.020742305368185221e+00
2.894359488040208817e+00
2.747535105794668198e+00
2.651998611539602368e+00
2.466948400437831701e+00
2.374211173504590988e+00
2.298590386658907025e+00
2.181311912834644318e+00
2.137566152215003790e+00
2.014344143494963824e+00
1.928748186677694321e+00
1.853194842860102609e+00
1.800426498800516084e+00
1.734891495853662535e+00
1.701288032159209207e+00
1.613590905070304782e+00
1.571012737601995557e+00
1.486034284532070204e+00
1.459231321886181876e+00
1.445572009310126305e+00
1.441080098971724510e+00
1.369029294699430466e+00
1.322602598369121640e+00
1.324573068693280176e+00
1.316502412781119347e+00
1.276409410312771886e+00
1.253081854805350392e+00
1.228709135949611619e+00
1.223272642493248075e+00
1.210276471078395755e+00
1.192712113261222839e+00
1.176198544353246778e+00
1.160912902280688330e+00
1.162542938441038176e+00
1.145204697176814168e+00
1.156353659555315883e+00
1.145228188112378032e+00
1.144112246856093362e+00
1.133664321899414018e+00
1.125536753982305571e+00
1.139320020005107015e+00
1.123178251460194677e+00
1.122632226347923368e+00
1.137683154642581851e+00
1.112560876272618682e+00
1.113758809864521027e+00
1.106202347204089165e+00
1.103058508411049798e+00
1.110218066349625499e+00
1.095653744786977857e+00
1.117715797573328063e+00
1.103050446882843927e+00
1.090581199154257774e+00
1.096656774729490191e+00
1.108823891729116440e+00
1.104616288095712662e+00
1.093560565635562032e+00
1.105485318228602409e+00
1.095748411491513252e+00
1.110851177945733070e+00
1.090151808410882994e+00
1.089270192384719893e+00
1.097499183937907130e+00
1.106220589578151614e+00
1.095626792684197381e+00
1.091844071447849229e+00
1.085716238617897123e+00
1.090608268231153533e+00
1.100188805162906736e+00
1.087372920662164733e+00
1.088544838130474091e+00
1.087106033042073205e+00
1.090230344235897153e+00
1.085855750739574521e+00
1.083157411217689603e+00
1.080269107222556979e+00
1.092882794514298483e+00
1.073209457844495729e+00
1.076620301604271024e+00
1.072713031992316157e+00
1.112191709876060530e+00
1.076115474849939302e+00
1.075061058998107999e+00
1.075824153050780385e+00
1.074857057258486792e+00
1.075041281804442361e+00
1.068889978528022811e+00
1.071884898468852043e+00
1.072898948937654584e+00
1.070777251198887781e+00
1.075052740424871534e+00
1.071446729451417834e+00
1.076645169407129288e+00
1.083693153038620904e+00
1.073516085371374995e+00
1.070376114547252566e+00
1.070728727430105165e+00
1.071410878375172571e+00
1.069506880640983537e+00
1.069539984688162804e+00
1.081039441376924426e+00
1.069051172211766154e+00
1.068868844211101621e+00
1.068058235198259265e+00
1.068986393883824437e+00
1.077767366543412209e+00
1.069299016892909959e+00
1.070289430022239641e+00
1.068851799145341008e+00
1.069731359556317374e+00
1.068571685999631926e+00
1.068166216462850482e+00
1.070022668316960246e+00
1.083529546484351069e+00
1.070970908924937293e+00
1.069515727460384369e+00
1.068332123383879617e+00
1.070049057900905654e+00
1.069131181761622473e+00
1.067534980922937304e+00
1.073501304909586951e+00
1.069496370479464442e+00
1.071855870261788413e+00
1.067712938785553067e+00
1.073226811736822217e+00
1.066972598806023687e+00
1.070924953371286348e+00
1.073938735201954930e+00
1.078025073558092073e+00
1.069067874550819308e+00
1.067409698665142015e+00
1.069114129990339279e+00
1.071668589487671852e+00
1.068501476570963948e+00
1.068611551821231798e+00
1.111637313291430562e+00
1.071319924667477608e+00
1.070827284827828407e+00
1.069096990860998631e+00
1.070687623694539070e+00
1.070890212431550026e+00
1.069121427461504847e+00
1.067837211117148355e+00
1.067269065231084779e+00
1.068353325501084417e+00
1.073813256248831838e+00
1.069013531133532480e+00
1.072392574325203851e+00
1.071728247404098555e+00
1.067167114466428757e+00
1.067630259320139885e+00
1.068906898796558425e+00
1.067143467441201254e+00
1.069047942757606506e+00
1.072348873689770610e+00
1.067664775252342269e+00
1.067985858768224716e+00
1.068111072853207499e+00
1.073696390539407686e+00
1.068188506364822432e+00
1.070054289326071828e+00
1.076743461191654205e+00
1.069703213125467345e+00
1.068517389893531844e+00
1.067765536531805948e+00
1.069828722625970840e+00
1.067944427207112357e+00
1.067280260846018791e+00
1.077882737293839543e+00
1.067889280989766210e+00
1.067840772122144788e+00
1.081177633255720139e+00
1.069085678085684776e+00
1.068668689951300710e+00
1.066877375915646464e+00
1.070954961702227592e+00
1.068758717738091946e+00
1.067819559201598212e+00
1.077463712170720012e+00
1.070440629497170448e+00
1.069474771618843079e+00
1.069337446987628892e+00
1.070552926138043315e+00
1.068381346017122313e+00
1.068275221809744879e+00
1.070358102396130606e+00
1.067487897351384163e+00
1.069387102872133344e+00
1.067348701506853015e+00
1.070095033012330443e+00
1.072645298019051507e+00
1.064676988869905472e+00
1.063382734730839774e+00
1.059608545526862233e+00
1.063092775642871857e+00
1.059694523364305585e+00
1.058613028377294540e+00
1.058119602128863246e+00
1.059411890059709593e+00
1.060982542484998792e+00
1.059872594848275229e+00
1.057763676345348403e+00
1.059110615402460098e+00
1.059877590462565466e+00
1.057986243069171994e+00
1.060204680636525065e+00
1.058618297427892596e+00
1.069170490652322725e+00
1.061879500374197871e+00
1.057769059389829680e+00
1.058751778304576785e+00
1.059067689999938056e+00
1.058989446982741445e+00
1.062833134084939957e+00
1.057873861864209175e+00
1.057300708815455348e+00
1.059024303779005916e+00
1.058098746463656425e+00
1.058339339122176259e+00
1.057646797597408206e+00
1.058321939036250159e+00
1.062449202314019292e+00
1.058352106437087103e+00
1.058501680940389544e+00
1.063070862367749170e+00
1.058868801966309503e+00
1.059992182999849319e+00
1.061230697855353400e+00
1.059152209386229559e+00
1.058800521865487010e+00
1.058060856536030769e+00
1.060940210893750235e+00
1.058281959965825081e+00
1.058675778284668967e+00
1.060416593402624175e+00
1.057890393584966615e+00
1.066779938340187028e+00
1.057119128853082568e+00
1.058390673622489064e+00
1.058173074945807368e+00
1.059435800462961152e+00
1.058062528073787645e+00
1.059870863333344460e+00
1.059430599585175603e+00
1.058781116828322322e+00
1.058937043324112981e+00
1.058242311701178551e+00
1.058971618115901903e+00
1.058152844011783555e+00
1.060586844757199332e+00
1.058957692980766252e+00
1.059642207622528032e+00
1.058526074141263873e+00
1.057332237064838365e+00
1.060488383099436716e+00
1.058692542836070061e+00
1.058028484508395151e+00
1.065825020521879107e+00
1.057854681089520410e+00
1.058840505406260402e+00
1.060529717803001315e+00
1.058725153282284781e+00
1.057809874042868525e+00
1.060858635231852531e+00
1.059798807278275579e+00
1.058156444877386138e+00
1.057442031800746918e+00
1.058990215510129840e+00
1.058063527569174767e+00
1.058359265327453613e+00
1.058511697500944093e+00
1.058229754492640451e+00
1.058037744276225656e+00
1.060326935350894839e+00
1.059061525575816676e+00
1.059536400064825967e+00
1.057593144848942845e+00
1.057414456084370569e+00
1.062236078083515167e+00
1.059280879050493285e+00
1.058230338245630175e+00
1.060206707566976547e+00
1.065436841547489077e+00
1.058140175417065620e+00
1.059716724231839269e+00
1.056826787069439888e+00
1.058717437461018651e+00
1.059375454485416368e+00
1.058280507102608681e+00
1.058518826216459319e+00
1.058422204852104143e+00
1.058571930602192790e+00
1.059298833087086722e+00
1.066550958901643753e+00
1.061863813176751048e+00
1.058303544670343488e+00
1.058033427223563194e+00
1.059356706216931343e+00
1.059187924116849810e+00
1.065015305951237723e+00
1.057607081532478288e+00
1.058089999854564756e+00
1.058777330629527613e+00
1.058631021529436111e+00
1.059444866701960475e+00
1.057466064020991414e+00
1.061939878389239311e+00
1.057768800109624818e+00
1.060394888371229083e+00
1.059762917459011078e+00
1.059008568897843450e+00
1.058613253384828479e+00
1.059272138029336841e+00
1.058561368286609738e+00
1.057873313501477286e+00
1.058094279840588570e+00
1.059464738517999605e+00
1.061285296082496554e+00
1.060466714948415712e+00
1.058589696139097258e+00
1.058658358454704240e+00
1.061813734844327062e+00
1.062412441521882966e+00
1.057823898270726204e+00
1.058598813414573625e+00
1.058658247068524405e+00
1.059300592169165611e+00
1.060026504844427064e+00
1.058212213963270143e+00
1.058037180826068013e+00
1.058205354958772659e+00
1.058196622878313065e+00
1.066342930123209909e+00
1.057030552625656039e+00
1.058594328537583396e+00
1.057956015318632037e+00
1.058540432900190398e+00
1.060526368394494101e+00
1.058501926437020346e+00
1.059280170872807458e+00
1.061110439151525586e+00
1.059702564030885696e+00
1.058896286040544421e+00
1.058362619206309363e+00
1.059481408447027206e+00
1.058086378872394651e+00
1.058821425586938814e+00
1.057992371171712964e+00
1.058289357274770692e+00
1.057897348329424947e+00
1.059766925498843104e+00
1.059741021692752749e+00
1.058673717454075902e+00
1.059089074656367258e+00
1.057098799571394965e+00
1.059296454861760051e+00
1.058831601217389062e+00
1.061174743995070502e+00
1.060115253180265338e+00
1.059871717914938838e+00
1.058151758089661554e+00
1.059040522947907403e+00
1.057781001180410296e+00
1.059517242759466127e+00
1.063172120414674238e+00
1.060195464268326671e+00
1.058055794611573175e+00
1.060538106039166539e+00
1.062709503993392035e+00
1.057434311881661371e+00
1.058902293816208928e+00
1.060545135661959737e+00
1.057235231623053551e+00
1.057587265595793635e+00
1.058861240744590759e+00
1.058101930469274476e+00
1.057297370210289911e+00
1.061245681345462710e+00
1.059031280130148023e+00
1.059965712204575583e+00
1.058646166697144508e+00
1.059310397133231163e+00
1.060596343874931291e+00
1.058332271873950958e+00
1.059668988361954778e+00
1.057225618883967488e+00
1.058075907826423689e+00
1.060329422727227300e+00
1.059687699750065715e+00
1.059381881728768349e+00
1.058488783240318254e+00
1.057899816334247678e+00
1.059305882081389427e+00
1.058446259424090430e+00
1.064262851700186641e+00
1.059460480138659566e+00
1.059773542732000307e+00
1.058522646501660391e+00
1.058982110396027521e+00
1.058709182962775275e+00
1.060970588773489043e+00
1.057479972392320722e+00
1.057553528249263852e+00
1.058726367726922080e+00
1.058361935243010477e+00
1.059008006751537279e+00
1.059668714925646738e+00
1.057984975725412280e+00
1.063984401896596044e+00
1.058538150042295456e+00
1.059235269576311200e+00
1.058394407108426138e+00
1.058921895548701197e+00
1.058067625388503075e+00
1.059458173811435699e+00
1.057759506255388171e+00
1.059490927681326911e+00
1.060687130317091942e+00
1.062313134968280837e+00
1.058757513761520386e+00
1.057756637781858355e+00
1.058153027296066195e+00
1.058726072683930486e+00
1.058631807379424528e+00
1.057707852125167935e+00
1.058934802934527353e+00
1.059056574478745461e+00
1.056443511694669768e+00
1.057707461714744612e+00
1.058781497180461884e+00
1.059169343486428216e+00
1.059089967608451754e+00
1.058664583414792970e+00
1.058149680122733027e+00
1.061340301111340478e+00
1.060575871542096094e+00
1.056431637331843421e+00
1.058455776795744985e+00
1.059144321456551463e+00
1.060134556144475937e+00
1.060822839662432626e+00
1.058809257671236903e+00
1.058308515325188548e+00
1.057740455493330956e+00
1.057759929448366165e+00
1.064007982239127070e+00
1.059257745742797852e+00
1.056703376397490457e+00
1.058337847515940622e+00
1.066213834658265025e+00
1.059403268247842700e+00
1.058417798951268196e+00
1.058833705261349678e+00
1.057741311937570483e+00
1.058800272271037013e+00
1.061282770708203316e+00
1.058973787724971860e+00
1.058558667823672250e+00
1.059129174798727036e+00
1.057991918176412582e+00
1.059033008478581950e+00
1.056492039188742682e+00
1.056995956227183342e+00
1.057155812531709760e+00
1.058320337533950717e+00
1.058700712025165469e+00
1.055304263532161668e+00
1.057034336030483246e+00
1.056389536336064250e+00
1.055828277394175618e+00
1.055255250632762820e+00
1.056274273619055792e+00
1.054584151133894920e+00
1.054634774103760719e+00
1.055418375506997020e+00
1.055288099125027745e+00
1.054849921911954924e+00
1.055634316429495900e+00
1.056425734423100948e+00
1.054924819618463516e+00
1.055514053255319551e+00
1.053984197229147046e+00
1.055958744324743792e+00
1.056853464990854308e+00
1.059057874977588742e+00
1.054847598820924715e+00
1.054622541740536601e+00
1.056756398081779569e+00
1.055833850428462117e+00
1.056260605901479632e+00
1.054775366932153791e+00
1.054305649176239923e+00
1.054450871050357730e+00
1.056983518227934793e+00
1.056418220698833510e+00
1.056239505857229144e+00
1.056447336077690036e+00
1.054787048324942633e+00
1.055731303244829222e+00
1.054280783981084824e+00
1.055067228525877088e+00
1.055464249104261398e+00
1.055752797424793332e+00
1.053901824355125472e+00
1.055535446479916484e+00
1.055570632219314575e+00
1.055346375331282616e+00
1.054057000018656209e+00
1.054719396308064550e+00
1.056513964384794280e+00
1.054902054369449615e+00
1.053644035756587938e+00
1.057494926080107644e+00
1.055709439143538431e+00
1.054067039489746005e+00
1.055971261486411183e+00
1.056802743114531040e+00
1.056208695471286818e+00
1.055332749709486873e+00
1.059426422044634775e+00
1.055201951786875814e+00
1.054694589599967092e+00
1.058648556098341853e+00
1.054120627790689380e+00
1.054083015769720078e+00
1.056190158426761672e+00
1.054279183223843619e+00
1.054965005069971040e+00
1.054122968018055051e+00
1.055568075180053800e+00
1.056484553590416819e+00
1.055950718745589212e+00
1.054738944768905728e+00
1.055669084936380342e+00
1.056281498447060541e+00
1.055762663856148809e+00
1.054677694663405330e+00
1.056201449036598294e+00
1.055302636697888374e+00
1.055685714632272676e+00
1.055056760087609291e+00
1.054721176251768977e+00
1.054147473350167230e+00
1.054085732996463687e+00
1.055877714604139372e+00
1.058564039319753736e+00
1.053566040843725293e+00
1.054993513412773698e+00
1.054386522248387248e+00
1.055693798139691442e+00
1.056176834926009223e+00
1.055216790735721499e+00
1.054923865571617991e+00
1.055768442898988635e+00
1.057906931266188622e+00
1.054726863652467816e+00
1.055851259455084845e+00
1.053810199350118548e+00
1.054076409712433771e+00
1.054629508405923843e+00
1.055758173763752028e+00
1.055819883197546050e+00
1.064943853020668074e+00
1.055824726447462947e+00
1.061083380132913589e+00
1.055436794832348868e+00
1.055058612674474761e+00
1.054210754856467203e+00
1.055718936026096344e+00
1.054708544164896011e+00
1.055218150466680438e+00
1.055071754381060600e+00
1.054584109783172519e+00
1.054232647642493248e+00
1.054796833172440440e+00
1.055953558534383774e+00
1.054973355680704161e+00
1.054710287973284810e+00
1.055516006797552198e+00
