1.732471668958663997e+02
8.883707851171493530e+01
5.193761120438576029e+01
3.212157782912254333e+01
2.162267305552959584e+01
1.587865205705165828e+01
1.268398580551147425e+01
1.061744037270545959e+01
9.450869764387608285e+00
8.612392583489418385e+00
7.794353863596915843e+00
7.327575211226940333e+00
6.620497256517410278e+00
6.121508334577083765e+00
5.720439295470714391e+00
5.225745581090450287e+00
4.776916821300983607e+00
4.506790134310722173e+00
4.054350349307060064e+00
3.873471171408891855e+00
3.618412367254495443e+00
3.268110498785972595e+00
3.151725602149963557e+00
2.845098827779293238e+00
2.723610238730907351e+00
2.532805886119604111e+00
2.425526439398526968e+00
2.293716487288475214e+00
2.205073735117912381e+00
2.055954530090093435e+00
1.999221636727452234e+00
1.870100348070263818e+00
1.780546318739652634e+00
1.728439228981733411e+00
1.653601341694593385e+00
1.572809717431664422e+00
1.495264396816492036e+00
1.463303578272461936e+00
1.390259894728660628e+00
1.314637853950262114e+00
1.303548441454768225e+00
1.252799434587359428e+00
1.237546013295650393e+00
1.208813516423106194e+00
1.186902533844113261e+00
1.174989689886569932e+00
1.129992002993822187e+00
1.116212331876158759e+00
1.091519697010517209e+00
1.082228248566388995e+00
1.074415354058146477e+00
1.057499759644269899e+00
1.049646797031164258e+00
1.041704415902495295e+00
1.022207752242684453e+00
1.021340825036168187e+00
1.019443224184215069e+00
9.895900109782814758e-01
9.968286518007516417e-01
9.711497068405151589e-01
9.573310445994138718e-01
9.634237347170711008e-01
9.607250966131687386e-01
9.450893696397543176e-01
9.167923230677843538e-01
9.100955937057733092e-01
9.016945604234933853e-01
9.374004596844315307e-01
9.113231211900710838e-01
9.010019676759839502e-01
9.233171692118048446e-01
9.051083946600556596e-01
9.145955411717295869e-01
9.119826685637235641e-01
8.944932784885167854e-01
8.999534564092754874e-01
8.891180858016014543e-01
8.949312740936875565e-01
8.821117630228400008e-01
8.758390743285418001e-01
8.875500636175275293e-01
8.806014753878116386e-01
8.752305479720234871e-01
8.657780200242995994e-01
8.654590155929327011e-01
8.797729514539242013e-01
8.653336312621832116e-01
8.763299489393829855e-01
8.685510709881782976e-01
8.619173862040042655e-01
8.823313003405928168e-01
8.705570947378873381e-01
8.725617645308375581e-01
8.535961056128144042e-01
8.400431217625736746e-01
8.459332317113876787e-01
8.352290574461221917e-01
8.326676221564411895e-01
8.354783074930309805e-01
8.407734444364904913e-01
8.212277900427580324e-01
8.161636881530285326e-01
8.100217549130320771e-01
8.218871617689729181e-01
8.184459503740072472e-01
8.082312397658825143e-01
8.235352471470832603e-01
8.135637890547513518e-01
8.061147892847657648e-01
8.073908595368266550e-01
8.163762446492910385e-01
8.241181531921029091e-01
8.098261391744017157e-01
8.257696932181716187e-01
7.949708625674247742e-01
8.014620196074246916e-01
7.922514852136373076e-01
8.014931270852685419e-01
7.960140947252511978e-01
8.064392095431685004e-01
8.004720883443952051e-01
8.010534854605794175e-01
8.062620965763926950e-01
8.037973679602146149e-01
7.935805540531873925e-01
7.964618179947138277e-01
8.017063917592167632e-01
7.947093702852725539e-01
7.971311300992965920e-01
7.950111592188477960e-01
8.171535789966583030e-01
7.938637504354119079e-01
7.971820712089539018e-01
7.941349001601338831e-01
7.931258499622344527e-01
7.927433151751757112e-01
7.925316685810684936e-01
7.961665203794836554e-01
7.912212880328297615e-01
7.868667528033256309e-01
7.838839052245021310e-01
7.932348603382706198e-01
7.854348633438348326e-01
7.775619698688387427e-01
7.851450568065047042e-01
7.846041826531291452e-01
7.806211583316325919e-01
7.803345503285527007e-01
7.830859076231717619e-01
7.769067473709583282e-01
7.794754780828953011e-01
7.788465788587928262e-01
7.765516577288508193e-01
7.798094885423779710e-01
7.856578322127460989e-01
7.754972239956259283e-01
7.726162625476717949e-01
7.579372754320502503e-01
7.488589243963360564e-01
7.710850311443209204e-01
7.590976560488342795e-01
7.530461410060524940e-01
7.313716804608703104e-01
7.250041490420698898e-01
7.218492856249213441e-01
7.150445096194744110e-01
7.351191358640789542e-01
7.144460346549749152e-01
7.171352334320545419e-01
7.240889804437756760e-01
7.181717021390795486e-01
7.255411747843026893e-01
7.105039032176136971e-01
7.047202145680785401e-01
7.079683795571327654e-01
7.022891933098435180e-01
6.964214263483882172e-01
7.087274039164185302e-01
7.092671118676662223e-01
7.029756125062703864e-01
7.090216234326363054e-01
7.038657287135720031e-01
7.025327604264021142e-01
7.080128129571676698e-01
6.936483185738324675e-01
6.963101271539926529e-01
6.895825978368520515e-01
7.025486936792730841e-01
6.988820208236574683e-01
6.862962275743484941e-01
6.881354248151183572e-01
6.906608959659934488e-01
6.960310174152255502e-01
6.837752405554056168e-01
6.905340690165757689e-01
6.942677663639187369e-01
6.828226720914244430e-01
6.769132193177938017e-01
6.820565922185778396e-01
6.748701469972729905e-01
6.900589833036064880e-01
6.806025849655270576e-01
6.799644157290458679e-01
6.905214035883545654e-01
6.742976546287536843e-01
6.776531446725130303e-01
6.792006779462098631e-01
6.773635849356651750e-01
6.752809042111038718e-01
6.856618758291006532e-01
6.778987431898713112e-01
6.705838717520237191e-01
6.799205480143427627e-01
6.669542305171489716e-01
6.707480126991868241e-01
6.635893605649471061e-01
6.404388470575212988e-01
6.460342463105916977e-01
6.297869078814983812e-01
6.377226522192358527e-01
6.319606205448508041e-01
6.238368615508079751e-01
6.195495836436748505e-01
6.213421229273080604e-01
6.543010514229535834e-01
6.156089561060070769e-01
5.944402808323502319e-01
5.912826983258128166e-01
5.948063386604189873e-01
5.908528240397572517e-01
5.998843813315033469e-01
6.056594241410493407e-01
5.888672387227416039e-01
5.870514124631881492e-01
5.881453802809119003e-01
6.311304152011871782e-01
5.855083586648106575e-01
5.934175647795200126e-01
5.959215590730309042e-01
5.818521481007337126e-01
5.943305287510156631e-01
5.862924469634890334e-01
5.861174611374735388e-01
5.903880482539534125e-01
5.861770093441009966e-01
5.892113851383328216e-01
6.043683363124727759e-01
5.839376211166381614e-01
5.831092733889817747e-01
5.842645963653921859e-01
5.858460213989019616e-01
5.824736800044775231e-01
5.856503633782267348e-01
5.872863641008734259e-01
5.843081010505557504e-01
5.808866422623395476e-01
5.802374409511685815e-01
5.857368789613246474e-01
5.981899460777639899e-01
5.845785323530435784e-01
5.824968090280890909e-01
5.834907140582800134e-01
5.871339447796344313e-01
5.843799456954001936e-01
5.846246825531125069e-01
5.847038902342319711e-01
5.820312919095158577e-01
5.838399728760123031e-01
5.801936803385615571e-01
5.837254239246248977e-01
5.855124307796358840e-01
5.828924681991338730e-01
5.743075590580701828e-01
5.769329030066728814e-01
5.775199728086590767e-01
5.802672207355499268e-01
5.707496978342533334e-01
5.815843783318996874e-01
5.697621427476405875e-01
5.676426539197564347e-01
5.691129136830568314e-01
5.671998506411910501e-01
5.652784485369920509e-01
5.721498260274529013e-01
5.642983188852668253e-01
5.626223850995302200e-01
5.687412710860371146e-01
5.627713942900299804e-01
5.693228371441364510e-01
5.757839918136596902e-01
5.642062546685338020e-01
5.621368158608675003e-01
5.640221757814287695e-01
5.658774225041269812e-01
5.607877803966403452e-01
5.627538429573177847e-01
5.623556734994054063e-01
5.751236159354448096e-01
5.649197466671467271e-01
5.652681289240717444e-01
5.692445596680044684e-01
5.633911371231079546e-01
5.589839570224285348e-01
5.614309804514050484e-01
5.582307275384664758e-01
5.515494011342525482e-01
5.503465540707110915e-01
5.453453371301293373e-01
5.447422251105308311e-01
5.393076455220580101e-01
5.426816159859300104e-01
5.398785864934325662e-01
5.408175641670822653e-01
5.394770758226513641e-01
5.395788663998246637e-01
5.426617136225104776e-01
5.444371109828353150e-01
5.419541759416460769e-01
5.381235687062144724e-01
5.411904621869325638e-01
5.430219151079654916e-01
5.422220248728990555e-01
5.385220196098089440e-01
5.457230882719159570e-01
5.368092061951756921e-01
5.398683959618211237e-01
5.396006127819419351e-01
5.391474064439535363e-01
5.405859833583235297e-01
5.427196973934769186e-01
5.440745517611503823e-01
5.387631909921765105e-01
5.461836239323020203e-01
5.394520858302712663e-01
5.414876937866210938e-01
5.384573660790920036e-01
5.405009334906936136e-01
5.439770940691233125e-01
5.370129231363535149e-01
5.491334222257137077e-01
5.394764523953199387e-01
5.414992464706301911e-01
5.368507454171776994e-01
5.377858255058527437e-01
5.423979157581925170e-01
5.386528920382260832e-01
5.411948345601558241e-01
5.375030858442186865e-01
5.488998340442776680e-01
5.398422770202160326e-01
5.376386653631926027e-01
5.381296295672655106e-01
5.405755637213587317e-01
5.511315004900098069e-01
5.421843728050589339e-01
5.419727127999067751e-01
5.380989249795675722e-01
5.383491171523928642e-01
5.398565713316202386e-01
5.398223610594868882e-01
5.384734755381941351e-01
5.432248778641224352e-01
5.443809295073152033e-01
5.399605432525277360e-01
5.389273919165133986e-01
5.385953815653919952e-01
5.432393742725253327e-01
5.379932571202517000e-01
5.364791991189121756e-01
5.433694880455732790e-01
5.383904302492737992e-01
5.398337919265031593e-01
5.407013822346925513e-01
5.458721406757831573e-01
5.412744514644145521e-01
5.380248494446278062e-01
5.395621821284294350e-01
5.431385310366749763e-01
5.380526239052414450e-01
5.397299693897366080e-01
5.408858228474855423e-01
5.410706451162695663e-01
5.405551187694073167e-01
5.381538588553667068e-01
5.420418923720717874e-01
5.376852842047810110e-01
5.375788586214185205e-01
5.421154439449310525e-01
5.410456435754895654e-01
5.402329213917255180e-01
5.423619523644447327e-01
5.431672116741538270e-01
5.408013520762324777e-01
5.412574231624602827e-01
5.427331440150737762e-01
5.427019685506820901e-01
5.377175427973270860e-01
5.372527049854397552e-01
5.362832989543676598e-01
5.447142262011765990e-01
5.353349979966879335e-01
5.365218665450811608e-01
5.373208491131663544e-01
5.372937614098191039e-01
5.392519343644380792e-01
5.361565833911299261e-01
5.376174019649624380e-01
5.360140614211559296e-01
5.369691889733075874e-01
5.383385939523577246e-01
5.389392735436558945e-01
5.346698392182588355e-01
5.361590260639786942e-01
5.370783952996134314e-01
5.365867294371128304e-01
5.361336397007108179e-01
5.358088511973619905e-01
5.356298202648759332e-01
5.341164590790867805e-01
5.363584527745842712e-01
5.375349376350641029e-01
5.378481348976492660e-01
5.366589386016130669e-01
5.360316785052419153e-01
5.382935861125588417e-01
5.394887223839759383e-01
5.324106190353632417e-01
5.350209271535277811e-01
5.356070544570684655e-01
5.420630052685737610e-01
5.367316655814647897e-01
5.337246673181652579e-01
5.404133589938282523e-01
5.402165396139025910e-01
5.348919868469238503e-01
5.379629634320736153e-01
5.340762399137020111e-01
5.345022337511181609e-01
5.355844909325242487e-01
5.356676148250698599e-01
5.350417828187346014e-01
5.348432101309299469e-01
5.395009318366646989e-01
5.363559123128652795e-01
5.346478039398789850e-01
5.364736551418900490e-01
5.379542579874396768e-01
5.344348995015024695e-01
5.357907991856336594e-01
5.374147683382034524e-01
5.351421931758523209e-01
5.352908294647932275e-01
5.374746363610028999e-01
5.351158272475003974e-01
5.360280433669686317e-01
5.364627277478575262e-01
5.342005001381039397e-01
5.382193597033619881e-01
5.360428413376212564e-01
5.356254944577812926e-01
5.357248255982994811e-01
5.340502189472318140e-01
5.352083168923854606e-01
5.355815036222338898e-01
5.414255535230040328e-01
5.341420518234372139e-01
5.334660438820719719e-01
5.403784593567252381e-01
5.412951478734612243e-01
5.380575116723775864e-01
5.393458882346748862e-01
5.352328218519687431e-01
5.359358659014106241e-01
5.361882535740732925e-01
5.364533007144928201e-01
5.347641648724674734e-01
5.360735250636935456e-01
5.367658952251076476e-01
5.413656024262308852e-01
5.398776907473802344e-01
5.356944063678383827e-01
5.348276058211922646e-01
5.397434120997786078e-01
5.356966568157076614e-01
5.374993609264493433e-01
5.377019476145505905e-01
5.342052817344665749e-01
5.350556401535868645e-01
5.361718235537409338e-01
5.354166312143207040e-01
5.401629174128175226e-01
5.398416182026266608e-01
5.357287190854549408e-01
5.366963313892483267e-01
5.370115948840975539e-01
5.361199621111154556e-01
5.381341960281134096e-01
5.418557766824960709e-01
5.358866445720196214e-01
5.361547727137804253e-01
5.333663990721106973e-01
5.375473976135254350e-01
5.381518693640827689e-01
5.372528012841939482e-01
5.334621274843811545e-01
5.356431404128670914e-01
5.355246365070343018e-01
5.367718486115335974e-01
5.355353828519582304e-01
5.397124158218502554e-01
5.363579781726002249e-01
5.368989447131753412e-01
5.362339504063129425e-01
5.427268976345658302e-01
5.343169093132018599e-01
5.349790515378117783e-01
5.341535603627562967e-01
5.411405391991138680e-01
5.348485257476568444e-01
5.391051268205047098e-01
5.365642361342907174e-01
5.355111405253409895e-01
5.360913500189781189e-01
5.367862610146403313e-01
5.387809420004486816e-01
5.358836654573678748e-01
5.365407695993781312e-01
5.358640419319271597e-01
5.379859624430537446e-01
5.355690747499466386e-01
5.443982796743511710e-01
5.340735303238034470e-01
5.346183482557534949e-01
5.361798554658889771e-01
5.351567985489964485e-01
5.355958424508571181e-01
5.362065082415938821e-01
5.357828503474593163e-01
5.389424478635191917e-01
5.349419118836522546e-01
5.357502372935414314e-01
5.358159398660063966e-01
5.379493776708841324e-01
5.366837026551365408e-01
5.348835108801722749e-01
5.348387748003006203e-01
5.391147445887327638e-01
5.368121009320020454e-01
5.374506395310163498e-01
5.378697754815220389e-01
5.396166799589992014e-01
5.346189834177493827e-01
5.355138164013624191e-01
5.377032406628131644e-01
5.364438762888312784e-01
5.357451837509870085e-01
5.344066010788083299e-01
5.378680594265461412e-01
5.308732515200972335e-01
5.351866027340292931e-01
5.309730293229222298e-01
5.306150259450077566e-01
5.298845138400792854e-01
5.308603879064321962e-01
5.296590421348810196e-01
5.292487727478146775e-01
5.314828379079699072e-01
5.299806563183665498e-01
5.330227838829160181e-01
5.295638902112841384e-01
5.285604778677225335e-01
5.353215016424656136e-01
5.325458811596035513e-01
5.307003453373908552e-01
5.307099180296063201e-01
5.337335618212819544e-01
5.331504914909601656e-01
5.318662740290165392e-01
5.350564513355493546e-01
5.300720440223812835e-01
5.297593308612704721e-01
5.334841307252645715e-01
5.320105945691466776e-01
5.290917022153734939e-01
5.291094286367297173e-01
5.331110967323183791e-01
5.348596878349780592e-01
5.305319840088487116e-01
5.301779469475149664e-01
5.308594752103090730e-01
5.296619975939392821e-01
5.357353631407022476e-01
5.309432141482830492e-01
5.312474505975842698e-01
5.331480169668794122e-01
5.324276356026530488e-01
5.330924950540065765e-01
5.373935591429471748e-01
5.313185913488268630e-01
5.331397123634815660e-01
