1.239801717519760160e+02
6.216174398660659506e+01
3.359392585754394389e+01
2.243093615770339966e+01
1.603199861645698476e+01
1.239230572879314352e+01
1.079919295608997309e+01
9.637230171263217571e+00
8.503317585587501171e+00
7.924900302290916798e+00
7.469840693473815740e+00
6.867509777843952001e+00
6.473306004703045069e+00
5.860661038756370900e+00
5.453101769089698792e+00
5.104033404588699696e+00
4.809193223714828491e+00
4.414738869667052867e+00
4.183384516835213063e+00
3.923415903002023697e+00
3.736430376768112183e+00
3.406510029733181177e+00
3.268773457407951444e+00
3.093776770681142985e+00
2.868482424318790525e+00
2.703430935740470886e+00
2.507201068103313446e+00
2.331906449794769465e+00
2.155234716832637787e+00
2.022247613221407114e+00
1.933208223432302475e+00
1.791731435433030040e+00
1.702799574285745576e+00
1.660531805828213692e+00
1.548859585821628526e+00
1.476541327312588692e+00
1.436609794944524676e+00
1.351037131994962781e+00
1.295942237228155047e+00
1.266736848652362912e+00
1.218454622104764073e+00
1.169674048945307687e+00
1.146126367524266332e+00
1.119963548332452818e+00
1.059968012943863780e+00
1.038851167634129435e+00
1.011500529572367579e+00
1.022970400378107936e+00
9.965679567307234032e-01
9.817720783874392954e-01
9.538815580308437347e-01
9.647404182702302711e-01
9.331742806360125986e-01
9.606493344530463441e-01
9.457352522760629210e-01
9.219381611794232878e-01
9.028958624228835550e-01
9.272073637694120407e-01
9.056556126102804916e-01
8.985092168673872726e-01
9.246642261743545088e-01
8.838064739480614440e-01
8.804919311776757684e-01
8.891158571466803995e-01
8.826581146568059921e-01
8.757782291620970216e-01
8.628966709598898666e-01
8.656765593215822729e-01
8.785026503726840463e-01
8.552850535139441268e-01
8.533680081367492898e-01
8.643991606310009734e-01
8.628667395561933073e-01
8.672286866232752356e-01
8.583723179996013419e-01
8.434164917096496072e-01
8.414459800347685592e-01
8.379759067669511063e-01
8.389896960929036362e-01
8.370045458897947821e-01
8.347994316369294898e-01
8.305378748103976472e-01
8.302480613812803778e-01
8.282279189676046149e-01
8.234929258003831354e-01
8.277289284393191116e-01
8.277378423139453156e-01
8.283404320478439109e-01
8.303952788934111373e-01
8.261059943586588350e-01
8.253486406058072600e-01
8.209644287824631181e-01
8.274978782981634584e-01
8.259758075699210611e-01
8.171960085630416426e-01
8.263797281309962495e-01
8.210376761853694916e-01
8.139221575111150742e-01
8.152027439326048341e-01
8.155134938657283561e-01
8.287677653133869171e-01
8.191160112619400024e-01
8.217191949486732927e-01
8.143409704789519310e-01
8.076396383345126884e-01
8.232826543971896172e-01
8.069267287850380166e-01
8.119703738018870798e-01
8.065604498609900697e-01
8.095757517963647620e-01
8.037003651261329651e-01
8.022181492298841032e-01
8.014905432239174399e-01
7.982189275324345079e-01
8.018412772566080315e-01
8.039535401389003022e-01
8.008131437003612740e-01
7.993619980290531668e-01
8.117461059242486732e-01
7.940773798152804819e-01
7.957658456638455613e-01
7.967597659677266853e-01
7.946310499683022499e-01
7.875037951394915359e-01
7.871516179293394089e-01
7.877024181187153307e-01
7.932825867086649163e-01
7.870841970667242782e-01
7.864053865894675699e-01
7.884782684966922250e-01
7.905754419043660164e-01
7.936378749087452666e-01
7.978085227310657279e-01
7.890634644776582940e-01
7.863378949463367684e-01
7.808498384431004080e-01
7.851026143878698793e-01
7.873996438458561453e-01
7.841295156627893226e-01
7.814313387498259544e-01
7.808557808399200217e-01
7.785379339009523836e-01
7.801130466163158639e-01
7.856555266305804697e-01
7.813156645745038542e-01
7.898410964757204278e-01
7.829241687431931496e-01
7.795093160122632536e-01
7.786911426112055334e-01
7.826262369751930681e-01
7.817972246557474136e-01
7.827267095446586165e-01
7.814328020438552347e-01
7.823533121496438758e-01
7.837614968419075456e-01
7.858329871669411659e-01
7.793883902952074560e-01
7.834202652797103150e-01
7.824466511607169883e-01
7.780716231092810187e-01
7.781811485067009482e-01
7.926948780193925348e-01
7.851619163528085199e-01
7.776460608467459235e-01
7.769389899447560754e-01
7.803873177617788315e-01
7.779878014698624611e-01
7.795922642573713812e-01
7.796390600502490775e-01
7.796111676841974703e-01
7.850268693640828355e-01
7.805898942053317580e-01
7.785070545971393141e-01
7.790017230436205864e-01
7.793686283752322419e-01
7.793934475630521774e-01
7.820353543385862860e-01
7.816565975546836409e-01
7.822268700227141824e-01
7.854014759883284347e-01
7.800071772187948671e-01
7.806944970041513887e-01
7.829088713973760827e-01
7.756893660873174223e-01
7.811727037653326544e-01
7.798979280516504797e-01
7.857667326927184615e-01
7.801811648532748222e-01
7.778229512274265067e-01
7.796549174934626070e-01
7.793825991451740487e-01
7.852262921631336656e-01
7.814544007182121499e-01
7.776799837127328363e-01
7.794628221541642921e-01
7.800999784842133078e-01
7.780693573877215385e-01
7.809360126033425553e-01
7.787190033122897148e-01
7.787200944498181565e-01
7.748072732239961180e-01
7.611802222207189050e-01
7.483231630176305771e-01
7.548690801486372948e-01
7.346857354044914468e-01
7.559658125042915122e-01
7.458630973473191483e-01
7.389663876965641975e-01
7.254593361169099364e-01
7.282431174069643465e-01
7.251666342839598878e-01
7.617061737924814002e-01
7.260899113491177115e-01
7.513568330556154029e-01
7.273759307339787705e-01
7.256583843380213228e-01
7.278237974271177801e-01
7.257831389084458129e-01
7.262980999425053819e-01
7.307990508154034170e-01
7.240705268457532373e-01
7.247027147561311278e-01
7.213013920933007972e-01
7.241004383191466109e-01
7.332250863313675149e-01
7.222887350246309790e-01
7.226300930604339090e-01
7.230295516550541146e-01
7.191118337213993073e-01
7.209614388644695060e-01
7.195329310372471365e-01
7.233148667961358802e-01
7.174579584971070290e-01
7.242986964061856048e-01
7.174375316128134283e-01
7.190628105774521384e-01
7.149969981983304024e-01
7.182513393461704698e-01
7.188364343717694727e-01
7.211462322622537169e-01
7.200396254658698592e-01
7.298679880797862563e-01
7.170467145740986314e-01
7.148665571585297585e-01
7.179534064605832544e-01
7.175466723740100417e-01
7.182426324114203897e-01
7.172842573374509367e-01
7.162679551169276460e-01
7.211934655904770342e-01
7.188158458098768966e-01
7.155138591304421869e-01
7.168327165767550690e-01
7.162879306823015657e-01
7.159012960270046966e-01
7.165092343464494196e-01
7.142231361940503120e-01
7.134928582236170769e-01
7.046871399506926537e-01
6.940817605704069360e-01
6.885172687470912933e-01
6.843231422826647758e-01
6.914788387715816720e-01
7.035894708707928213e-01
6.813835231587290764e-01
6.827944314107299295e-01
6.805837972089647803e-01
6.782265735790133920e-01
6.865037173032760842e-01
6.840163178741931471e-01
6.753616658970713615e-01
6.730142634361981901e-01
6.793386040255426916e-01
6.725745432078837904e-01
6.776084991171955618e-01
6.727542156353593095e-01
6.805612465366721597e-01
6.732413873076439348e-01
6.753671271726489067e-01
6.731456894427537696e-01
6.763773862272500770e-01
6.742921205237507598e-01
6.724119976162910017e-01
6.715561507269740549e-01
6.722832670435309188e-01
6.733792837709188239e-01
6.722046198323369248e-01
6.728150844573974609e-01
6.744826767593622430e-01
6.750064088031649812e-01
6.751069149002433267e-01
6.728709917515516281e-01
6.716357395052909851e-01
6.710320470854640451e-01
6.737779419869184272e-01
6.754817729815840721e-01
6.729422010481357352e-01
6.718194151297212091e-01
6.808498755097389665e-01
6.698712309822439925e-01
6.698098292574286017e-01
6.726724263280630112e-01
6.671351300552487151e-01
6.610168121755123360e-01
6.564360301941633002e-01
6.601822780445217864e-01
6.506840845569967779e-01
6.445742782205343691e-01
6.444395132362842338e-01
6.403251320123672929e-01
6.404756795614957587e-01
6.368969513103366342e-01
6.404153091832995859e-01
6.377521608024835365e-01
6.468777799978852050e-01
6.326647520065307173e-01
6.539145827293395552e-01
6.342338368296622786e-01
6.305990820750594361e-01
6.312967348843813165e-01
6.282943887636065483e-01
6.297795483842492104e-01
6.314810255542397943e-01
6.313319547101855500e-01
6.259091023355722871e-01
6.369198996573686156e-01
6.250834541395307031e-01
6.249264806509018388e-01
6.233752079308032545e-01
6.230107028037309425e-01
6.247539645060896651e-01
6.227314800024033037e-01
6.226323476061225159e-01
6.243885973468422668e-01
6.214781643822788748e-01
6.214009860530496088e-01
6.206675089895725694e-01
6.197661278769374116e-01
6.198849312961101088e-01
6.186462553218007310e-01
6.220337253063916716e-01
6.173289444297551665e-01
6.220123220235109773e-01
6.167108150199055450e-01
6.160177744925021681e-01
6.177075520157814248e-01
6.154838711023330466e-01
6.226660642772913201e-01
6.149115560576319250e-01
6.203860364854335563e-01
6.147393764927983062e-01
6.158689016476273093e-01
6.136913245543837991e-01
6.173299934715033022e-01
6.139168256893754450e-01
6.147150654345751031e-01
6.138685185462235960e-01
6.150054868310690370e-01
6.129769213497638924e-01
6.181378955021500365e-01
6.139160435646772163e-01
6.141962634399533716e-01
6.149451363831758277e-01
6.145134512335062027e-01
6.135654686018824355e-01
6.131491236388683097e-01
6.144027044996619447e-01
6.151406250894069228e-01
6.170321201905608621e-01
6.139841847121715324e-01
6.148041797801852004e-01
6.137036167085170302e-01
6.136707328259944916e-01
6.148607140406966431e-01
6.141241274774074110e-01
6.156234722584486008e-01
6.152226336300372633e-01
6.145712679252028909e-01
6.144556052982806937e-01
6.136274412274360657e-01
6.131124462932348029e-01
6.131361991167068037e-01
6.124118225648998992e-01
6.191381216049194336e-01
6.168522115796803984e-01
6.163744812831282172e-01
6.137836690992116706e-01
6.185537325218319893e-01
6.137818649411201921e-01
6.154261665418744309e-01
6.149019947275519149e-01
6.139771921560168710e-01
6.136174533516168816e-01
6.159511234611272368e-01
6.140452565625309500e-01
6.133230961859226227e-01
6.149421231821179390e-01
6.168597852811217308e-01
6.125773191452026367e-01
6.162679756060243097e-01
6.136883486062287840e-01
6.154213882982730865e-01
6.152586912736296432e-01
6.158504115417600122e-01
6.134029360488056914e-01
6.149280374869704469e-01
6.172442480921744856e-01
6.133216423913836479e-01
6.127594720572233644e-01
6.146012734621763007e-01
6.150238631293177827e-01
6.157547747716307640e-01
6.151976389810442924e-01
6.173208694905042426e-01
6.146695807576179060e-01
6.127063050866127236e-01
6.145998420193791167e-01
6.129009854048490524e-01
6.163488758727908579e-01
6.149701807647943719e-01
6.139792978763580766e-01
6.150439579039812532e-01
6.158277710899711099e-01
6.135292349383234534e-01
6.145825644955038580e-01
6.153405979275703430e-01
6.148813551291822943e-01
6.174523627385497537e-01
6.145741796121001466e-01
6.131244856864214166e-01
6.164872443303466287e-01
6.148984104394912276e-01
6.143962053582072702e-01
6.194747168570756690e-01
6.121711809188127296e-01
6.114626368507742882e-01
6.135492864996194839e-01
6.103311752900481002e-01
6.106241039931774583e-01
6.096811482682824579e-01
6.081141328439116922e-01
6.091118581593036874e-01
6.096365025267005411e-01
6.107995608821511491e-01
6.076463092118501441e-01
6.071651246398687141e-01
6.172546800225973129e-01
6.075699485838412794e-01
6.076408838853240013e-01
6.071462579071521537e-01
6.095394896343350188e-01
6.081701582297682762e-01
6.087459694594145043e-01
6.098718354478478432e-01
6.074046310037374274e-01
6.082733334973454697e-01
6.073310663923621178e-01
6.088722623884678109e-01
6.107271637767552885e-01
6.082738639786839929e-01
6.087356001138687356e-01
6.076265802606940492e-01
6.074696647003292593e-01
6.095385812222957611e-01
6.067396206781268120e-01
6.083844872191548347e-01
6.120357088744640128e-01
6.108665455132722411e-01
6.087026216089725938e-01
6.071548460051416907e-01
6.106258798390626907e-01
6.076224762946367264e-01
6.068741071969270262e-01
6.082468288019299285e-01
6.070339296013116392e-01
6.092707028612494025e-01
6.073886036872864214e-01
6.089761031791567358e-01
6.083106515929103120e-01
6.080669131129979865e-01
6.078670416027307510e-01
6.078956916928290877e-01
6.086770651862025705e-01
6.072075059637427330e-01
6.109029192477464232e-01
6.102491430938243866e-01
6.090561473742127641e-01
6.080709706991911379e-01
6.074985111132263915e-01
6.084328474476933257e-01
6.075273802503943221e-01
6.081365333870053513e-01
6.075902739539742470e-01
6.071027820929885133e-01
6.089010640978813615e-01
6.104527143761515617e-01
6.100111927837132964e-01
6.078615950420498404e-01
6.075063804164528847e-01
6.092658698558807151e-01
6.069509394466876540e-01
6.093228580430150032e-01
6.139944555237889512e-01
6.069723157212137954e-01
6.075145941227674262e-01
6.090634020045400110e-01
6.070994442328810914e-01
6.064527224749326484e-01
6.091783300042152849e-01
6.087132487446069717e-01
6.105811618268489616e-01
6.068464927375316620e-01
6.077541833743452804e-01
6.072668459266423735e-01
6.077468331903219667e-01
6.111603062599897385e-01
6.083206765353679213e-01
6.076671477407217248e-01
6.079009292647242768e-01
6.115918565541506036e-01
6.080694912001490815e-01
6.071521583944559097e-01
6.092476224526762740e-01
6.071819283068180528e-01
6.065218444913625939e-01
6.092170976102352364e-01
6.077162381261587143e-01
6.071967625990509765e-01
6.082961425185203774e-01
6.073683967813849893e-01
6.108544539660215600e-01
6.103470547124743018e-01
6.073962692171335220e-01
6.144656533375382201e-01
6.125012895092367682e-01
6.068455286324023756e-01
6.138906076550483260e-01
6.063529698178171667e-01
6.077556401491165383e-01
6.071549134328961816e-01
6.065226294100284354e-01
6.073870427906513658e-01
6.072632396593690141e-01
6.084873646497725996e-01
6.072564480826259103e-01
6.067281672731041908e-01
6.084844822064041647e-01
6.101976372301578522e-01
6.067265650257468446e-01
6.070495408028364626e-01
6.078685477375984636e-01
6.090096758678555933e-01
6.101272104308008704e-01
6.088835304602980836e-01
6.078661428764462471e-01
6.076875714585184829e-01
6.066995371133089288e-01
6.079187007620930894e-01
6.079083137214184029e-01
6.090620655566454378e-01
6.072101077064872010e-01
6.112097950652242151e-01
6.084289206191897392e-01
6.074847333133220895e-01
6.098498724400996940e-01
6.096021795645356622e-01
6.074412537738680395e-01
6.083301035687327385e-01
6.073911009356379731e-01
6.099371822550893052e-01
6.080172305926681009e-01
6.075199902057647483e-01
6.098462453112005743e-01
6.072842920199036376e-01
6.091904085129499213e-01
6.087538419291377290e-01
6.115764299407601134e-01
6.083815947175026384e-01
6.080399330705403838e-01
6.070908186957240105e-01
6.066085895523428695e-01
6.106288155540824381e-01
6.067174362018704636e-01
6.102769918739795463e-01
6.081740230321883711e-01
6.074826125055551307e-01
6.090688055381179300e-01
6.070083079859613928e-01
6.090565111488104311e-01
6.073520313948392868e-01
6.072060031816363113e-01
6.084840394556522147e-01
6.136305192485451698e-01
6.082700641825795618e-01
6.088537756353616937e-01
6.081337587907910125e-01
6.083206212148070113e-01
6.074091104790568796e-01
6.078921828418970552e-01
6.076576776802540270e-01
