1.426492786169052067e+02
3.519115077555179738e+01
1.450670494884252548e+01
1.085521918237209249e+01
8.546188783645629172e+00
7.045684567838907064e+00
6.074821064621209743e+00
5.681752899289131520e+00
4.734507694095372976e+00
4.567712504416704178e+00
4.312029952555894496e+00
4.037239760905504404e+00
3.805097530037164777e+00
3.368965541571378619e+00
3.275481281429529101e+00
3.177650868147611440e+00
2.931828966736793607e+00
2.785235528647899805e+00
2.773596818745136083e+00
2.594543585181236178e+00
2.543194400519132703e+00
2.464903028309345157e+00
2.360680596157908262e+00
2.322557833045721054e+00
2.211281986162066282e+00
2.102731262519955457e+00
2.077547949552536188e+00
2.074131134152412237e+00
2.000355272740125478e+00
1.888177656382322267e+00
1.905169633030891374e+00
1.872953535616397769e+00
1.840066064149141312e+00
1.753452862054109662e+00
1.715256178751587868e+00
1.700640932098031133e+00
1.677931731194257647e+00
1.649981507286429450e+00
1.590199637040495828e+00
1.532887341827154248e+00
1.498271036148071333e+00
1.462739536538720131e+00
1.403156981989741370e+00
1.396623243764042899e+00
1.340646108612418175e+00
1.311507860198616982e+00
1.281979689747095197e+00
1.260405297204852060e+00
1.232568820565938861e+00
1.229215344414114952e+00
1.199106676131486804e+00
1.188140550628304482e+00
1.142246021330356687e+00
1.138403223454952151e+00
1.138616957888007208e+00
1.129240416362881749e+00
1.127395793423056514e+00
1.120832384750247046e+00
1.088249827921390578e+00
1.104503646492958069e+00
1.109531426802277565e+00
1.079419728368520737e+00
1.100934643298387527e+00
1.091967761889100164e+00
1.083130074292421252e+00
1.087967913597822189e+00
1.101420878991484553e+00
1.080177757143974349e+00
1.054596203938126475e+00
1.054686176776886031e+00
1.059167413413524717e+00
1.058027765899896666e+00
1.065903802216052965e+00
1.054536539316177413e+00
1.063200054317712695e+00
1.059068582952022552e+00
1.064386305958032519e+00
1.061406538635492280e+00
1.057271721214056104e+00
1.081057177856564522e+00
1.048105495423078626e+00
1.052691726014018059e+00
1.050799758732318789e+00
1.047936851903796152e+00
1.048160836473107427e+00
1.049391858279705048e+00
1.054314812272787005e+00
1.043169563263654620e+00
1.049524726718664258e+00
1.046566684171557515e+00
1.043318894132971852e+00
1.064065876603126570e+00
1.067657490074634508e+00
1.044498605653643608e+00
1.064567248150706247e+00
1.052967945113778114e+00
1.045400073751807213e+00
1.054031296446919397e+00
1.039480716362595647e+00
1.060283768922090530e+00
1.045445681735873267e+00
1.039804525673389435e+00
1.040345409139990851e+00
1.045686963945627213e+00
1.056862182542681605e+00
1.046503428369760513e+00
1.051705573126673787e+00
1.043692880123853639e+00
1.040499558672308922e+00
1.043594660982489541e+00
1.052021331340074584e+00
1.041639574617147401e+00
1.035458641126751900e+00
1.039878050237894147e+00
1.044173290207982108e+00
1.042209544777870089e+00
1.045045591145753905e+00
1.037050449848174960e+00
1.047023589909076735e+00
1.041141856461763382e+00
1.043406451493501752e+00
1.036029183864593417e+00
1.037382772192358971e+00
1.039803098887205124e+00
1.040415022149681956e+00
1.038473754376173064e+00
1.042020926997065500e+00
1.037946098297834352e+00
1.040584364533424289e+00
1.037188903242349580e+00
1.042972879484295845e+00
1.039221242815256074e+00
1.037971880286931992e+00
1.035900430753827095e+00
1.038449629023671106e+00
1.039453215897083282e+00
1.049291631579399198e+00
1.038690559938550084e+00
1.045416389778256461e+00
1.040621920302510217e+00
1.038256400451064154e+00
1.036551631987094879e+00
1.046967191994190305e+00
1.055794848874211267e+00
1.037397756054997400e+00
1.035146694630384445e+00
1.038492698594927877e+00
1.037974816560745195e+00
1.039520179480314166e+00
1.035937487334013030e+00
1.035899386927485510e+00
1.036904048919677690e+00
1.035027921944856599e+00
1.039425275474786803e+00
1.036070597171783403e+00
1.036536746472120241e+00
1.061188432201743082e+00
1.035310690850019366e+00
1.036308382451534227e+00
1.037576477602124125e+00
1.040777803957462222e+00
1.037893276661634445e+00
1.038213077187538191e+00
1.034536464884877160e+00
1.045833003148436635e+00
1.036432402953505472e+00
1.036768017709255307e+00
1.036512422189116434e+00
1.036820107325911566e+00
1.038555514067411423e+00
1.035566772893071086e+00
1.035465902462601617e+00
1.039035737514495850e+00
1.037935056164860814e+00
1.034530753642320722e+00
1.037956077232956797e+00
1.035642535984516055e+00
1.036119820922613233e+00
1.036868177726864904e+00
1.042270521447062448e+00
1.055389662086963609e+00
1.035024623945355327e+00
1.040560146793723106e+00
1.038399638235568911e+00
1.039381886646151498e+00
1.035973959416151002e+00
1.035049369931221097e+00
1.035095394030213445e+00
1.036613604798912958e+00
1.038768337294459387e+00
1.038731105998158544e+00
1.035353332012891814e+00
1.039901031181216240e+00
1.034108518809080168e+00
1.036864675208926112e+00
1.035854898020625026e+00
1.036048472672700838e+00
1.035747863352298737e+00
1.036283324286341623e+00
1.036659523099660918e+00
1.035054008662700697e+00
1.036719123646616891e+00
1.048798753321170896e+00
1.035492200031876475e+00
1.035872903838753745e+00
1.035600538924336345e+00
1.035039693117141724e+00
1.037644396349787668e+00
1.036203864589333445e+00
1.035934175550937697e+00
1.035773512721061662e+00
1.036291288584470838e+00
1.035310342907905579e+00
1.035005634650588036e+00
1.037783498689532236e+00
1.035643099993467375e+00
1.039950270578265279e+00
1.036413853615522296e+00
1.038659155368804932e+00
1.035374382138252169e+00
1.037178688123822301e+00
1.036449876800179526e+00
1.035707502812147185e+00
1.036694786325097040e+00
1.034877850860357329e+00
1.035350035503506572e+00
1.035751268267631531e+00
1.034702580049633891e+00
1.034796779602765948e+00
1.036946076899766922e+00
1.037168896198272794e+00
1.035203627496957823e+00
1.035981382429599806e+00
1.040608723834157034e+00
1.034843929111957550e+00
1.034898938238620669e+00
1.035191712528467090e+00
1.035017229616641998e+00
1.038636483997106508e+00
1.038003684580325992e+00
1.034772716090083033e+00
1.037452849373221353e+00
1.034926356002688452e+00
1.035169200599193484e+00
1.037032403424382299e+00
1.035948237776756375e+00
1.036178543791174800e+00
1.035652656108140945e+00
1.037546407058834941e+00
1.035555559396743819e+00
1.036686238646507219e+00
1.035028462484478995e+00
1.035272718220949129e+00
1.034943532943725542e+00
1.039023681357502893e+00
1.035852121934294656e+00
1.035278796777129084e+00
1.036165267974138215e+00
1.036221497878432318e+00
1.037244807556271464e+00
1.036500822752714157e+00
1.035311530157923654e+00
1.034549616649746984e+00
1.035786344856023833e+00
1.039636706188321158e+00
1.035015328228473752e+00
1.035027849301695779e+00
1.036227277666330382e+00
1.036048813164234250e+00
1.039522551000118256e+00
1.034864728152751878e+00
1.037711928412318185e+00
1.035670769214630083e+00
1.034109614416956813e+00
1.035236691311001822e+00
1.034616491198539823e+00
1.035448361560702413e+00
1.035968071222305387e+00
1.034974714741110802e+00
1.034968103840947062e+00
1.035415906831622213e+00
1.035855702683329493e+00
1.035501958802342415e+00
1.035886153578758240e+00
1.035495850816368968e+00
1.035391868278384253e+00
1.035363894328475087e+00
1.036125523969531059e+00
1.035776848345995038e+00
1.034628642722964287e+00
1.035037143900990442e+00
1.035255121812224344e+00
1.035188796371221631e+00
1.039175584539770991e+00
1.036339646205306053e+00
1.039398014545440674e+00
1.036294476315379187e+00
1.035224172100424722e+00
1.035935768485069186e+00
1.036640626192092851e+00
1.038066213577985675e+00
1.039613954722881317e+00
1.039053413644432933e+00
1.038538889959454536e+00
1.041671299561858222e+00
1.038407607376575559e+00
1.037860205769538968e+00
1.037829813733696982e+00
1.037846036627888768e+00
1.037829915806651071e+00
1.039413999393582255e+00
1.042630784586072057e+00
1.039280488342046782e+00
1.039049978926777751e+00
1.037507642060518265e+00
1.038126182183623403e+00
1.038729504495859102e+00
1.039784957095980733e+00
1.044976394250988871e+00
1.037841014936566442e+00
1.037837621942162558e+00
1.037982326373457997e+00
1.038760412856936544e+00
1.038226648047566369e+00
1.038413713872432753e+00
1.038729747757315636e+00
1.038042614236474037e+00
1.038551431894302324e+00
1.041197947785258204e+00
1.038601696491241455e+00
1.038356944173574492e+00
1.041739306226372674e+00
1.037617026269435971e+00
1.041272315755486400e+00
1.044753586873412132e+00
1.038445009291172116e+00
1.037675213441252797e+00
1.038380819931626231e+00
1.038331848755478903e+00
1.039690388739109128e+00
1.039041965827345759e+00
1.037810970470309346e+00
1.037389989942312241e+00
1.039065713435411542e+00
1.039805709570646330e+00
1.039703182876110077e+00
1.037796163186430976e+00
1.037958916276693344e+00
1.039746947214007289e+00
1.037745212763547809e+00
1.043080896139144897e+00
1.042979817092418715e+00
1.037997199967503503e+00
1.038595953583717257e+00
1.037154798954725177e+00
1.040402772277593701e+00
1.038550193607807204e+00
1.037965023517608554e+00
1.037551128491759345e+00
1.038218692690134004e+00
1.038136315345764116e+00
1.040615332126617387e+00
1.041330756619572639e+00
1.055037523806095168e+00
1.038395796716213182e+00
1.037855469435453371e+00
1.037066129595041186e+00
1.038094729557633489e+00
1.039467932283878238e+00
1.039459661394357637e+00
1.038903245702385902e+00
1.038171731680631593e+00
1.044797648862004324e+00
1.041243382543325380e+00
1.038443451374769122e+00
1.037842092663049609e+00
1.039254904165864080e+00
1.038117131590843290e+00
1.037423050031065941e+00
1.037342955172061876e+00
1.037907020375132605e+00
1.037640357762575238e+00
1.037614655867219016e+00
1.039104687049984932e+00
1.039289423450827643e+00
1.040049622952938124e+00
1.038301073387265294e+00
1.037952053174376443e+00
1.037964705377817154e+00
1.038472300767898648e+00
1.037187131494283765e+00
1.038227823749184653e+00
1.041936026141047522e+00
1.044146942347288221e+00
1.037594473361969083e+00
1.038004945591092021e+00
1.040550991520285518e+00
1.037253027036786124e+00
1.037870473042130426e+00
1.038422116637229831e+00
1.039477418363094374e+00
1.038998981192708060e+00
1.037755215167999179e+00
1.040111987292766660e+00
1.038037109375000044e+00
1.038244247809052556e+00
1.037913389876484960e+00
1.037844826653599783e+00
1.038240094855427786e+00
1.039203511923551648e+00
1.037611993029713631e+00
1.037496586143970445e+00
1.037134560570120767e+00
1.038244402781128839e+00
1.039213880151510283e+00
1.039241676777601153e+00
1.037184003368019969e+00
1.037501693516969636e+00
1.038217381760478064e+00
1.041098776832222850e+00
1.037847186625003859e+00
1.040765316784381778e+00
1.037655892223119825e+00
1.039283791184425265e+00
1.037662067264318422e+00
1.052039066702127545e+00
1.041711257398128421e+00
1.039532857760786966e+00
1.038228768855333328e+00
1.037495256587863013e+00
1.037655362486839206e+00
1.037392245605587959e+00
1.038304049149155528e+00
1.038421397283673331e+00
1.040542744472622960e+00
1.037986904382705688e+00
1.038958912715315819e+00
1.040101463720202402e+00
1.041858178004622548e+00
1.038025484606623694e+00
1.038315562903881162e+00
1.041776795312762349e+00
1.037447610870003700e+00
1.037710975110530898e+00
1.037759651988744647e+00
1.038446742668747813e+00
1.039283612743020058e+00
1.038166041672229811e+00
1.039270809292793363e+00
1.037856730818748519e+00
1.038515048474073499e+00
1.038898414000868797e+00
1.038557491451501891e+00
1.038003406301140741e+00
1.041237448155879930e+00
1.041862464696168944e+00
1.037671805173158601e+00
1.037193323299288705e+00
1.039008329063654035e+00
1.037870258837938264e+00
1.038004035130143166e+00
1.038075487688183696e+00
1.037879694998264268e+00
1.038914443179965064e+00
1.039098497107624919e+00
1.038410820066928864e+00
1.037264742702245668e+00
1.040918588638305664e+00
1.038317164033651263e+00
1.039675800874829248e+00
1.040088248997926623e+00
1.037649529427290052e+00
1.037991634383797601e+00
1.038301166146993637e+00
1.040527918934821994e+00
1.043069174140691668e+00
1.039278668165206865e+00
1.039955937489867255e+00
1.038462031632661819e+00
1.037895850464701564e+00
1.038348763436079070e+00
1.039023506268858865e+00
1.038317716494202569e+00
1.038403878733515695e+00
1.037061000242829323e+00
1.038339018449187190e+00
1.038474045693874359e+00
1.039277300611138433e+00
1.039122549816966057e+00
1.038576201349496797e+00
1.039120675250887915e+00
1.038050975650548935e+00
1.038643717393278987e+00
1.040955862030386925e+00
1.038864919170737311e+00
1.037363240867853253e+00
1.039649379998445422e+00
1.038854777067899748e+00
1.039294810965657234e+00
1.039103519171476364e+00
1.038376065343618482e+00
1.037780700996518091e+00
1.038825544342398599e+00
1.038959670066833541e+00
1.038126747310161635e+00
1.037886044383049100e+00
1.038543824478983968e+00
1.039108334481716245e+00
1.038756048679351895e+00
1.037882719188928604e+00
1.038069565221667379e+00
1.039074645563960120e+00
1.037730931863188655e+00
1.039612779021263034e+00
1.040141848474740893e+00
1.037582832202315286e+00
1.037567428871989161e+00
1.044353034719824880e+00
1.038356854021549314e+00
1.037568438798189163e+00
1.037456848099827855e+00
1.040095579996705100e+00
1.045842657610773996e+00
1.041252440214157193e+00
1.037440761923789978e+00
1.042523081600666091e+00
1.038445546105503992e+00
1.037884869799017951e+00
1.038459383696317628e+00
1.038248330727219670e+00
1.038974235951900527e+00
1.038319202139973640e+00
1.039891630038618953e+00
1.039185076951980591e+00
1.039444353431463242e+00
1.036862032115459353e+00
1.037389640137553304e+00
1.038737190887331963e+00
1.038239541277289346e+00
1.038998945057392209e+00
1.038823270425200507e+00
1.039405740797519684e+00
1.038653460144996599e+00
1.037754949927329973e+00
1.038579684123396962e+00
1.038563673943281085e+00
1.038371377810835883e+00
1.040335061028599739e+00
1.039093709737062499e+00
1.038651878014206886e+00
1.037223861366510347e+00
1.041930701583623886e+00
1.039148011803626925e+00
1.038755767419934362e+00
1.038986980542540461e+00
1.038904199004173190e+00
1.043362971395254135e+00
1.037666878476738885e+00
1.038542361184954688e+00
1.038824400678276971e+00
1.038600562140345573e+00
1.043244845047593072e+00
1.037760617583990186e+00
1.038754883408546492e+00
1.039364930614829152e+00
1.037985446304082959e+00
1.038646265491843135e+00
1.049163174256682485e+00
1.038122386112809270e+00
1.039816872030496553e+00
1.040520183742046356e+00
1.037856768444180400e+00
1.038447561115026563e+00
1.037339967489242509e+00
1.041278880462050527e+00
1.038325569033622831e+00
1.037240967154502869e+00
1.038721793889999301e+00
1.038587604463100389e+00
1.038141787052154541e+00
1.037135208398103803e+00
1.039277913793921426e+00
1.037476791813969568e+00
1.038190726563334554e+00
1.039454347640276000e+00
1.039284007623791695e+00
1.038151822984218597e+00
1.040464823320508048e+00
1.039431925117969557e+00
1.038700592517852739e+00
1.039118485897779554e+00
1.037696214392781258e+00
1.038643240928649902e+00
1.039055969566106796e+00
1.038947170227765948e+00
1.038995605707168535e+00
1.038552058488130481e+00
1.038097998499870389e+00
1.036959108337760060e+00
1.039914535731077283e+00
