1.196987012826866790e-03
1.196923251973203064e-03
1.206747350170189704e-03
1.213992926113860405e-03
1.206436056600068783e-03
1.219725405098870310e-03
1.238790198476635764e-03
1.227775846109579929e-03
1.219651192786841377e-03
1.235073263705999038e-03
1.234168852170114319e-03
1.247204867104301142e-03
1.235358438316325278e-03
1.259739170109241968e-03
1.269306315134599615e-03
1.285872455810022075e-03
1.298788931853778108e-03
1.307603975146776109e-03
1.302187299279466883e-03
1.318753617943002523e-03
1.347292082209605810e-03
1.375462578562292081e-03
1.390844265188206919e-03
1.420355446862231561e-03
1.438785916434426326e-03
1.490403378465998728e-03
1.495241134034586182e-03
1.541776460453547814e-03
1.589610458358947567e-03
1.620293660289462510e-03
1.672663391764217435e-03
1.711038972098322206e-03
1.787742184205853846e-03
1.795940766260173361e-03
1.844580809847684534e-03
1.878431288423598657e-03
1.927442507439991416e-03
1.993648299321648838e-03
2.025225024226529058e-03
2.086691410477215045e-03
2.131543917676026380e-03
2.183500325008935674e-03
2.246044419553072831e-03
2.298644891561707568e-03
2.335551867327012674e-03
2.389592588770028669e-03
2.448394575003476261e-03
2.465148126429994417e-03
2.525029126809386158e-03
2.544820345246989572e-03
2.576869593758601609e-03
2.601023490751685867e-03
2.631533374187711334e-03
2.645237040269421414e-03
2.667042121174745262e-03
2.672400056871992915e-03
2.685029145868611695e-03
2.701667658948281401e-03
2.712488071665575262e-03
2.716605269051797309e-03
2.720298375243146351e-03
2.738871432848100172e-03
2.733082073791593021e-03
2.731798183958744630e-03
2.746217941785289527e-03
2.747095258018816995e-03
2.745159691221488087e-03
2.756004317598126450e-03
2.759295850046328182e-03
2.758757053925364744e-03
2.769547461684851615e-03
2.766277057708066336e-03
2.767564106216013984e-03
2.770657038490753708e-03
2.766949344368185761e-03
2.779422586900182242e-03
2.775993232171458745e-03
2.779457981159793971e-03
2.784642946608073544e-03
2.778601216414244932e-03
2.781944500566168980e-03
2.783319045556709257e-03
2.787077708671858826e-03
2.788996957315248524e-03
2.787448328854225197e-03
2.790319550149433694e-03
2.789889487939944783e-03
2.787349786376580769e-03
2.790955857017252215e-03
2.793960410963336558e-03
2.789877232135040859e-03
2.794280413945671258e-03
2.796615816987468688e-03
2.796331621539138723e-03
2.794677754354779782e-03
2.798052185971755448e-03
2.795154825980716764e-03
2.795547230562078767e-03
2.798078362502565142e-03
2.796792874141829002e-03
2.801465839183947537e-03
2.801778416869638196e-03
2.801477542561769951e-03
2.803171246341662481e-03
2.798964805151626933e-03
2.797177022694086277e-03
2.803225179013679649e-03
2.802457393045187928e-03
2.803450153987796338e-03
2.802280751348007557e-03
2.801402739532932000e-03
2.804120092514494986e-03
2.805322007588983979e-03
2.804868864041054708e-03
2.802985496964538557e-03
2.804107866722915787e-03
2.804013000240956725e-03
2.806944567964819726e-03
2.804398735861468595e-03
2.804093848317279394e-03
2.804769709291576787e-03
2.806702346242673316e-03
2.806685268660658126e-03
2.804902386742469389e-03
2.806528708242694934e-03
2.805589273521036375e-03
2.807062840111029713e-03
2.807581507113354746e-03
2.806325685196497770e-03
2.806497186793421687e-03
2.806149400021240494e-03
2.807943523112044377e-03
2.807440830292762084e-03
2.806569142012449621e-03
2.806642235555045772e-03
2.807485375160467984e-03
2.808469457886530844e-03
2.809545939089730555e-03
2.807886174559826118e-03
2.808179678140731994e-03
2.808506298606516793e-03
2.808218816244334622e-03
2.807859977474436251e-03
2.813333864105516200e-03
2.810808221329352992e-03
2.808836171061557165e-03
2.809270573015964969e-03
2.809993217124428892e-03
2.810869832137541293e-03
2.811124629442929117e-03
2.809868448639463341e-03
2.810479275649413293e-03
2.810253336065215990e-03
2.811171754729002714e-03
2.810031301123672165e-03
2.810058627983380401e-03
2.809944056025415193e-03
2.808657896639488345e-03
2.809492888081876940e-03
2.810480925654701510e-03
2.813144137689960189e-03
2.809337256258004258e-03
2.809651766074239450e-03
2.810469629366707522e-03
2.810308833250019407e-03
2.808612656008335588e-03
2.809843015529622963e-03
2.809392425479018303e-03
2.811486248356232041e-03
2.808231661765603262e-03
2.810418199260311667e-03
2.811659748113015753e-03
2.809487291233381430e-03
2.809672466719348536e-03
2.809876628452911886e-03
2.809220782546617643e-03
2.809604816320643295e-03
2.810122938535641966e-03
2.810247636625717946e-03
2.806200612394604658e-03
2.807048263639444399e-03
2.809211447856796613e-03
2.807425094943027943e-03
2.807581776869483205e-03
2.807204622695280531e-03
2.809759159936220298e-03
2.809340665044146503e-03
2.810312654037261555e-03
2.811068766459356820e-03
2.809169534702960110e-03
2.809804106072988448e-03
2.811691710485320159e-03
2.810931774547498208e-03
2.811967027810169384e-03
2.809866343159228737e-03
2.810661752846499439e-03
2.808963039024092809e-03
2.809811461884237187e-03
2.811288433622394396e-03
2.810596121162234166e-03
2.811665621447900602e-03
2.810512339056004012e-03
2.808200567960739049e-03
2.811123572791984857e-03
2.809490059553354426e-03
2.811206561273138331e-03
2.810467899689683517e-03
2.812101344898110082e-03
2.811381548781355377e-03
2.812391470433794807e-03
2.810688360659696541e-03
2.811401414874126203e-03
2.811992998795176477e-03
2.812081633601337758e-03
2.811349946205154906e-03
2.811934429701068439e-03
2.811459991607989824e-03
2.811332988312642382e-03
2.811045208909490698e-03
2.810926336678676307e-03
2.811078644481312776e-03
2.813165483712509567e-03
2.811548820500320116e-03
2.813726529529958411e-03
2.812690617429325184e-03
2.812044594793406023e-03
2.812538349462556826e-03
2.813369369141582779e-03
2.812032253495999699e-03
2.811856205335061618e-03
2.811280671630811499e-03
2.812110781815135678e-03
2.811963510248460894e-03
2.813014740968356082e-03
2.813652377153630195e-03
2.813254463762859987e-03
2.812398176320130179e-03
2.812799093408102809e-03
2.810757586848921987e-03
2.811938848208228418e-03
2.812583914783317682e-03
2.811269050289411011e-03
2.812438863293209492e-03
2.812356359936529597e-03
2.811341681626799895e-03
2.812915190042986156e-03
2.812928512867074460e-03
2.812622584860946431e-03
2.812073194218100806e-03
2.811768271567416204e-03
2.812599068056442688e-03
2.813084564877499361e-03
2.812700692265934690e-03
2.812875617928512016e-03
2.812910689499403816e-03
2.813384967703314119e-03
2.813199288721079765e-03
2.813191066707076970e-03
2.812332650682947046e-03
2.812832538438669872e-03
2.813400697596080049e-03
2.813543837146425912e-03
2.812979264854220760e-03
2.813116811557847454e-03
2.812502187771315134e-03
2.812113960681017575e-03
2.812115665983583399e-03
2.812269085734442169e-03
2.812258053381810896e-03
2.809685484862711746e-03
2.812216193888161797e-03
2.810434552702645479e-03
2.810304677950625774e-03
2.811647915041248953e-03
2.812058778908976906e-03
2.812517559686966533e-03
2.811761578050209123e-03
2.811754474350891542e-03
2.809707715277909214e-03
2.811578393811942165e-03
2.810269308611168526e-03
2.811295056744711474e-03
2.810941648385778622e-03
2.810730198689270765e-03
2.812614389040390787e-03
2.812409089892753487e-03
2.810757810220820656e-03
2.811186280632682697e-03
2.812875763993361033e-03
2.812436681415419939e-03
2.811935412137245120e-03
2.812512120726751164e-03
2.812610615728772332e-03
2.809321899439964822e-03
2.812082124000880781e-03
2.809647997673892037e-03
2.812339202500879851e-03
2.811927558468596544e-03
2.813427933324419341e-03
2.810782171764003579e-03
2.811881536581495398e-03
2.811840306094381958e-03
2.813231310210539786e-03
2.812116637687722860e-03
2.813923068606527435e-03
2.811255569758941333e-03
2.811887007192126562e-03
2.812505090150807692e-03
2.812332500070624519e-03
2.812307188105478244e-03
2.811751006993290416e-03
2.811390494571242016e-03
2.811871608173532877e-03
2.811700582242337987e-03
2.812625769547594072e-03
2.812350128442631016e-03
2.812519030521798500e-03
2.811708439003268636e-03
2.812269212154205715e-03
2.811608309457369614e-03
2.812930878098995804e-03
2.811970184666279238e-03
2.812887171421607404e-03
2.812459215056151065e-03
2.812080639887426688e-03
2.811376782301522152e-03
2.812177490341127850e-03
2.811333713543717663e-03
2.814890059198660310e-03
2.812274798088765237e-03
2.812410507431195583e-03
2.812174178325221961e-03
2.812771540993708099e-03
2.811426194602972741e-03
2.810019586468115362e-03
2.812750584780587815e-03
2.811995381671295122e-03
2.812556325079640200e-03
2.813276234337536326e-03
2.811995447518711617e-03
2.812166372314095410e-03
2.813181071724102453e-03
2.812778034603979991e-03
2.813580651127267542e-03
2.811872136044257873e-03
2.811750130604195874e-03
2.812022988109674770e-03
2.812420184454822447e-03
2.811447989188309293e-03
2.812665785131685144e-03
2.810683134703140153e-03
2.812160510256944516e-03
2.812839049875037831e-03
2.812601038021966728e-03
2.812545616325223992e-03
2.811995226693397854e-03
2.812246894063718909e-03
2.810940573181141926e-03
2.812227670801803470e-03
2.811403322630212556e-03
2.810647736623650417e-03
2.812547632129280654e-03
2.810555434734851588e-03
2.813569298814400012e-03
2.811453950562281447e-03
2.812662038013513839e-03
2.812533854557841464e-03
2.811524223761807835e-03
2.812129433004884136e-03
2.812500729123712691e-03
2.812259805614303245e-03
2.812771772914857051e-03
2.813368387978698766e-03
2.811684227162913972e-03
2.813128765956207557e-03
2.812017127325816546e-03
2.811710860623861490e-03
2.812175203507649626e-03
2.812468013871693984e-03
2.812300692130520648e-03
2.810510378913022491e-03
2.812845713742717722e-03
2.811443951941328123e-03
2.812552091199904680e-03
2.812589071254478768e-03
2.807055422090343286e-03
2.811232357998960651e-03
2.812932741835538937e-03
2.812087100937788083e-03
2.811377551370242318e-03
2.811976774501090317e-03
2.812575611460488463e-03
2.810214505188923795e-03
2.810093538937507955e-03
2.812045811879215762e-03
2.812603399434010498e-03
2.811747210762405216e-03
2.811158506301580755e-03
2.809914223325904372e-03
2.810002130718203435e-03
2.810350145409756806e-03
2.811252831997990229e-03
2.811510725041444121e-03
2.810631799184193282e-03
2.812461445319059013e-03
2.812249630187579810e-03
2.810811210292740552e-03
2.810608548315940425e-03
2.812003666258533572e-03
2.811008750359178694e-03
2.812064756290055725e-03
2.811373561053187673e-03
2.811733541057037569e-03
2.810500626219436613e-03
2.811430175279383634e-03
2.810956305802392394e-03
2.811261180067958602e-03
2.810737740401236633e-03
2.811419098361511541e-03
2.812284850006107999e-03
2.811065183414029802e-03
2.811655752338992897e-03
2.811216183181386354e-03
2.811028640826407268e-03
2.811395626486046153e-03
2.809353850716434040e-03
2.808334276414825494e-03
2.811350584488536784e-03
2.810281910387857525e-03
2.811182021105196327e-03
2.812473304220475430e-03
2.812201473170716868e-03
2.813182844511174976e-03
2.812706825352506712e-03
2.810716988642525480e-03
2.812334259033377748e-03
2.813280069130996534e-03
2.811099625432689209e-03
2.809700645775592334e-03
2.811789412771758916e-03
2.811515143730502868e-03
2.809642424654157540e-03
2.811922548244183244e-03
2.811939313687616959e-03
2.811449110231478612e-03
2.810292967842542480e-03
2.810474182297184598e-03
2.810584393955650739e-03
2.812138607077940920e-03
2.813409433656488545e-03
2.810496742677060043e-03
2.809624289511702955e-03
2.810811155723058445e-03
2.812382409319980243e-03
2.812051729051745497e-03
2.811904621921712533e-03
2.811872543315985067e-03
2.810842835970106535e-03
2.810818400575954001e-03
2.811196261063741986e-03
2.811600571112648963e-03
2.811381832179904363e-03
2.811804426710295783e-03
2.809742107456258790e-03
2.810991748083324551e-03
2.810662199408398010e-03
2.811348174327577085e-03
2.810304965532850301e-03
2.810945409328269220e-03
2.810470100666861808e-03
2.810258340832661079e-03
2.812115116466884328e-03
2.810246901572099713e-03
2.811268779805686617e-03
2.810891458466358017e-03
2.810771603981265711e-03
2.810706009586283645e-03
2.812060197538812471e-03
2.809955106022243767e-03
2.810038159441319468e-03
2.811468121217331004e-03
2.811371175266685722e-03
2.810894779941008892e-03
2.812027156141994229e-03
2.811255911183252465e-03
2.812216413440182892e-03
2.811301045767322648e-03
2.811685694723564666e-03
2.811453529284335760e-03
2.810850826426758344e-03
2.810022199264494789e-03
2.812764153713942332e-03
2.810155599945574068e-03
2.809820825859787874e-03
2.812399054164416157e-03
2.812025506136706012e-03
2.810486782982479694e-03
2.810865129686135160e-03
2.810269049223279754e-03
2.812164314855181233e-03
2.812995967906317587e-03
2.812429902587609658e-03
2.812165833893231961e-03
2.811899382868432353e-03
2.811688447945925699e-03
2.811859147186623886e-03
2.811917957296827895e-03
2.813198159492458130e-03
2.811294216371607035e-03
2.811587326141307044e-03
2.812631312190205877e-03
2.810989229328697374e-03
2.812151156103936782e-03
2.812570418245741340e-03
2.810389196383766830e-03
2.813725219311891124e-03
2.812680287206603680e-03
2.812035290662606886e-03
2.813424218766158533e-03
2.811518756971054245e-03
2.812304451435920609e-03
2.810806201341620354e-03
2.814464152288565033e-03
2.810638276059762575e-03
2.812193932913942436e-03
2.811902900430140843e-03
2.811440213190507902e-03
2.811849260251619680e-03
2.812291652298881759e-03
2.812458587868604809e-03
2.811680997365328775e-03
2.811789677980414300e-03
2.812982642717543145e-03
2.810859927376441018e-03
2.812274825555505058e-03
2.811674087388382672e-03
2.811989594374608541e-03
2.811541513256088538e-03
2.811081697473127861e-03
2.811305296927457502e-03
2.809906317088461860e-03
2.810655954817775637e-03
2.810540396421856539e-03
2.810071537169278599e-03
2.811801546522474469e-03
2.811678760735958349e-03
2.812232781798229466e-03
2.808355632987513759e-03
2.811082906919182452e-03
2.811505667887104296e-03
2.811159045631938906e-03
2.810350731851940682e-03
2.810870777284435636e-03
2.810099441921920429e-03
2.810107463301392099e-03
2.810476322156319103e-03
2.809999737473845103e-03
2.811244815893587570e-03
2.809508856080355967e-03
2.810699042856868064e-03
2.811500654934206891e-03
2.812340953096281564e-03
2.810962158946495038e-03
2.812149867895641538e-03
2.812002237078559119e-03
2.811579491753945972e-03
2.811649759132706181e-03
2.808625709076295433e-03
2.810794536708272149e-03
2.810224956010643101e-03
2.808983914110285869e-03
2.811173471127403727e-03
2.813124329441052309e-03
2.812597618867584796e-03
2.810870156281453092e-03
2.811339943764324008e-03
2.812060255382675851e-03
2.811677747740759341e-03
2.811428384484315843e-03
2.811902918074338144e-03
2.811936256875924300e-03
2.811432529233570590e-03
2.812073059794784145e-03
2.811884974289568899e-03
2.810462897286924999e-03
2.812166892545064825e-03
2.811531661791377701e-03
2.811699906123976602e-03
2.810510320705361578e-03
2.809768377119326033e-03
2.811827344339690258e-03
2.811907261093438311e-03
2.810519887134432793e-03
2.810980670437856956e-03
2.811046226270264015e-03
2.811226328958582599e-03
2.811768345600285015e-03
2.811605251554283487e-03
2.812569530033215241e-03
2.812827988054778135e-03
