3.401186635017394906e+02
1.759334912061691227e+02
9.418358488082886026e+01
5.642475042343139791e+01
3.472011387944221639e+01
2.320910243988037180e+01
1.645627909153699875e+01
1.299736754298210073e+01
9.930317559838295338e+00
8.519256148487329483e+00
7.569591765105724512e+00
7.049904558807611465e+00
6.141391146183013738e+00
5.432534845918416622e+00
5.135046829283237635e+00
5.027370655536651967e+00
4.485435491055250523e+00
4.234549129009247181e+00
3.931233956664800466e+00
3.807565741240978241e+00
3.599975729733705609e+00
3.356156321614980786e+00
3.197603314369916738e+00
2.984111633151769638e+00
3.002807466685772031e+00
2.893831102922558962e+00
2.720420914515853106e+00
2.579899078980088412e+00
2.550213639810681165e+00
2.346513103693723679e+00
2.207845895364880739e+00
2.207387834787368774e+00
2.082180717214941801e+00
1.942648216336965605e+00
1.958943600207567304e+00
1.901609279587864965e+00
1.800538949295878322e+00
1.618637743219733194e+00
1.580451143905520439e+00
1.551234448328614235e+00
1.448627449572086334e+00
1.429605380818247840e+00
1.313205025717615992e+00
1.258447542414069087e+00
1.189072551950812295e+00
1.185169657692313194e+00
1.141675671935081571e+00
1.043695651553571135e+00
1.011475767381489366e+00
9.954477986320853233e-01
9.781395308673381805e-01
9.393488423898815887e-01
8.960732819512486902e-01
8.863041914999485460e-01
8.416821287944913355e-01
8.306762915104627387e-01
8.366651233285665734e-01
7.989392857998609543e-01
7.908840209245682207e-01
7.545368265360593574e-01
7.533850725740194321e-01
7.429020352661609428e-01
7.282679872587323189e-01
7.151474507525563684e-01
7.201846431940793769e-01
7.231287455186248270e-01
7.000048339366913286e-01
7.010202813893556817e-01
6.699312049895524979e-01
6.609947212040424569e-01
6.511760795488953368e-01
6.665340358391403930e-01
6.748475003987550735e-01
6.479914523661136627e-01
6.471793297678232193e-01
6.319148056209087372e-01
6.079944217577576415e-01
6.298397252336144225e-01
5.974020995199680328e-01
5.831158651039004548e-01
6.350086823105811629e-01
6.366473067551851051e-01
6.570982368662953155e-01
5.684463651850819588e-01
5.776663985103368537e-01
5.859464535489677939e-01
5.686331294476986153e-01
5.876672320067882760e-01
5.637909831479192002e-01
6.155110536143183486e-01
5.914933310821652857e-01
5.901666827499866264e-01
5.715204630047082679e-01
5.671724688261747804e-01
5.778317561373114142e-01
5.606625698506831901e-01
5.736447041854262352e-01
5.504302442073821799e-01
5.763904573395848274e-01
5.841337094083428605e-01
5.629764419049024804e-01
5.574481589719653130e-01
5.524091918021440950e-01
5.705844711512326750e-01
5.730123084038496462e-01
5.445871230214833769e-01
5.792801901698112488e-01
5.620917525142431481e-01
5.490560242906212807e-01
5.703257123008370622e-01
5.837440675124525580e-01
5.583643676713109238e-01
5.720793038606644121e-01
5.590550599619745764e-01
5.828798241913318856e-01
5.402323750779032263e-01
5.458935897797345671e-01
5.540766116231680138e-01
5.494145162403583083e-01
5.549684405326843484e-01
5.463342927396297455e-01
5.645134460180998293e-01
5.845245532691478729e-01
5.377071104943752511e-01
5.786313019692898019e-01
5.492922350764274375e-01
5.614604875445365906e-01
5.605514127761125343e-01
5.399249650537967238e-01
5.679806279018521087e-01
5.407862180843949762e-01
5.342891579493880272e-01
5.368048727512360063e-01
5.817759096622466819e-01
5.614067986607551575e-01
5.700241478160024133e-01
5.452887564897537231e-01
5.607021462172270265e-01
5.494960539042950121e-01
5.429805750027298927e-01
5.388023940846323745e-01
5.966351857408881409e-01
5.594891019165515456e-01
5.754230823367834091e-01
5.436307717114686744e-01
5.343051997944712195e-01
5.580877810716629028e-01
5.591457836329937203e-01
5.448746724054217561e-01
5.805955821648239867e-01
5.460309483110904472e-01
5.794315805658698526e-01
5.434233473613858667e-01
5.374790683388710466e-01
5.363755652680992636e-01
5.663410117849707603e-01
5.444850742816924605e-01
5.437653435394167456e-01
5.654693622142076270e-01
5.575591836124658141e-01
5.491189761087298393e-01
5.528616057708859444e-01
5.400237919762730376e-01
5.454765910282730612e-01
5.482005789875984414e-01
5.576186124235391617e-01
5.492647688835858855e-01
5.468926558271050009e-01
5.389526756480336189e-01
5.580130903050303237e-01
5.440617080777883086e-01
5.370421355590224710e-01
5.417073594406247583e-01
5.540298104286194292e-01
5.486507819965481536e-01
5.401049623265862243e-01
5.377917751669883950e-01
5.391541829332708868e-01
5.449131414294242637e-01
5.466041827574372736e-01
5.406856751069426537e-01
5.432869350537657960e-01
5.507350003346800360e-01
5.403663145378232446e-01
5.449878273531794104e-01
5.628277145326137099e-01
5.607725884765386581e-01
5.284144734963774903e-01
5.412500556558370590e-01
5.664820021018386331e-01
5.430246474221348540e-01
5.396057857200503571e-01
5.377902586013079134e-01
5.551487350836395995e-01
5.346852310001850572e-01
5.448767453432082908e-01
5.563659546896815300e-01
5.474603788927197012e-01
5.702624507248401642e-01
5.267172094434500185e-01
5.412457481026649031e-01
5.294213348999619040e-01
5.698948320001363532e-01
5.599342467263340728e-01
5.330267390236258507e-01
5.347179844975471497e-01
5.433625577017664465e-01
5.478126572445034537e-01
5.429760359227657762e-01
5.490766923874617067e-01
5.470913341268897057e-01
5.372397398576140848e-01
5.446941588073969109e-01
5.405985530465841071e-01
5.541867846623063087e-01
5.555932981893419997e-01
5.336191449314355850e-01
5.534915998578071594e-01
5.373182352632284164e-01
5.433975178748369217e-01
5.428641561418772188e-01
5.347738791257142799e-01
5.669491160660982132e-01
5.317104877904057503e-01
5.492234436795115915e-01
5.813981031998991522e-01
5.456520378589629905e-01
5.437991673126816305e-01
5.588339794427156226e-01
5.434664838016033395e-01
5.340615145862102064e-01
5.496115088462829590e-01
5.321066478267312272e-01
5.365286732092500177e-01
5.633566213771701303e-01
5.507170438766479936e-01
5.371181713417172432e-01
5.364786650985479133e-01
5.378183906897902045e-01
5.523040426895022836e-01
5.499711195006966591e-01
5.512214753776788490e-01
5.358537303283810171e-01
5.389601880684494750e-01
5.741810318082570808e-01
5.549330377951264825e-01
5.279219483956694159e-01
5.399748543277382851e-01
5.539903428405523744e-01
5.289383096620440261e-01
5.246024355292320251e-01
5.587227020412683931e-01
5.417187456041574478e-01
5.391501286998391373e-01
5.375482562929392305e-01
5.576050799340009911e-01
5.320708392187952773e-01
5.312681447714566740e-01
5.420788718387484773e-01
5.513981152325868607e-01
5.392199110239743742e-01
5.469790188595652358e-01
5.471626261249185053e-01
5.424607431516050848e-01
5.532179271802306619e-01
5.496590202674269676e-01
5.462922122329473273e-01
5.451416129246353659e-01
5.431837299838662148e-01
5.345568105578422102e-01
5.381735071539879289e-01
5.458278616890310797e-01
5.430354112759232521e-01
5.366426974534987959e-01
5.439403168857097626e-01
5.474368307739496675e-01
5.449595803394913229e-01
5.364966955035924689e-01
5.460745008662343247e-01
5.514295371249318123e-01
5.491239134222268836e-01
5.553739482536912409e-01
5.332223527133465035e-01
5.381906285881996599e-01
5.562333509325980696e-01
5.316364875063299689e-01
5.431368388235569000e-01
5.363762203603983370e-01
5.572096696123480797e-01
5.495059711858629736e-01
5.341883540153503640e-01
5.464641097933053970e-01
5.450625767931341903e-01
5.421939166262745857e-01
5.356444405391812547e-01
5.737522967159748299e-01
5.467784246429800987e-01
5.391713397577404532e-01
5.351490108296275139e-01
5.427971811965107696e-01
5.471383836120367050e-01
5.593664070591330972e-01
5.310895446687936561e-01
5.466029113158583641e-01
5.318910403177141699e-01
5.447328649461269379e-01
5.496935745701193587e-01
5.356764037162065062e-01
5.350746298208832741e-01
5.519240645691751990e-01
5.357007808983326180e-01
5.574390798807143943e-01
5.353226672858000246e-01
5.315997404977679253e-01
5.427798878401517424e-01
5.452776312828063743e-01
5.480662552639842255e-01
5.499950392171740754e-01
5.364222172647714615e-01
5.411197032779455629e-01
5.469453478232025878e-01
5.394538065418601480e-01
5.505870861932635751e-01
5.350653370842337608e-01
5.426385730504990068e-01
5.444275958463549170e-01
5.521317262202500853e-01
5.444214044138788733e-01
5.510889654979109764e-01
5.402261827141046080e-01
5.394433295354247315e-01
5.409584304317831549e-01
5.452978864312172380e-01
6.024298539385199991e-01
5.486999934539198431e-01
5.256626358255743758e-01
5.388569025322794692e-01
5.316404705867171510e-01
5.637962272390723006e-01
5.344502665102481842e-01
5.492246009409427199e-01
5.456435436382889304e-01
5.405913341790438142e-01
5.410232571884989738e-01
5.297968234866857751e-01
5.381793994456529617e-01
5.529368124902248605e-01
5.417010579258203506e-01
5.377780016511678474e-01
5.393676370382308738e-01
5.630488436669111030e-01
5.479878116399049537e-01
5.322012348100543244e-01
5.490630084648728815e-01
5.426677271723747698e-01
5.443901531398296356e-01
5.351676810532808304e-01
5.456351039931177649e-01
5.441528163850307687e-01
5.404215136542915854e-01
5.380963509902357833e-01
5.494278566911816597e-01
5.317191956564784050e-01
5.421128043904900329e-01
5.485014414414763895e-01
5.346580106765032037e-01
5.542222278192638907e-01
5.514107186347245726e-01
5.336339520290493965e-01
5.369274435564875825e-01
5.473691789433360322e-01
5.582781676203012466e-01
5.475823555141687837e-01
5.550243940204382387e-01
5.294702108949422836e-01
5.442575462162494437e-01
5.293304270133376566e-01
5.296182382851839510e-01
5.898597786203026994e-01
5.432150421664119211e-01
5.396032229065894636e-01
5.434751750901340994e-01
5.302598726004361662e-01
5.391837976872920768e-01
5.378398243337869644e-01
5.389018451794982401e-01
5.547085680067539437e-01
5.409485822543501632e-01
5.333010058850049528e-01
5.404575094580650330e-01
5.541597979143262354e-01
5.411714535206556542e-01
5.564715912565588729e-01
5.340091144666075929e-01
5.373094195500016657e-01
5.474029596894979255e-01
5.389911210164427535e-01
5.414087656885385735e-01
5.498351447284222093e-01
5.343808956444263680e-01
5.451037585735321045e-01
5.413562750443816629e-01
5.376456804573536141e-01
5.564998853951692581e-01
5.469202071428298506e-01
5.370128834620118141e-01
5.349691219627856764e-01
5.593694042414426582e-01
5.486719524487853050e-01
5.434270078316331132e-01
5.337136955931782722e-01
5.426291668787598388e-01
5.538491712883114593e-01
5.413404870778322220e-01
5.338857669383287874e-01
5.352361833676695380e-01
5.526625996455549750e-01
5.380025502294302209e-01
5.348010377958416495e-01
5.311072252690791640e-01
5.445228854194283930e-01
5.469259854406118837e-01
5.426746074110269102e-01
5.405807884410023245e-01
5.480592308565974680e-01
5.395158944651484711e-01
5.580467965453863588e-01
5.386310841888188872e-01
5.469276819378137144e-01
5.591200584545731322e-01
5.295219345018267187e-01
5.450872708112001197e-01
5.387710614129901376e-01
5.390999473631381544e-01
5.446115287020802942e-01
5.355150114744902101e-01
5.522164955735207048e-01
5.343558266758918762e-01
5.434468243271112220e-01
5.443593490868806617e-01
5.452736590057611910e-01
5.317939812317490356e-01
5.409034632146358934e-01
5.588674487546085867e-01
5.368285894393920454e-01
5.415142817422747834e-01
5.415902817621827126e-01
5.615784460678696632e-01
5.351107275113463624e-01
5.354816813021898714e-01
5.418822167441248450e-01
5.456089198589324507e-01
5.388944946229458077e-01
5.261078787967562453e-01
5.427852958440780862e-01
5.391180207952857018e-01
5.425171537324786630e-01
5.812907492741942184e-01
5.503474121913314310e-01
5.455359878018498643e-01
5.321278849616646323e-01
5.460751403123140779e-01
5.256776137277483496e-01
5.891090789809823036e-01
5.422363821417093277e-01
5.413325211033225282e-01
5.283211441710591316e-01
5.446672175079584344e-01
5.390281481668353081e-01
5.457587197422981706e-01
5.285709517076611075e-01
5.473436694592237473e-01
5.398377947509288566e-01
5.325148109346627967e-01
5.489698579534888490e-01
5.539015995338558707e-01
5.471811208873986754e-01
5.414052836596965346e-01
5.388841120526194350e-01
5.539932729676365630e-01
5.634858928620815055e-01
5.430927613750100580e-01
5.394676528871059640e-01
5.321474291384220567e-01
5.647119605913758500e-01
5.320611190050840156e-01
5.441549593582749589e-01
5.383292289450765100e-01
5.520071158185601012e-01
5.482772961258888245e-01
5.413657139986753908e-01
5.358403826132416281e-01
5.406769521534442458e-01
5.468548445031047311e-01
5.307556860148906486e-01
5.430664306506514105e-01
5.366360416635871378e-01
5.494661981239914450e-01
5.388695534318685976e-01
5.412710338830948320e-01
5.393959579989313635e-01
5.531123999506235567e-01
5.423176338896155135e-01
5.549857819452881369e-01
5.587785590440035310e-01
5.296539001166820082e-01
5.397518046200275865e-01
5.474298290908337083e-01
5.486992832273245302e-01
5.382021335884928925e-01
5.366354847326875177e-01
5.414860749617218527e-01
5.349263949319720268e-01
5.572091985493898836e-01
5.577175140380858931e-01
5.320741208270192146e-01
5.373241297900677171e-01
5.461329301819205506e-01
5.358201488852500916e-01
5.414800873026252015e-01
5.355703579261898994e-01
5.491644270718097909e-01
5.575653253123163955e-01
5.369377221912146059e-01
5.553919246420264688e-01
5.369413146749139054e-01
5.358073281124233755e-01
5.472824044525623766e-01
5.651286166161298974e-01
5.423210244625806808e-01
5.373992240056395531e-01
5.318347025662660821e-01
5.424390524625778420e-01
5.506109204143285751e-01
5.419927252456545608e-01
5.461372841149568780e-01
5.425096888095140013e-01
5.534043269231915252e-01
5.382581787183881028e-01
5.405380552634596603e-01
5.436224061995744705e-01
5.398804889991879463e-01
5.405249917879700883e-01
5.649185026064514892e-01
5.461304787546396033e-01
5.396738009527325408e-01
5.321054950356483015e-01
5.320838607847691026e-01
5.378790061920881715e-01
5.392855737358331902e-01
5.406277006492018478e-01
5.605520060285925643e-01
5.284920614212751389e-01
5.410221712663769722e-01
5.496477609500288741e-01
5.423313718289136665e-01
5.418944032862782478e-01
5.323226047679782136e-01
5.438967028632759604e-01
5.467119265347719637e-01
5.450422780588268790e-01
5.304534655064344628e-01
5.390600496903061867e-01
5.662144709378480467e-01
5.458574760705232620e-01
5.341504329815507379e-01
5.352617705240845236e-01
5.430978573858737946e-01
5.497939785942435043e-01
5.424434745684265646e-01
5.510563170537352562e-01
5.413949694484472275e-01
5.336943702772259934e-01
5.349246907979250398e-01
5.661723323166369948e-01
5.957926129922270775e-01
5.423307817429303679e-01
5.324083611369132552e-01
5.333149341866374460e-01
5.359831089153885841e-01
5.364724626764655335e-01
5.345644982531666534e-01
5.759329380467533843e-01
5.368819123134016547e-01
5.436606068164110406e-01
5.434587426483631356e-01
5.484298735857009444e-01
5.354711359366775003e-01
5.418679963797330412e-01
5.365934504196048227e-01
5.364154048264027086e-01
5.497223647311330064e-01
5.538429087027907372e-01
5.457791328430176003e-01
5.278869256377219932e-01
5.386080713942646980e-01
5.483631296083331108e-01
5.438866635784507242e-01
5.315985454246401343e-01
5.397074434906243834e-01
