1.946992610454559269e+02
7.908676364421845051e+01
3.526337522268295288e+01
2.343189773261547160e+01
1.676678288280963969e+01
1.283076702654361689e+01
9.646935525536537881e+00
7.984438572824001490e+00
6.725273486971855341e+00
6.170529302209615707e+00
5.493330000340938213e+00
5.027017736434936879e+00
4.713264523446559551e+00
4.422873813658952713e+00
4.118711388856172384e+00
3.576751023530960083e+00
3.502318117767572403e+00
3.514561961591243566e+00
3.169841184467077078e+00
3.179697062820196152e+00
2.857048804312944501e+00
2.795290257036685766e+00
2.709903649240732015e+00
2.670429493486881078e+00
2.521283433586359202e+00
2.408685313910245984e+00
2.356154101714492022e+00
2.227349553257226944e+00
2.167182233557105153e+00
2.045817184075713335e+00
2.085400398820638657e+00
1.932402294129133224e+00
1.879164236783981368e+00
1.773778644204139665e+00
1.742455951124429747e+00
1.720804754644632339e+00
1.584244628995656878e+00
1.586627024784684092e+00
1.492419997975230173e+00
1.435366302728652954e+00
1.379314129799604327e+00
1.337932145968079523e+00
1.308054105564951941e+00
1.252693108469247862e+00
1.217061531171202748e+00
1.162441131100058644e+00
1.131843563169240952e+00
1.096567706391215369e+00
1.052034183591604277e+00
1.031755464524030774e+00
9.920030154287815538e-01
9.548118716105818971e-01
9.209218915551901086e-01
9.126283267512917963e-01
8.760502316057682259e-01
8.490767112001776917e-01
8.328063540160656197e-01
8.206653336063027826e-01
7.990628136321902275e-01
7.753452194854617563e-01
7.603698505088687387e-01
7.504208814352750778e-01
7.315184757113456504e-01
7.105569891631603463e-01
6.997889099642634614e-01
6.969705257564783318e-01
6.765437031164764914e-01
6.733880545943975449e-01
6.594204209744930489e-01
6.747461441904306634e-01
6.490604829043149504e-01
6.417609604075551477e-01
6.356002682819962279e-01
6.259180495515466180e-01
6.290981948375702348e-01
6.385813264176249948e-01
6.253490833565592544e-01
6.131697641685605049e-01
6.071425838395952956e-01
6.177531030029058678e-01
6.095599867403507233e-01
6.068999782204628213e-01
6.106193074956536293e-01
6.105741376057267633e-01
6.134380634874105898e-01
5.884817585349082503e-01
5.844412796199321969e-01
6.047330349683761597e-01
5.816250573843717575e-01
5.837838025763630867e-01
5.753309797495603783e-01
5.775945713743567689e-01
5.802548261359333770e-01
5.787066984921693802e-01
5.746852722018956916e-01
5.774098088964819686e-01
5.790845014154910597e-01
5.783163286745548470e-01
5.836104342713952509e-01
5.854094471782446130e-01
5.761744722723960432e-01
5.896279182285070197e-01
5.674430260434746298e-01
5.779737571254373041e-01
5.713180935010313544e-01
5.659105148166417854e-01
5.737357875332236290e-01
5.696166740730405076e-01
5.708979314193129984e-01
5.813363235443830268e-01
5.691147359088063462e-01
5.624002691358327422e-01
5.785620251670480219e-01
5.653076075017452462e-01
5.633847115561365637e-01
5.614833753556013329e-01
5.673183104023337142e-01
5.710742760449647459e-01
5.629381643608212249e-01
5.614748759195208327e-01
5.698901956900954691e-01
5.708209397271275520e-01
5.652860367670655695e-01
5.684137322008609994e-01
5.761543888598680274e-01
5.600438753142953363e-01
5.622706711292266846e-01
5.745843794196844323e-01
5.605272434651851210e-01
5.610042382031679153e-01
5.601427823305129561e-01
5.629240717738867028e-01
5.665660288184881654e-01
5.617087056860328165e-01
5.614995671436190383e-01
5.967537432909011397e-01
5.587637595832347648e-01
5.578946344554424064e-01
5.657765384763479011e-01
5.690012885257601516e-01
5.673358019441365752e-01
5.634141046553849952e-01
5.668140048161148803e-01
5.619209848344326463e-01
5.780592612922191842e-01
5.607980644330382569e-01
5.631444521248341051e-01
5.581985509023070779e-01
5.858700402081012948e-01
5.596993135288357291e-01
5.641694877296685728e-01
5.574133945629000664e-01
5.598810343071818352e-01
5.631715230643749015e-01
5.575107665732502715e-01
5.636021960526704788e-01
5.656732074916362984e-01
5.625590082257986291e-01
5.612906286492943542e-01
5.615086287260055986e-01
5.597416173666716066e-01
5.587209107354282889e-01
5.604087308049201521e-01
5.579407598823309389e-01
5.628222409635782464e-01
5.649474689736961874e-01
5.563997492194175942e-01
5.603219209238886611e-01
5.600625561550259812e-01
5.572820076718926208e-01
5.603035882115363631e-01
5.575917823240160720e-01
5.573450420051813126e-01
5.581133816391229407e-01
5.588784351944923179e-01
5.569930944591761079e-01
5.719060549512505753e-01
5.658563505858182907e-01
5.576215881854296175e-01
5.682631056755781396e-01
5.576471241191029993e-01
5.671981265768408775e-01
5.593876797705888970e-01
5.593863004818558915e-01
5.574391292408108489e-01
5.584466565400362237e-01
5.575543483719229698e-01
5.579244079068302886e-01
5.621292920783161895e-01
5.664945442229509798e-01
5.670588482171297073e-01
5.616832455620169862e-01
5.619800115004182084e-01
5.572785323485731634e-01
5.564223863184452057e-01
5.758118201047182083e-01
5.584190284833312479e-01
5.568930659443139808e-01
5.598567591980099234e-01
5.569407325237989426e-01
5.582379804924130218e-01
5.598475581035018411e-01
5.588817495852709261e-01
5.581715712323784828e-01
5.575351495295762794e-01
5.583796625956892745e-01
5.599521502852440324e-01
5.574862813577056153e-01
5.575174463912844214e-01
5.619242940098047034e-01
5.576361959800124612e-01
5.579212022945284621e-01
5.581915894523262756e-01
5.574748111888766511e-01
5.586813636124133842e-01
5.575055360794067827e-01
5.580333223566412704e-01
5.592569071799516900e-01
5.595539031550288422e-01
5.577122556045651658e-01
5.589458337053656578e-01
5.581188669428229776e-01
5.609795538708567397e-01
5.582284664735197577e-01
5.707422804087400880e-01
5.587007742375135200e-01
5.726474568247794661e-01
5.586702575907110946e-01
5.583487382158637269e-01
5.567769302055239899e-01
5.706477308645844237e-01
5.614799911156296286e-01
5.571591285988688469e-01
5.606127662584186044e-01
5.574559861794113891e-01
5.567255208268762079e-01
5.582477210089564768e-01
5.583190016448498216e-01
5.580214675515889899e-01
5.609649652615189552e-01
5.602331660687923653e-01
5.617690231651067956e-01
5.571347817778586897e-01
5.578459693118930085e-01
5.587382564321160539e-01
5.586081989109515922e-01
5.570878637954592705e-01
5.571296723559499009e-01
5.575405813753604445e-01
5.600190611556172815e-01
5.575181273743510246e-01
5.572393074631690757e-01
5.579226782545447794e-01
5.692981531843542831e-01
5.569538960233331171e-01
5.565036287531256454e-01
5.592664349824190140e-01
5.567208908498286757e-01
5.572884012013673560e-01
5.584134493023157342e-01
5.673281205818057060e-01
5.558932768180966377e-01
5.595692779868841615e-01
5.578715519979595694e-01
5.575502375140786171e-01
5.569669347256421821e-01
5.686826746910810249e-01
5.569879794493317604e-01
5.572538739070296288e-01
5.563541755080223528e-01
5.603063676506281343e-01
5.611940747126936690e-01
5.576055955141783205e-01
5.628976920619607194e-01
5.577995948493480460e-01
5.574663158506154570e-01
5.613205660134553687e-01
5.578028010204434395e-01
5.586327657103538069e-01
5.569427387788892236e-01
5.559624986723065154e-01
5.575942197814584000e-01
5.582279115915298462e-01
5.587966529652476089e-01
5.695118026807903799e-01
5.627865845337509665e-01
5.565931929275393930e-01
5.591601263731718063e-01
5.586677808314561844e-01
5.592172645032406075e-01
5.563947401940823045e-01
5.581177884712815729e-01
5.570401817560195479e-01
5.625181300565600395e-01
5.566820994019507918e-01
5.580354642122984377e-01
5.679005948826670869e-01
5.572168750688433203e-01
5.575369944795965926e-01
5.575360298156738503e-01
5.587260989472270234e-01
5.575657935813069788e-01
5.592417372390627861e-01
5.576077412813902345e-01
5.583252953365445137e-01
5.573087729513644950e-01
5.572593873366713524e-01
5.610439788550138918e-01
5.567696744576096091e-01
5.606557579711080042e-01
5.570205209776759592e-01
5.583742704242468102e-01
5.579042695462703705e-01
5.583251113072037475e-01
5.579823663458227667e-01
5.603814795613288879e-01
5.579053310677408728e-01
5.561418700963258743e-01
5.583801085129380670e-01
5.574381060898303542e-01
5.591711787506937759e-01
5.589660227298736128e-01
5.570753665640950647e-01
5.595041319727898088e-01
5.623486995697021262e-01
5.574407231062650236e-01
5.643043806776404381e-01
5.601187907159328461e-01
5.570083821192384210e-01
5.572595935314893500e-01
5.580370320007205232e-01
5.567611141130328622e-01
5.576018255203962770e-01
5.579796016216278520e-01
5.584754876792430434e-01
5.596022456884384155e-01
5.585291912779212220e-01
5.575091332197189553e-01
5.597751522436738014e-01
5.577171932905912177e-01
5.592026328667998314e-01
5.580672442913054976e-01
5.562794687226414458e-01
5.565468650311231613e-01
5.575560722500085831e-01
5.591030355542898622e-01
5.578406546264886856e-01
5.577952744439244048e-01
5.586287131533026473e-01
5.578817218542099221e-01
5.577248435467481169e-01
5.569499926641583443e-01
5.621893106028437170e-01
5.592938052490353806e-01
5.573174597695469412e-01
5.575726602226496187e-01
5.588232420384884325e-01
5.600019456818700059e-01
5.574820805341005325e-01
5.580700056627392325e-01
5.581504415720701662e-01
5.585471797734499200e-01
5.596393305808305962e-01
5.589926388114691003e-01
5.577683091163635476e-01
5.579949526116252390e-01
5.619472365826367888e-01
5.570642204955220667e-01
5.612118411809206009e-01
5.639229513704776542e-01
5.577519565820694414e-01
5.565652174875139746e-01
5.579772761091590372e-01
5.590578306466340575e-01
5.597766948863863723e-01
5.582990627735853195e-01
5.595766792073846307e-01
5.570630516856909242e-01
5.582934629172087160e-01
5.581166123971342818e-01
5.588344700634479967e-01
5.591605944558978303e-01
5.622050514444708602e-01
5.575552040711044821e-01
5.578559402376412901e-01
5.592417770996689352e-01
5.583356359973550287e-01
5.566573558375239594e-01
5.582657827064394507e-01
5.582802066579460876e-01
5.566747456789016280e-01
5.574878077954054101e-01
5.575034834444523302e-01
5.605636527761816978e-01
5.580686688423156516e-01
5.586122553795576096e-01
5.583588093519210593e-01
5.575102234259248224e-01
5.571809362620114836e-01
5.573235046118497626e-01
5.580733792856336084e-01
5.580204822123050468e-01
5.583322994410991891e-01
5.583396034315228906e-01
5.574779205024242845e-01
5.584047336131334749e-01
5.618593132123350653e-01
5.577698327600956185e-01
5.570304986089468224e-01
5.657290894538163917e-01
5.570289675146341546e-01
5.580734502524137275e-01
5.578298274427652137e-01
5.574810395017266718e-01
5.575854888185858282e-01
5.595363922417163627e-01
5.574320957064629045e-01
5.594753561541437881e-01
5.582404475659131782e-01
5.579596592113376108e-01
5.569499222561716811e-01
5.593754338100552781e-01
5.572067262604832871e-01
5.582606749609112518e-01
5.574063915759325250e-01
5.583466067910194397e-01
5.583454173058270964e-01
5.581583980470895545e-01
5.569704314693808556e-01
5.584952292963862863e-01
5.591596143320203272e-01
5.578753104433417098e-01
5.587338360026479211e-01
5.581233218312263711e-01
5.581153193488717079e-01
5.577066937461495622e-01
5.573839306831359641e-01
5.570373781025409476e-01
5.580515597015619500e-01
5.589120579883456452e-01
5.578896222636103852e-01
5.603411467745900154e-01
5.577570622786879317e-01
5.584461875259876251e-01
5.579385714605450408e-01
5.622484931722283585e-01
5.584179965779185739e-01
5.568783560767769369e-01
5.574343059211969154e-01
5.573188809677958044e-01
5.563576254993677361e-01
5.582509694620967355e-01
5.578375425189733283e-01
5.583020776510239092e-01
5.578481597825885041e-01
5.578922329470514807e-01
5.590766727924346702e-01
5.572757678106426971e-01
5.576697561889887300e-01
5.575569638982414977e-01
5.593770265579223189e-01
5.580157702788710594e-01
5.646392554044723511e-01
5.568401105701923370e-01
5.602831589058041573e-01
5.586964571848511696e-01
5.569885414093732612e-01
5.585625473409890906e-01
5.577706510201096979e-01
5.587678903713821921e-01
5.577642897143959555e-01
5.574408384039998277e-01
5.567723412066698518e-01
5.587465252727270570e-01
5.578558569774031417e-01
5.574041444808244261e-01
5.578313941136002763e-01
5.586516529321670088e-01
5.565145347267389520e-01
5.570662669837475045e-01
5.578053480014204535e-01
5.569966996088624445e-01
5.587489103898406473e-01
5.574422143399715424e-01
5.572941757738589796e-01
5.578926295042038186e-01
5.602003991603851096e-01
5.583251459524035676e-01
5.587442707270383613e-01
5.576144212856888327e-01
5.584062738344073296e-01
5.565614046528934988e-01
5.574491912499069945e-01
5.578329574316740480e-01
5.593562301248311552e-01
5.578704033046960609e-01
5.581019543111324088e-01
5.579181557521224466e-01
5.576431786641478094e-01
5.576499303802847640e-01
5.581347590312362161e-01
5.580295380204916000e-01
5.583540432155131850e-01
5.567274082452058348e-01
5.576645426452160326e-01
5.589505242183804290e-01
5.570147678256034407e-01
5.575271969661116378e-01
5.586510637775063959e-01
5.574549293145537598e-01
5.572171801701187865e-01
5.584104085341096146e-01
5.658913996070623620e-01
5.581639410927892175e-01
5.587815316393971443e-01
5.570816146209836006e-01
5.572403473779559135e-01
5.640079742297530174e-01
5.584831502288579719e-01
5.580289497971534507e-01
5.582525404170155525e-01
5.600714409723878129e-01
5.571554638445377350e-01
5.620246436446905136e-01
5.591840783134103265e-01
5.576962646096944587e-01
5.582170715555548890e-01
5.581790333613753097e-01
5.573564009740948899e-01
5.575212160125374572e-01
5.575065553188324197e-01
5.625066095963120461e-01
5.579936280846595764e-01
5.562559207901358604e-01
5.582422792911529985e-01
5.590864408761262450e-01
5.610508957877755609e-01
5.585731249302625656e-01
5.578287705779075845e-01
5.570893201977014098e-01
5.575073670595884767e-01
5.580804295837878959e-01
5.573487985879183038e-01
5.574527410790324211e-01
5.606181740760802779e-01
5.581619935110211372e-01
5.572277653962374178e-01
5.584006542339920998e-01
5.600805371999740823e-01
5.576328616589307785e-01
5.579431576654314551e-01
5.618024565279483573e-01
5.582369005307554755e-01
5.585216894745826943e-01
5.567035429179668649e-01
5.590046362951397452e-01
5.598545826971530470e-01
5.571348549798130767e-01
5.597760509699583054e-01
5.582185817882419077e-01
5.592093722894787566e-01
5.573352454230189323e-01
5.578431159257888350e-01
5.577369617298245652e-01
5.579414213076233642e-01
5.571308774873614533e-01
5.598308173939585686e-01
5.586896078661084397e-01
5.595305971801280975e-01
5.577334703877567801e-01
5.575220933184027450e-01
5.571211349219084008e-01
5.587876791134476218e-01
5.572172718122601065e-01
5.571567783132195251e-01
5.574967386201024055e-01
5.583750730380415694e-01
5.577760118991136329e-01
5.603583855554461479e-01
5.576058009639381918e-01
5.581891965121030807e-01
5.577647492289543596e-01
5.576965833082795365e-01
5.563225546851754411e-01
5.581292683258652909e-01
5.581449566408991370e-01
5.580906784161925316e-01
5.575361974537372811e-01
5.607127737253904121e-01
5.594431594014167564e-01
5.567685564979910628e-01
5.568802839145063910e-01
5.611171051859855652e-01
5.588440762832760367e-01
5.579571621492505074e-01
5.564340064302086830e-01
5.596943827345967071e-01
5.572623470798134804e-01
5.586927035823464616e-01
5.696377564221620782e-01
