2.444336532592773494e+02
1.129949543118476925e+02
6.010875518321991251e+01
3.620281397402286672e+01
2.528095830082893514e+01
1.778853564560413503e+01
1.242615285962819982e+01
1.033414766266941953e+01
8.687056236714123969e+00
7.405511040985584437e+00
6.846456006914377390e+00
6.452528654783963979e+00
5.320789104700088146e+00
5.276651325076818111e+00
4.761644964665174840e+00
4.340793552994727911e+00
4.191138558834791361e+00
4.021709105372428539e+00
3.608112562447786331e+00
3.557830999791621984e+00
3.359020416438579737e+00
3.211192777007818133e+00
2.926018794625997455e+00
2.823129594326019287e+00
2.790365474671125501e+00
2.668139976635575117e+00
2.442571973428130150e+00
2.407601088657975286e+00
2.332551963999867528e+00
2.188617525994777768e+00
2.063376479595899760e+00
1.994801944866776422e+00
1.907386826351284981e+00
1.838086027279496104e+00
1.774357886239886328e+00
1.715077710524201438e+00
1.630239614471793219e+00
1.550293301045894578e+00
1.465004396438598588e+00
1.417500299215316728e+00
1.358469472825527102e+00
1.332344485446810722e+00
1.258456873148679822e+00
1.226856278628110974e+00
1.207458940893411548e+00
1.180538861453533261e+00
1.105056060478091240e+00
1.062319049984216779e+00
1.040783522278070361e+00
1.030085469409823373e+00
9.902210975065827148e-01
9.775975255295634714e-01
9.525358987972140090e-01
9.316749515011906180e-01
8.904657730832695739e-01
8.886513167992233786e-01
8.568020081147551537e-01
8.555243395268916640e-01
8.324187135323881659e-01
8.456015238538384660e-01
8.233588753268122895e-01
7.980796696618199793e-01
7.785253923386334929e-01
7.819045696407556090e-01
7.552249897271394730e-01
7.507213979959488359e-01
7.648050660267472489e-01
7.413273338228464349e-01
7.312171570956707001e-01
7.119083561003207716e-01
7.194542292505502479e-01
6.929538071155547652e-01
6.916928367689252344e-01
7.171641970053315163e-01
6.881758686155080573e-01
6.735652027651667373e-01
6.810034876689314842e-01
6.867859255522489326e-01
6.676278300583362579e-01
6.806890273466705832e-01
6.760378599166869673e-01
6.561472445726395097e-01
6.460481561720371468e-01
6.604333993047475371e-01
6.567682774737477747e-01
6.443705093115568161e-01
6.407134400680660757e-01
6.618061792105436325e-01
6.638147195801138434e-01
6.391874399036169274e-01
6.290536385029554811e-01
6.455972949042916298e-01
6.406523030251264350e-01
6.463054426014422926e-01
6.518305227160453574e-01
6.359009589999914391e-01
6.454848539084195869e-01
6.501306843012570891e-01
6.510623907670378685e-01
6.259530477225780931e-01
6.318883825093507545e-01
6.344757108017802238e-01
6.193263886496425119e-01
6.288373155519366708e-01
6.069225050508976205e-01
6.170939851552248445e-01
6.480946134775876777e-01
6.556801263242959532e-01
6.181344244629144447e-01
6.113474054262042490e-01
6.119376389309764130e-01
6.116669429466128349e-01
6.365258486941456351e-01
6.282171934843063799e-01
6.291454680263995902e-01
6.176127539947628975e-01
6.037584243342279944e-01
6.065792828798294289e-01
6.348355820402502570e-01
6.109720721840858904e-01
6.320379462093115297e-01
6.109191752970218880e-01
6.197749923914670500e-01
6.442524977028369904e-01
6.181040637195109877e-01
6.152556214481592622e-01
6.691045284271239790e-01
6.170549998059868813e-01
6.046854963526129279e-01
6.188665317371487840e-01
6.007097344845533371e-01
6.164759587496518867e-01
6.075245406478643195e-01
6.113554812967777474e-01
6.142505129799247232e-01
6.126080121845006721e-01
6.075202694162726846e-01
6.202366575598716736e-01
6.282633755356072935e-01
6.240083741024136099e-01
6.046980205923319085e-01
6.118984455242753029e-01
6.081317480653524177e-01
6.061199478805064933e-01
6.092472493648528609e-01
6.160116197541356531e-01
6.055901268497109191e-01
6.056541340425610764e-01
6.047499435022473113e-01
6.068355400115251763e-01
6.121850326657295449e-01
6.213846078142524210e-01
6.244023775681852850e-01
6.073023095726967080e-01
6.145596416667103989e-01
6.196161558851599471e-01
6.070995379239321199e-01
6.042118452489375624e-01
6.069230891764163527e-01
6.033048236742615256e-01
6.085620643571019173e-01
6.148102732375264612e-01
6.006015961989760177e-01
6.166809132322669251e-01
6.095388285815716012e-01
6.096117848530411276e-01
6.073230592533945815e-01
6.035479357466101424e-01
6.162832144647836241e-01
6.192267635837197526e-01
6.133962044492363708e-01
6.022045644000172393e-01
6.244625013321638551e-01
6.179767260327935219e-01
6.136787259951234086e-01
6.022777967154979706e-01
6.037186078727245775e-01
6.016954621300101280e-01
6.090227026492357476e-01
6.103240001946688142e-01
6.138464307412505594e-01
6.043358862400054488e-01
6.052550889551640001e-01
6.142540339380502257e-01
6.236616240814327750e-01
6.165587732568382773e-01
6.125470785424113052e-01
5.998777430504560471e-01
6.026967629790306313e-01
6.060390133410692437e-01
6.088577464222908464e-01
6.149233337491750717e-01
6.055942224338650703e-01
6.076148033142090288e-01
6.019884904846548590e-01
6.075974080711603609e-01
6.027565917000174966e-01
6.574019135907291922e-01
5.993945932015776190e-01
6.031221278011799081e-01
6.029634334146976027e-01
6.019266616553068383e-01
6.045260541141033173e-01
6.050209783017634901e-01
6.069155840203166452e-01
6.089301472529768944e-01
6.070788411423564401e-01
6.091622464358806832e-01
6.059440867975354195e-01
6.077666839584707770e-01
6.029044231399893761e-01
6.037988414987921493e-01
6.151056500151753648e-01
6.076814429834485054e-01
6.170614426955580711e-01
6.007996445521712747e-01
6.040234291926026566e-01
6.014757016673684120e-01
6.145800853148102316e-01
6.132066318765282409e-01
6.396703703328967539e-01
5.958355344831943734e-01
5.986732620745897071e-01
6.031168688088655028e-01
6.091051908209920152e-01
6.048183292150497437e-01
6.042647778987884077e-01
6.032366467639803664e-01
6.144832184538244757e-01
6.117610016837715659e-01
6.299477722495794296e-01
6.038828568533063379e-01
6.159646790474653244e-01
6.142312010750174966e-01
6.023994253948330435e-01
6.136544721201062647e-01
6.044431926682591882e-01
6.041087701916694197e-01
6.034462293609976768e-01
6.087891623377800210e-01
6.086633827537297758e-01
6.016113104298710379e-01
6.038404839113354905e-01
6.108803289011121018e-01
6.067845763638615164e-01
6.066053664311766846e-01
6.088245196267962900e-01
6.029385328292846680e-01
6.036526093259453329e-01
6.036517385393380675e-01
6.135287150740623696e-01
6.064975019544363022e-01
6.024732183665036933e-01
6.138148995116352591e-01
6.050384862348436865e-01
6.063707109540701357e-01
6.026401748880744202e-01
6.185366030782460944e-01
6.050713760778307915e-01
6.016451966017484221e-01
6.054282525554299799e-01
6.052114583551884142e-01
6.100670296698809114e-01
6.021636500954627991e-01
6.087314836680889352e-01
6.039705995470285860e-01
6.050550781190395799e-01
6.036450799554586855e-01
6.057256732136011568e-01
6.052538551390170829e-01
6.183073224499822107e-01
5.996195318177341971e-01
6.132389912381768227e-01
6.051759816706180350e-01
6.055255621671676858e-01
6.083695851266384125e-01
6.027481067925691827e-01
6.040636805817485300e-01
5.999730234965682252e-01
6.152039125561714616e-01
6.043930590152740701e-01
6.011253641918301582e-01
6.085174143314361350e-01
6.005456993356347306e-01
6.054648406803607719e-01
6.068687938153743966e-01
6.112585393711924553e-01
6.145299488678575006e-01
6.005024977028370348e-01
6.078683448955416457e-01
6.038868214935064760e-01
5.993484314531087875e-01
6.065701596438884957e-01
6.113002333790064080e-01
6.070151956751942413e-01
6.066351741552352683e-01
6.030473027378320250e-01
6.036085551604628563e-01
6.038450900465249793e-01
6.004352888092399088e-01
6.067923380061983618e-01
6.067871693521738052e-01
6.150003533810377565e-01
6.056361217051744461e-01
6.020602406933903694e-01
6.085829509422182593e-01
6.039605086669326273e-01
6.043933616951108201e-01
6.047638557851314767e-01
6.043910328298807144e-01
6.006823515519499335e-01
6.012670746073126571e-01
6.027461012825370279e-01
6.094311296939849409e-01
6.065834607928991540e-01
6.073879446834326012e-01
6.070697654038668123e-01
6.058894999325274977e-01
6.052954722195863502e-01
5.993792930617928283e-01
6.083225745707749876e-01
6.051619224250316398e-01
6.063423030078410880e-01
6.106898268684745057e-01
6.032458554953337160e-01
6.028501404449343459e-01
6.113940026611089928e-01
6.093133399263024330e-01
6.082051753997802512e-01
6.339543830603361352e-01
6.087926426902413590e-01
6.019042201340198961e-01
6.046383006498217139e-01
6.028098693117499574e-01
6.107349924743175063e-01
6.007678648456931114e-01
6.040995266288519128e-01
6.096154019236564858e-01
5.996448490768671036e-01
6.088246034458280054e-01
6.075087554752827135e-01
6.029372254386544672e-01
6.247187465429305808e-01
6.120999827980995178e-01
6.008053516969085184e-01
6.016032781451940981e-01
5.971706423908471617e-01
6.065237320959567802e-01
6.077931152656674829e-01
6.011745126917957815e-01
6.067069724202156511e-01
6.114632120355963929e-01
6.176317833364010079e-01
6.017705453559756279e-01
6.080989172682166322e-01
6.058310067281127420e-01
6.068184051662683931e-01
6.053987273946404013e-01
6.044206431135534796e-01
6.019515048712491545e-01
6.063264545053244081e-01
6.056505056098103745e-01
6.041525969281792419e-01
6.034937778487801108e-01
6.008848242461681810e-01
6.001388272270560265e-01
6.041072752326727135e-01
6.092261616140604019e-01
6.015978537499904188e-01
6.065693402662872824e-01
6.065181076526642290e-01
6.259898632764816506e-01
6.034443322569131851e-01
6.097047626972198486e-01
6.065649237483740075e-01
6.022643081843852553e-01
6.014236746355891006e-01
6.089096682146191153e-01
6.035877624526619911e-01
6.091669777408241782e-01
6.083427967503667322e-01
6.063442623242736307e-01
6.006369978189468606e-01
6.040069604292511718e-01
6.046891570091247337e-01
6.080422930419444594e-01
6.025272050872445551e-01
6.023443777114152464e-01
6.070608673617243767e-01
6.073025047779083696e-01
6.026744183152914491e-01
6.041714621707796606e-01
6.073280308395624383e-01
6.024333557114005533e-01
6.139115883037448151e-01
6.055090019479394403e-01
6.073681799694895522e-01
6.086871126666665299e-01
6.056874033063650575e-01
6.012485794723033683e-01
6.006653489544987456e-01
6.052316805347800477e-01
6.150562262162566629e-01
6.075529402121901956e-01
6.060344520956277847e-01
6.070141954347491042e-01
6.056293236091733201e-01
6.041812008246779664e-01
6.038258368149399535e-01
6.034144219011068344e-01
6.084177043288946374e-01
6.014156568795442359e-01
6.076062306761741416e-01
6.142400374636054483e-01
6.046810608357191530e-01
6.087119070813059585e-01
6.053265407681465149e-01
6.018055262044071929e-01
6.032726598903537241e-01
6.013582395389676094e-01
6.089876918122172356e-01
6.019979869946837647e-01
6.019260179251432197e-01
6.050562724471092446e-01
6.027020994573831780e-01
6.027133999392390029e-01
6.166206998750567436e-01
6.050225153565407243e-01
6.059805594384670702e-01
6.222388003021478431e-01
6.001642780378461106e-01
6.036630880087614504e-01
6.042526407167315705e-01
6.031416922807693037e-01
6.062832370400428328e-01
6.045838972553611024e-01
6.050757462158798949e-01
6.031079553067684174e-01
6.099477479234337585e-01
6.055489048361778481e-01
6.188400821760297044e-01
6.046048669144511445e-01
6.055876564234494719e-01
6.093957452103495598e-01
6.004534879699349181e-01
6.097111491486429946e-01
6.025307649746537431e-01
6.184319918975234032e-01
6.067651497200131638e-01
6.109868470579385979e-01
6.016337042674422264e-01
6.043792972341179848e-01
6.047086682170629279e-01
6.343624399974941985e-01
6.015373446047306283e-01
6.040220132097602335e-01
6.018761258572340456e-01
6.058797040954232438e-01
6.073926767334342225e-01
6.013941012322903124e-01
6.111246438696980032e-01
6.054897723719477876e-01
6.173802549019455910e-01
6.155518107116222382e-01
6.067521011456846747e-01
6.022419564425944838e-01
6.057569447904824766e-01
5.993286930024623871e-01
6.030312350019813028e-01
6.085504360496998277e-01
6.081395296379923376e-01
6.025854976847767608e-01
6.033048551529646142e-01
6.017007702961564286e-01
6.153758639469742997e-01
6.084703521803020987e-01
6.024174036458134207e-01
6.260027237236499564e-01
6.040057700127363649e-01
6.100859140977263895e-01
6.042944608256221040e-01
6.123168120160699113e-01
6.086713658645749314e-01
6.075343804433941397e-01
6.095187548547983392e-01
6.157114278525114281e-01
5.984829042106867281e-01
6.077119328081608263e-01
6.039469115436076896e-01
6.017366392537951691e-01
6.019338959828018920e-01
6.013520427048206773e-01
6.218508688732982126e-01
6.190525082871317641e-01
6.113496474921703561e-01
6.002707421779632790e-01
6.083463747054338455e-01
6.068849107250571251e-01
6.045506741851568444e-01
6.041632009670138137e-01
6.128220155835151228e-01
6.075932191684841888e-01
6.024803061038255247e-01
6.034492671489715132e-01
6.015143504366278204e-01
6.052398007363081200e-01
6.003912933170795219e-01
6.021101012825965659e-01
6.128155604004860146e-01
6.026903521269559860e-01
6.106058163568377495e-01
6.091827586293220298e-01
6.021234219893812911e-01
5.984469801187515259e-01
6.087486170232295768e-01
6.091624733060598818e-01
5.977819465100765450e-01
6.045632293447852357e-01
6.085636673495173898e-01
6.055821474641561730e-01
6.046323461458087412e-01
6.054618060588836670e-01
6.051723146811127663e-01
6.074892563745379892e-01
6.093575796112418175e-01
5.995569016784429994e-01
6.015157910063863023e-01
6.081724086776375549e-01
6.055667042732238992e-01
6.020731985569000022e-01
6.102965822443365829e-01
6.124608634039759858e-01
6.022430347278714402e-01
6.062501048669218795e-01
6.070396326482295768e-01
6.047779370099306551e-01
6.052558982744813409e-01
6.033035879954695702e-01
6.039783345535397752e-01
6.130693128332496133e-01
6.043701261281967385e-01
6.057692695409059302e-01
6.034310668706893699e-01
6.153573513031005415e-01
6.100657727569341882e-01
6.163188103586435540e-01
6.057995798066257986e-01
6.017290057614446130e-01
6.043215515092015266e-01
6.017802935093641281e-01
6.053535643965005653e-01
6.005615288391709106e-01
6.060925876721739991e-01
6.136131573468446287e-01
6.034774435684084892e-01
6.067863671109080537e-01
6.003552248701453653e-01
6.088116886094212532e-01
6.089663954451680627e-01
6.054908715188502821e-01
6.085115695372224076e-01
6.066447814926505533e-01
6.064441176131367683e-01
6.094778483733535035e-01
6.139570964500308259e-01
6.063662415370345560e-01
6.033946117386221886e-01
6.003929393365978751e-01
6.095736898481846078e-01
6.063975395634770837e-01
6.050364559516310248e-01
6.142495131120085938e-01
6.044104423373937163e-01
6.049194402992725816e-01
6.109092753380537255e-01
6.060597114264965057e-01
6.024951428174972756e-01
6.080564588308334795e-01
6.049237167462706566e-01
6.016676075756549613e-01
6.084866475313901457e-01
6.064171114936470763e-01
6.071506032720208612e-01
6.145958812907338364e-01
6.109274273738265482e-01
5.995997631922364013e-01
6.214571338146924750e-01
5.984779184684156927e-01
6.015011101961136308e-01
6.039151446893811226e-01
6.136727880686521086e-01
6.074206393212080446e-01
6.074361499398946984e-01
5.999307930469512939e-01
6.098257001489401086e-01
6.050157872959971428e-01
6.047583173960446867e-01
6.054979393258690390e-01
6.052391044795513153e-01
6.101722035557031187e-01
