1.426492786169052067e+02
3.519115077555179738e+01
1.450670494884252548e+01
1.085521918237209249e+01
8.546188783645629172e+00
7.045684567838907064e+00
6.074821064621209743e+00
5.681752899289131520e+00
4.734507694095372976e+00
4.567712504416704178e+00
4.312029952555894496e+00
4.037239760905504404e+00
3.805097530037164777e+00
3.368965541571378619e+00
3.275481281429529101e+00
3.177650868147611440e+00
2.931828966736793607e+00
2.785235528647899805e+00
2.773596818745136083e+00
2.594543585181236178e+00
2.543194400519132703e+00
2.464903028309345157e+00
2.360680596157908262e+00
2.322557833045721054e+00
2.211281986162066282e+00
2.102731262519955457e+00
2.077547949552536188e+00
2.074131134152412237e+00
2.000355272740125478e+00
1.888177656382322267e+00
1.905169633030891374e+00
1.872953535616397769e+00
1.840066064149141312e+00
1.753452862054109662e+00
1.715256178751587868e+00
1.700640932098031133e+00
1.677931731194257647e+00
1.649981507286429450e+00
1.590199637040495828e+00
1.532887341827154248e+00
1.498271036148071333e+00
1.462739536538720131e+00
1.403156981989741370e+00
1.396623243764042899e+00
1.340646108612418175e+00
1.311507860198616982e+00
1.281979689747095197e+00
1.260405297204852060e+00
1.232568820565938861e+00
1.229215344414114952e+00
1.199106676131486804e+00
1.188140550628304482e+00
1.142246021330356687e+00
1.138403223454952151e+00
1.138616957888007208e+00
1.129240416362881749e+00
1.127395793423056514e+00
1.120832384750247046e+00
1.088249827921390578e+00
1.104503646492958069e+00
1.109531426802277565e+00
1.079419728368520737e+00
1.100934643298387527e+00
1.091967761889100164e+00
1.083130074292421252e+00
1.087967913597822189e+00
1.101420878991484553e+00
1.080177757143974349e+00
1.054596203938126475e+00
1.054686176776886031e+00
1.059167413413524717e+00
1.058027765899896666e+00
1.065903802216052965e+00
1.054536539316177413e+00
1.063200054317712695e+00
1.059068582952022552e+00
1.064386305958032519e+00
1.061406538635492280e+00
1.057271721214056104e+00
1.081057177856564522e+00
1.048105495423078626e+00
1.052691726014018059e+00
1.050799758732318789e+00
1.047936851903796152e+00
1.048160836473107427e+00
1.049391858279705048e+00
1.054314812272787005e+00
1.043169563263654620e+00
1.049524726718664258e+00
1.046566684171557515e+00
1.043318894132971852e+00
1.064065876603126570e+00
1.067657490074634508e+00
1.044498605653643608e+00
1.064567248150706247e+00
1.052967945113778114e+00
1.045400073751807213e+00
1.054031296446919397e+00
1.039480716362595647e+00
1.060283768922090530e+00
1.045445681735873267e+00
1.039804525673389435e+00
1.040345409139990851e+00
1.045686963945627213e+00
1.056862182542681605e+00
1.046503428369760513e+00
1.051705573126673787e+00
1.043692880123853639e+00
1.040499558672308922e+00
1.043594660982489541e+00
1.052021331340074584e+00
1.041639574617147401e+00
1.035458641126751900e+00
1.039878050237894147e+00
1.044173290207982108e+00
1.042209544777870089e+00
1.045045591145753905e+00
1.037050449848174960e+00
1.047023589909076735e+00
1.041141856461763382e+00
1.043406451493501752e+00
1.036029183864593417e+00
1.037382772192358971e+00
1.039803098887205124e+00
1.040415022149681956e+00
1.038473754376173064e+00
1.042020926997065500e+00
1.037946098297834352e+00
1.040584364533424289e+00
1.037188903242349580e+00
1.042972879484295845e+00
1.039221242815256074e+00
1.037971880286931992e+00
1.035900430753827095e+00
1.038449629023671106e+00
1.039453215897083282e+00
1.049291631579399198e+00
1.038690559938550084e+00
1.045416389778256461e+00
1.040621920302510217e+00
1.038256400451064154e+00
1.036551631987094879e+00
1.046967191994190305e+00
1.055794848874211267e+00
1.037397756054997400e+00
1.035146694630384445e+00
1.038492698594927877e+00
1.037974816560745195e+00
1.039520179480314166e+00
1.035937487334013030e+00
1.035899386927485510e+00
1.036904048919677690e+00
1.035027921944856599e+00
1.039425275474786803e+00
1.036070597171783403e+00
1.036536746472120241e+00
1.061188432201743082e+00
1.035310690850019366e+00
1.036308382451534227e+00
1.037576477602124125e+00
1.040777803957462222e+00
1.037893276661634445e+00
1.038213077187538191e+00
1.034536464884877160e+00
1.045833003148436635e+00
1.036432402953505472e+00
1.036768017709255307e+00
1.036512422189116434e+00
1.036820107325911566e+00
1.038555514067411423e+00
1.035566772893071086e+00
1.035465902462601617e+00
1.039035737514495850e+00
1.037935056164860814e+00
1.034530753642320722e+00
1.037956077232956797e+00
1.035642535984516055e+00
1.036119820922613233e+00
1.036868177726864904e+00
1.042270521447062448e+00
1.055389662086963609e+00
1.035024623945355327e+00
1.040560146793723106e+00
1.038399638235568911e+00
1.039381886646151498e+00
1.035973959416151002e+00
1.035049369931221097e+00
1.035095394030213445e+00
1.036613604798912958e+00
1.038768337294459387e+00
1.038731105998158544e+00
1.035353332012891814e+00
1.039901031181216240e+00
1.034108518809080168e+00
1.036864675208926112e+00
1.035854898020625026e+00
1.036048472672700838e+00
1.035747863352298737e+00
1.036283324286341623e+00
1.036659523099660918e+00
1.035054008662700697e+00
1.036719123646616891e+00
1.048798753321170896e+00
1.035492200031876475e+00
1.035872903838753745e+00
1.035600538924336345e+00
1.035039693117141724e+00
1.037644396349787668e+00
1.036203864589333445e+00
1.035934175550937697e+00
1.035773512721061662e+00
1.036291288584470838e+00
1.035310342907905579e+00
1.035005634650588036e+00
1.037783498689532236e+00
1.035643099993467375e+00
1.039950270578265279e+00
1.036413853615522296e+00
1.038659155368804932e+00
1.035374382138252169e+00
1.037178688123822301e+00
1.036449876800179526e+00
1.035707502812147185e+00
1.036694786325097040e+00
1.034877850860357329e+00
1.035350035503506572e+00
1.035751268267631531e+00
1.034702580049633891e+00
1.034796779602765948e+00
1.036946076899766922e+00
1.037168896198272794e+00
1.035203627496957823e+00
1.035981382429599806e+00
1.040608723834157034e+00
1.034843929111957550e+00
1.034898938238620669e+00
1.035191712528467090e+00
1.035017229616641998e+00
1.038636483997106508e+00
1.038003684580325992e+00
1.034772716090083033e+00
1.037452849373221353e+00
1.034926356002688452e+00
1.035169200599193484e+00
1.037032403424382299e+00
1.035948237776756375e+00
1.036178543791174800e+00
1.035652656108140945e+00
1.037546407058834941e+00
1.035555559396743819e+00
1.036686238646507219e+00
1.035028462484478995e+00
1.035272718220949129e+00
1.034943532943725542e+00
1.039023681357502893e+00
1.035852121934294656e+00
1.035278796777129084e+00
1.036165267974138215e+00
1.036221497878432318e+00
1.037244807556271464e+00
1.036500822752714157e+00
1.035311530157923654e+00
1.034549616649746984e+00
1.035786344856023833e+00
1.039636706188321158e+00
1.035015328228473752e+00
1.035027849301695779e+00
1.036227277666330382e+00
1.036048813164234250e+00
1.039522551000118256e+00
1.034864728152751878e+00
1.037711928412318185e+00
1.035670769214630083e+00
1.034109614416956813e+00
1.035236691311001822e+00
1.034616491198539823e+00
1.035448361560702413e+00
1.035968071222305387e+00
1.034974714741110802e+00
1.034968103840947062e+00
1.035415906831622213e+00
1.035855702683329493e+00
1.035501958802342415e+00
1.035886153578758240e+00
1.035495850816368968e+00
1.035391868278384253e+00
1.035363894328475087e+00
1.036125523969531059e+00
1.035776848345995038e+00
1.034628642722964287e+00
1.035037143900990442e+00
1.035255121812224344e+00
1.035188796371221631e+00
1.039175584539770991e+00
1.036339646205306053e+00
1.039398014545440674e+00
1.036294476315379187e+00
1.035224172100424722e+00
1.035935768485069186e+00
1.036640626192092851e+00
1.035254330933093936e+00
1.036802115663886026e+00
1.036240181699395135e+00
1.035726772621273994e+00
1.038857376575470060e+00
1.035596352815628007e+00
1.035048320144414946e+00
1.035017308220267385e+00
1.035033705085516065e+00
1.035017608106136411e+00
1.036602250114083246e+00
1.039819394424557730e+00
1.036468617618083954e+00
1.036238277703523725e+00
1.034695017337799117e+00
1.035313836485147521e+00
1.035916985198855444e+00
1.036973248794674785e+00
1.042164123430848077e+00
1.035029402747750238e+00
1.035024693235754967e+00
1.035170355811715126e+00
1.035947525501251132e+00
1.035414189472794622e+00
1.035601635277271226e+00
1.035918372124433606e+00
1.035230437666177838e+00
1.035740098357200711e+00
1.038383059203624725e+00
1.035789421573281244e+00
1.035544535890221551e+00
1.038927132263779640e+00
1.034804256260394961e+00
1.038460892066359609e+00
1.041943568736314774e+00
1.035632259398698851e+00
1.034863219410181001e+00
1.035568263754248708e+00
1.035518575459718704e+00
1.036878392845392183e+00
1.036229799687862441e+00
1.034997789561748593e+00
1.034577211365103722e+00
1.036252134665846869e+00
1.036993836611509234e+00
1.036891432851553052e+00
1.034984141215681941e+00
1.035146495327353477e+00
1.036935501173138707e+00
1.034932547807693393e+00
1.040270216763019562e+00
1.040167655423283488e+00
1.035184358805417926e+00
1.035783352702856153e+00
1.034342257305979729e+00
1.037590777128934771e+00
1.035737944766879082e+00
1.035154086351394609e+00
1.034738899022340730e+00
1.035407288745045618e+00
1.035325670242309481e+00
1.037802785634994507e+00
1.038520198687911122e+00
1.052223956212401390e+00
1.035584339872002602e+00
1.035042807087302119e+00
1.034253597259521484e+00
1.035283208265900701e+00
1.036655800789594739e+00
1.036647160351276353e+00
1.036090985313057988e+00
1.035358962044119924e+00
1.041984280571341515e+00
1.038431698456406593e+00
1.035630321130156517e+00
1.035030076280236244e+00
1.036443189904093787e+00
1.035304956510663121e+00
1.034610581025481313e+00
1.034530657157301858e+00
1.035096508637070700e+00
1.034827511385083110e+00
1.034803210943937346e+00
1.036292135715484619e+00
1.036476831138134047e+00
1.037242565676570027e+00
1.035489840433001518e+00
1.035139119625091642e+00
1.035152620822191283e+00
1.035660923272371248e+00
1.034375155344605446e+00
1.035415247082710266e+00
1.039125810936093242e+00
1.041336848586797759e+00
1.034782432019710541e+00
1.035192344337701797e+00
1.037739242613315627e+00
1.034441870823502585e+00
1.035060556605458260e+00
1.035612113028764769e+00
1.036667069792747586e+00
1.036187731474637941e+00
1.034943706914782435e+00
1.037301354855298952e+00
1.035224648937582925e+00
1.035431998595595315e+00
1.035102577507495791e+00
1.035034212470054671e+00
1.035428090393543332e+00
1.036392502486705780e+00
1.034799925982952118e+00
1.034685212373733565e+00
1.034322828054428101e+00
1.035433902218937829e+00
1.036402447894215539e+00
1.036430718004703433e+00
1.034372740983962924e+00
1.034690954536199525e+00
1.035405963286757380e+00
1.038286490365862846e+00
1.035036121308803514e+00
1.037953657656907946e+00
1.034844675287604376e+00
1.036472763866186142e+00
1.034850673004984900e+00
1.049229713901877359e+00
1.038902923464775085e+00
1.036721508949995041e+00
1.035418482497334480e+00
1.034684075415134519e+00
1.034842891246080310e+00
1.034580044075846583e+00
1.035490867495536760e+00
1.035608691349625632e+00
1.037732027098536403e+00
1.035174573585391000e+00
1.036145631596446126e+00
1.037290366366505623e+00
1.039048477634787471e+00
1.035213694721460298e+00
1.035504046827554703e+00
1.038967154920101166e+00
1.034635690599679858e+00
1.034899033606052399e+00
1.034948205202817828e+00
1.035636452212929770e+00
1.036473138257861137e+00
1.035355457291007086e+00
1.036458668112754777e+00
1.035043321922421544e+00
1.035704552009701684e+00
1.036088790372013957e+00
1.035746684670448392e+00
1.035191025212407023e+00
1.038425396755337626e+00
1.039050561562180564e+00
1.034859936311840922e+00
1.034382480382919356e+00
1.036197511479258537e+00
1.035059063509106592e+00
1.035192432627081827e+00
1.035264105349779085e+00
1.035067892074585050e+00
1.036104698479175523e+00
1.036287503316998482e+00
1.035600154846906706e+00
1.034453393146395728e+00
1.038108284771442458e+00
1.035506217554211572e+00
1.036865330860018641e+00
1.037277990579605014e+00
1.034837415069341571e+00
1.035181386023759753e+00
1.035489894449710846e+00
1.037717024981975600e+00
1.040258403867483139e+00
1.036467962712049440e+00
1.037143877893686339e+00
1.035652076452970416e+00
1.035085809230804399e+00
1.035537292808294207e+00
1.036212135106325150e+00
1.035506823658943087e+00
1.035591852292418569e+00
1.034249743819236844e+00
1.035526802763342857e+00
1.035662744566798299e+00
1.036465613916516260e+00
1.036311095952987760e+00
1.035765348002314568e+00
1.036310651153325990e+00
1.035238210111856461e+00
1.035833561420440585e+00
1.038146042078733400e+00
1.036052519455552101e+00
1.034551211446523622e+00
1.036838893219828694e+00
1.036043912172317505e+00
1.036484540626406714e+00
1.036291354522109076e+00
1.035563068464398384e+00
1.034968272596597627e+00
1.036013378575444177e+00
1.036147768422961191e+00
1.035315059497952550e+00
1.035074186325073198e+00
1.035731906816363290e+00
1.036295136809349149e+00
1.035944750159978778e+00
1.035071129724383310e+00
1.035256936028599695e+00
1.036263655871152878e+00
1.034918782114982561e+00
1.036800209432840347e+00
1.037331461533903987e+00
1.034769107028842061e+00
1.034754749387502670e+00
1.041540996730327517e+00
1.035543428361415774e+00
1.034756918624043509e+00
1.034644545614719302e+00
1.037284772470593364e+00
1.043028192967176526e+00
1.038441800698638007e+00
1.034628566354513168e+00
1.039711178839206607e+00
1.035634107515215785e+00
1.035073021799326032e+00
1.035647090896964162e+00
1.035435870662331670e+00
1.036162554472684905e+00
1.035507412254810244e+00
1.037078646197915122e+00
1.036374215409159749e+00
1.036632078513503030e+00
1.034050358459353447e+00
1.034577651321888059e+00
1.035925647988915399e+00
1.035428460314869792e+00
1.036187640205025629e+00
1.036013363301754087e+00
1.036595086380839303e+00
1.035842917487025172e+00
1.034944879636168436e+00
1.035767883434891790e+00
1.035751996561884880e+00
1.035559145733714104e+00
1.037526706233620644e+00
1.036282622069120363e+00
1.035840371623635292e+00
1.034412701427936510e+00
1.039120351150631949e+00
1.036337135359644890e+00
1.035945666581392199e+00
1.036176871135830790e+00
1.036093723401427358e+00
1.040552972257137387e+00
1.034855635091662451e+00
1.035732851922511966e+00
1.036013702303171247e+00
1.035789057984948247e+00
1.040432505682110875e+00
1.034949656575918198e+00
1.035942731425166130e+00
1.036552926525473595e+00
1.035173866897821426e+00
1.035834609717130705e+00
1.046354550123214766e+00
1.035311592742800713e+00
1.037006649374961897e+00
1.037711198255419687e+00
1.035045591369271323e+00
1.035634432360529988e+00
1.034527367353439420e+00
1.038468009606003717e+00
1.035514229163527533e+00
1.034428908303379968e+00
1.035910116136073977e+00
1.035776176303625062e+00
1.035329882055521011e+00
1.034323271363973618e+00
1.036466480046510652e+00
1.034664713591337160e+00
1.035378840565681413e+00
1.036643887311220258e+00
1.036471840739250139e+00
1.035340289771556899e+00
1.037653121724724681e+00
1.036621413752436549e+00
1.035890825465321630e+00
1.036306658387184054e+00
1.034884306788444563e+00
1.035832721740007401e+00
1.036244989559054419e+00
1.036136125028133348e+00
1.036184379830956459e+00
1.035740289837121964e+00
1.035286393016576767e+00
1.034146536514163106e+00
1.037101705744862601e+00
