1.946992610454559269e+02
7.908676364421845051e+01
3.526337522268295288e+01
2.343189773261547160e+01
1.676678288280963969e+01
1.283076702654361689e+01
9.646935525536537881e+00
7.984438572824001490e+00
6.725273486971855341e+00
6.170529302209615707e+00
5.493330000340938213e+00
5.027017736434936879e+00
4.713264523446559551e+00
4.422873813658952713e+00
4.118711388856172384e+00
3.576751023530960083e+00
3.502318117767572403e+00
3.514561961591243566e+00
3.169841184467077078e+00
3.179697062820196152e+00
2.857048804312944501e+00
2.795290257036685766e+00
2.709903649240732015e+00
2.670429493486881078e+00
2.521283433586359202e+00
2.408685313910245984e+00
2.356154101714492022e+00
2.227349553257226944e+00
2.167182233557105153e+00
2.045817184075713335e+00
2.085400398820638657e+00
1.932402294129133224e+00
1.879164236783981368e+00
1.773778644204139665e+00
1.742455951124429747e+00
1.720804754644632339e+00
1.584244628995656878e+00
1.586627024784684092e+00
1.492419997975230173e+00
1.435366302728652954e+00
1.379314129799604327e+00
1.337932145968079523e+00
1.308054105564951941e+00
1.252693108469247862e+00
1.217061531171202748e+00
1.162441131100058644e+00
1.131843563169240952e+00
1.096567706391215369e+00
1.052034183591604277e+00
1.031755464524030774e+00
9.920030154287815538e-01
9.548118716105818971e-01
9.209218915551901086e-01
9.126283267512917963e-01
8.760502316057682259e-01
8.490767112001776917e-01
8.328063540160656197e-01
8.206653336063027826e-01
7.990628136321902275e-01
7.753452194854617563e-01
7.603698505088687387e-01
7.504208814352750778e-01
7.315184757113456504e-01
7.105569891631603463e-01
6.997889099642634614e-01
6.969705257564783318e-01
6.765437031164764914e-01
6.733880545943975449e-01
6.594204209744930489e-01
6.747461441904306634e-01
6.490604829043149504e-01
6.417609604075551477e-01
6.356002682819962279e-01
6.259180495515466180e-01
6.290981948375702348e-01
6.385813264176249948e-01
6.253490833565592544e-01
6.131697641685605049e-01
6.071425838395952956e-01
6.177531030029058678e-01
6.095599867403507233e-01
6.068999782204628213e-01
6.106193074956536293e-01
6.105741376057267633e-01
6.134380634874105898e-01
5.884817585349082503e-01
5.844412796199321969e-01
6.047330349683761597e-01
5.816250573843717575e-01
5.837838025763630867e-01
5.753309797495603783e-01
5.775945713743567689e-01
5.802548261359333770e-01
5.787066984921693802e-01
5.746852722018956916e-01
5.774098088964819686e-01
5.790845014154910597e-01
5.783163286745548470e-01
5.836104342713952509e-01
5.854094471782446130e-01
5.761744722723960432e-01
5.896279182285070197e-01
5.674430260434746298e-01
5.779737571254373041e-01
5.713180935010313544e-01
5.659105148166417854e-01
5.737357875332236290e-01
5.696166740730405076e-01
5.708979314193129984e-01
5.813363235443830268e-01
5.691147359088063462e-01
5.624002691358327422e-01
5.785620251670480219e-01
5.653076075017452462e-01
5.633847115561365637e-01
5.614833753556013329e-01
5.673183104023337142e-01
5.710742760449647459e-01
5.629381643608212249e-01
5.614748759195208327e-01
5.698901956900954691e-01
5.708209397271275520e-01
5.652860367670655695e-01
5.684137322008609994e-01
5.761543888598680274e-01
5.600438753142953363e-01
5.622706711292266846e-01
5.745843794196844323e-01
5.605272434651851210e-01
5.610042382031679153e-01
5.601427823305129561e-01
5.629240717738867028e-01
5.665660288184881654e-01
5.617087056860328165e-01
5.614995671436190383e-01
5.967537432909011397e-01
5.587637595832347648e-01
5.578946344554424064e-01
5.657765384763479011e-01
5.690012885257601516e-01
5.673358019441365752e-01
5.634141046553849952e-01
5.668140048161148803e-01
5.619209848344326463e-01
5.780592612922191842e-01
5.607980644330382569e-01
5.631444521248341051e-01
5.581985509023070779e-01
5.858700402081012948e-01
5.596993135288357291e-01
5.641694877296685728e-01
5.574133945629000664e-01
5.598810343071818352e-01
5.631715230643749015e-01
5.575107665732502715e-01
5.636021960526704788e-01
5.656732074916362984e-01
5.625590082257986291e-01
5.612906286492943542e-01
5.615086287260055986e-01
5.597416173666716066e-01
5.587209107354282889e-01
5.604087308049201521e-01
5.579407598823309389e-01
5.628222409635782464e-01
5.649474689736961874e-01
5.563997492194175942e-01
5.603219209238886611e-01
5.600625561550259812e-01
5.572820076718926208e-01
5.603035882115363631e-01
5.575917823240160720e-01
5.573450420051813126e-01
5.581133816391229407e-01
5.588784351944923179e-01
5.569930944591761079e-01
5.719060549512505753e-01
5.658563505858182907e-01
5.576215881854296175e-01
5.682631056755781396e-01
5.576471241191029993e-01
5.671981265768408775e-01
5.593876797705888970e-01
5.593863004818558915e-01
5.574391292408108489e-01
5.584466565400362237e-01
5.575543483719229698e-01
5.579244079068302886e-01
5.621292920783161895e-01
5.664945442229509798e-01
5.670588482171297073e-01
5.616832455620169862e-01
5.619800115004182084e-01
5.572785323485731634e-01
5.564223863184452057e-01
5.758118201047182083e-01
5.584190284833312479e-01
5.568930659443139808e-01
5.598567591980099234e-01
5.569407325237989426e-01
5.582379804924130218e-01
5.598475581035018411e-01
5.588817495852709261e-01
5.581715712323784828e-01
5.575351495295762794e-01
5.583796625956892745e-01
5.599521502852440324e-01
5.574862813577056153e-01
5.575174463912844214e-01
5.619242940098047034e-01
5.576361959800124612e-01
5.579212022945284621e-01
5.581915894523262756e-01
5.574748111888766511e-01
5.586813636124133842e-01
5.575055360794067827e-01
5.580333223566412704e-01
5.592569071799516900e-01
5.595539031550288422e-01
5.577122556045651658e-01
5.589458337053656578e-01
5.581188669428229776e-01
5.609795538708567397e-01
5.582284664735197577e-01
5.707422804087400880e-01
5.587007742375135200e-01
5.726474568247794661e-01
5.586702575907110946e-01
5.583487382158637269e-01
5.567769302055239899e-01
5.706477308645844237e-01
5.614799911156296286e-01
5.571591285988688469e-01
5.606127662584186044e-01
5.574559861794113891e-01
5.567255208268762079e-01
5.582477210089564768e-01
5.583190016448498216e-01
5.580214675515889899e-01
5.609649652615189552e-01
5.602331660687923653e-01
5.617690231651067956e-01
5.571347817778586897e-01
5.578459693118930085e-01
5.587382564321160539e-01
5.586081989109515922e-01
5.570878637954592705e-01
5.571296723559499009e-01
5.575405813753604445e-01
5.600190611556172815e-01
5.575181273743510246e-01
5.572393074631690757e-01
5.579226782545447794e-01
5.692981531843542831e-01
5.569538960233331171e-01
5.565036287531256454e-01
5.592664349824190140e-01
5.567208908498286757e-01
5.572884012013673560e-01
5.584134493023157342e-01
5.673281205818057060e-01
5.558932768180966377e-01
5.595692779868841615e-01
5.578715519979595694e-01
5.575502375140786171e-01
5.569669347256421821e-01
5.686826746910810249e-01
5.569879794493317604e-01
5.572538739070296288e-01
5.563541755080223528e-01
5.603063676506281343e-01
5.611940747126936690e-01
5.576055955141783205e-01
5.628976920619607194e-01
5.577995948493480460e-01
5.574663158506154570e-01
5.613205660134553687e-01
5.578028010204434395e-01
5.586327657103538069e-01
5.569427387788892236e-01
5.559624986723065154e-01
5.575942197814584000e-01
5.582279115915298462e-01
5.587966529652476089e-01
5.695118026807903799e-01
5.627865845337509665e-01
5.565931929275393930e-01
5.591601263731718063e-01
5.586677808314561844e-01
5.592172645032406075e-01
5.563947401940823045e-01
5.581177884712815729e-01
5.570401817560195479e-01
5.625181300565600395e-01
5.566820994019507918e-01
5.580354642122984377e-01
5.679005948826670869e-01
5.572168750688433203e-01
5.575369944795965926e-01
5.575360298156738503e-01
5.595499647781252417e-01
5.583878044039011224e-01
5.600670007988810539e-01
5.584305955097079721e-01
5.591512689366936462e-01
5.581285296007990615e-01
5.580841181799769402e-01
5.618651255965232405e-01
5.575927069410682169e-01
5.614793600514531580e-01
5.578439703211188760e-01
5.591947622597217560e-01
5.587266998365520987e-01
5.591447625309229341e-01
5.588020334020257218e-01
5.612022917717695014e-01
5.587220417335629907e-01
5.569654876366257890e-01
5.592021834105252998e-01
5.582587355747818947e-01
5.599884027615189552e-01
5.597861764952540842e-01
5.578953968361020088e-01
5.603174230083822760e-01
5.631655408069491386e-01
5.582550525665282981e-01
5.651145560666919199e-01
5.609350502490997314e-01
5.578189825639128241e-01
5.580756494775414023e-01
5.588508667424321175e-01
5.575762296095490012e-01
5.584125122055411117e-01
5.587933475151658502e-01
5.592848580330610497e-01
5.604142660275102106e-01
5.593339389190077338e-01
5.583206817507744280e-01
5.605808055028319581e-01
5.585323369130492654e-01
5.600093320012092812e-01
5.588793560862541643e-01
5.570945415645838228e-01
5.573622232303023782e-01
5.583632307127117667e-01
5.599117500707506689e-01
5.586526669561863168e-01
5.586098453029990640e-01
5.594345236197113547e-01
5.586874967440962347e-01
5.585372803732753244e-01
5.577564431354403718e-01
5.629979450255632178e-01
5.601006384938955751e-01
5.581250596791506036e-01
5.583719085901975854e-01
5.596291651949286683e-01
5.608008986338972601e-01
5.582830810919403586e-01
5.588758120313286337e-01
5.589519131928681883e-01
5.593497930094599724e-01
5.604463681578636391e-01
5.598005179315805879e-01
5.585722086951137033e-01
5.588014284148812294e-01
5.627531658858060393e-01
5.578676704317331314e-01
5.620141290128231049e-01
5.647241394966840966e-01
5.585564181208610979e-01
5.573732446879148261e-01
5.587838670238852723e-01
5.598673555999994500e-01
5.605879811570048110e-01
5.591041171923279984e-01
5.603940710425376892e-01
5.578789323568343894e-01
5.591012537479400635e-01
5.589281702414155006e-01
5.596470665186643600e-01
5.599736960604786429e-01
5.630166264250874297e-01
5.583661425858735816e-01
5.586717223748565164e-01
5.600540088489651680e-01
5.591476324945687804e-01
5.574679300189018250e-01
5.590819865465164185e-01
5.590879885479808076e-01
5.574822094291448371e-01
5.582994323223828825e-01
5.583146963268518226e-01
5.613702708855271561e-01
5.588782060891389625e-01
5.594155415892601013e-01
5.591616446152329889e-01
5.583192996680736986e-01
5.579826891422271506e-01
5.581293426454067008e-01
5.588783677667379379e-01
5.588271863758563773e-01
5.591331046074629052e-01
5.591453187167644279e-01
5.582785055041312727e-01
5.592058410868048224e-01
5.626599153503775153e-01
5.585708569735288176e-01
5.578332502394914849e-01
5.665318118408322334e-01
5.578344004228711350e-01
5.588700050488114579e-01
5.586221355944871458e-01
5.582872500643134561e-01
5.583842474967241065e-01
5.603416258469223754e-01
5.582332821562886460e-01
5.602845789864658865e-01
5.590514935553073661e-01
5.587760997936129792e-01
5.577626490965486017e-01
5.601869013160467592e-01
5.580164110288023949e-01
5.590711340308189836e-01
5.582149876281619072e-01
5.591431505978107230e-01
5.591468298807740211e-01
5.589622961357235686e-01
5.577700879424810632e-01
5.592987990006804688e-01
5.599632263183593750e-01
5.586824662983417289e-01
5.595307184383273569e-01
5.589313860982656479e-01
5.589210404083132522e-01
5.585120448842644247e-01
5.581925906240939872e-01
5.578481463715434518e-01
5.588548911735415903e-01
5.597116459161043389e-01
5.586926130577921645e-01
5.611389046534895897e-01
5.585626833140849845e-01
5.592461321502923965e-01
5.587404906749725564e-01
5.630521509796381219e-01
5.592269618064165115e-01
5.576784787699580193e-01
5.582442479208111763e-01
5.581267008557915243e-01
5.571670360863208993e-01
5.590596422553062439e-01
5.586408650502562301e-01
5.591093013063073158e-01
5.586551666259765847e-01
5.587017277255654779e-01
5.598821029067039268e-01
5.580847367644310442e-01
5.584804793819785340e-01
5.583586005493998972e-01
5.601765226572752443e-01
5.588240535929799302e-01
5.654506703838706461e-01
5.576419137418270333e-01
5.610859883949160798e-01
5.595014719292521477e-01
5.577939370647072570e-01
5.593669099733233896e-01
5.585793798789382425e-01
5.595745766535401566e-01
5.585727183148264663e-01
5.582563610747456329e-01
5.575823694467544334e-01
5.595605773851275444e-01
5.586661221459507942e-01
5.582187877967953460e-01
5.586442122235893981e-01
5.594606751576065573e-01
5.573293197900056617e-01
5.578802332282066789e-01
5.586164027452469316e-01
5.578048968687653320e-01
5.595638340339064154e-01
5.582535238936543465e-01
5.581077829003333601e-01
5.587031992152333704e-01
5.610169172286987305e-01
5.591355470940471140e-01
5.595561794936656508e-01
5.584323698654770629e-01
5.592167902737855689e-01
5.573770191520452943e-01
5.582673871889710648e-01
5.586507098749280420e-01
5.601718744263053384e-01
5.586820626631379128e-01
5.589070441201329231e-01
5.587204027920961158e-01
5.584499871358274969e-01
5.584615511819720490e-01
5.589396307244897111e-01
5.588369766250252946e-01
5.591559184715151343e-01
5.575388168916106668e-01
5.584699377417564614e-01
5.597583705559372458e-01
5.578229699283838716e-01
5.583347752690315247e-01
5.594516357406973395e-01
5.582611687481403573e-01
5.580171510577202065e-01
5.592127997428179009e-01
5.666822697967290878e-01
5.589603124186396377e-01
5.595789847895502600e-01
5.578851094469428062e-01
5.580428389832376990e-01
5.648026866838335991e-01
5.592815592885017617e-01
5.588271202519535796e-01
5.590536240488290787e-01
5.608738996088504791e-01
5.579576512798667398e-01
5.628247477114201036e-01
5.599775725975633112e-01
5.584931299090385437e-01
5.590139970183372053e-01
5.589769456535578218e-01
5.581595866009593232e-01
5.583262922242283599e-01
5.583085920661687851e-01
5.633073227480054346e-01
5.587973084300756899e-01
5.570621158927678840e-01
5.590420084074139151e-01
5.598828636109829393e-01
5.618527801707386971e-01
5.593781521543860213e-01
5.586372965946793112e-01
5.579042546451091766e-01
5.583190757781266722e-01
5.588901860639452490e-01
5.581549352034926859e-01
5.582589067518710646e-01
5.614282753318547980e-01
5.589719090610743013e-01
5.580325467512011750e-01
5.592047730460762978e-01
5.608755549415945785e-01
5.584363950416445510e-01
5.587503015995025635e-01
5.626038627699017081e-01
5.590391675010323302e-01
5.593302177265286890e-01
5.575129814445972665e-01
5.598107567057013512e-01
5.606626396998762862e-01
5.579449625685810599e-01
5.605833902955055237e-01
5.590250458568334357e-01
5.600176796317100081e-01
5.581431224942207114e-01
5.586518688127398713e-01
5.585413705557584763e-01
5.587470984086394532e-01
5.579334160313009772e-01
5.606278467923402342e-01
5.594906412065029366e-01
5.603314938023686853e-01
5.585372818633913550e-01
5.583251871168612990e-01
5.579266862943768057e-01
5.595874307677149995e-01
5.580155855044722779e-01
5.579594081267714722e-01
5.582952801138162391e-01
5.591755729168653710e-01
5.585725393146276918e-01
5.611609237268566641e-01
5.584130549803376642e-01
5.589892566204071045e-01
5.585598370060325113e-01
5.585006607696414438e-01
5.571315573528409226e-01
5.589367778971791045e-01
5.589444000273943169e-01
5.588955204933881982e-01
5.583438241854310480e-01
5.615190044045448303e-01
5.602517878636718018e-01
5.575725078582763894e-01
5.576834229752420935e-01
5.619099790230392966e-01
5.596465865150094254e-01
5.587611867114901099e-01
5.572452852502465248e-01
5.605056442320346388e-01
5.580668436363339646e-01
5.594883307814597639e-01
5.704420596361160500e-01
