3.401186635017394906e+02
1.759334912061691227e+02
9.418358488082886026e+01
5.642475042343139791e+01
3.472011387944221639e+01
2.320910243988037180e+01
1.645627909153699875e+01
1.299736754298210073e+01
9.930317559838295338e+00
8.519256148487329483e+00
7.569591765105724512e+00
7.049904558807611465e+00
6.141391146183013738e+00
5.432534845918416622e+00
5.135046829283237635e+00
5.027370655536651967e+00
4.485435491055250523e+00
4.234549129009247181e+00
3.931233956664800466e+00
3.807565741240978241e+00
3.599975729733705609e+00
3.356156321614980786e+00
3.197603314369916738e+00
2.984111633151769638e+00
3.002807466685772031e+00
2.893831102922558962e+00
2.720420914515853106e+00
2.579899078980088412e+00
2.550213639810681165e+00
2.346513103693723679e+00
2.207845895364880739e+00
2.207387834787368774e+00
2.082180717214941801e+00
1.942648216336965605e+00
1.958943600207567304e+00
1.901609279587864965e+00
1.800538949295878322e+00
1.618637743219733194e+00
1.580451143905520439e+00
1.551234448328614235e+00
1.448627449572086334e+00
1.429605380818247840e+00
1.313205025717615992e+00
1.258447542414069087e+00
1.189072551950812295e+00
1.185169657692313194e+00
1.141675671935081571e+00
1.043695651553571135e+00
1.011475767381489366e+00
9.954477986320853233e-01
9.781395308673381805e-01
9.393488423898815887e-01
8.960732819512486902e-01
8.863041914999485460e-01
8.416821287944913355e-01
8.306762915104627387e-01
8.366651233285665734e-01
7.989392857998609543e-01
7.908840209245682207e-01
7.545368265360593574e-01
7.533850725740194321e-01
7.429020352661609428e-01
7.282679872587323189e-01
7.151474507525563684e-01
7.201846431940793769e-01
7.231287455186248270e-01
7.000048339366913286e-01
7.010202813893556817e-01
6.699312049895524979e-01
6.609947212040424569e-01
6.511760795488953368e-01
6.665340358391403930e-01
6.748475003987550735e-01
6.479914523661136627e-01
6.471793297678232193e-01
6.319148056209087372e-01
6.079944217577576415e-01
6.298397252336144225e-01
5.974020995199680328e-01
5.831158651039004548e-01
6.350086823105811629e-01
6.366473067551851051e-01
6.570982368662953155e-01
5.684463651850819588e-01
5.776663985103368537e-01
5.859464535489677939e-01
5.686331294476986153e-01
5.876672320067882760e-01
5.637909831479192002e-01
6.155110536143183486e-01
5.914933310821652857e-01
5.901666827499866264e-01
5.715204630047082679e-01
5.671724688261747804e-01
5.778317561373114142e-01
5.606625698506831901e-01
5.736447041854262352e-01
5.504302442073821799e-01
5.763904573395848274e-01
5.841337094083428605e-01
5.629764419049024804e-01
5.574481589719653130e-01
5.524091918021440950e-01
5.705844711512326750e-01
5.730123084038496462e-01
5.445871230214833769e-01
5.792801901698112488e-01
5.620917525142431481e-01
5.490560242906212807e-01
5.703257123008370622e-01
5.837440675124525580e-01
5.583643676713109238e-01
5.720793038606644121e-01
5.590550599619745764e-01
5.828798241913318856e-01
5.402323750779032263e-01
5.458935897797345671e-01
5.540766116231680138e-01
5.494145162403583083e-01
5.549684405326843484e-01
5.463342927396297455e-01
5.645134460180998293e-01
5.845245532691478729e-01
5.377071104943752511e-01
5.786313019692898019e-01
5.492922350764274375e-01
5.614604875445365906e-01
5.605514127761125343e-01
5.399249650537967238e-01
5.679806279018521087e-01
5.407862180843949762e-01
5.342891579493880272e-01
5.368048727512360063e-01
5.817759096622466819e-01
5.614067986607551575e-01
5.700241478160024133e-01
5.452887564897537231e-01
5.607021462172270265e-01
5.494960539042950121e-01
5.429805750027298927e-01
5.388023940846323745e-01
5.966351857408881409e-01
5.594891019165515456e-01
5.754230823367834091e-01
5.436307717114686744e-01
5.343051997944712195e-01
5.580877810716629028e-01
5.591457836329937203e-01
5.448746724054217561e-01
5.805955821648239867e-01
5.460309483110904472e-01
5.794315805658698526e-01
5.434233473613858667e-01
5.374790683388710466e-01
5.363755652680992636e-01
5.663410117849707603e-01
5.444850742816924605e-01
5.437653435394167456e-01
5.654693622142076270e-01
5.575591836124658141e-01
5.491189761087298393e-01
5.528616057708859444e-01
5.400237919762730376e-01
5.454765910282730612e-01
5.482005789875984414e-01
5.576186124235391617e-01
5.492647688835858855e-01
5.468926558271050009e-01
5.389526756480336189e-01
5.580130903050303237e-01
5.440617080777883086e-01
5.370421355590224710e-01
5.417073594406247583e-01
5.540298104286194292e-01
5.486507819965481536e-01
5.401049623265862243e-01
5.377917751669883950e-01
5.391541829332708868e-01
5.449131414294242637e-01
5.466041827574372736e-01
5.406856751069426537e-01
5.432869350537657960e-01
5.507350003346800360e-01
5.403663145378232446e-01
5.449878273531794104e-01
5.628277145326137099e-01
5.607725884765386581e-01
5.284144734963774903e-01
5.412500556558370590e-01
5.664820021018386331e-01
5.430246474221348540e-01
5.396057857200503571e-01
5.377902586013079134e-01
5.551487350836395995e-01
5.346852310001850572e-01
5.448767453432082908e-01
5.563659546896815300e-01
5.474603788927197012e-01
5.702624507248401642e-01
5.267172094434500185e-01
5.412457481026649031e-01
5.294213348999619040e-01
5.698948320001363532e-01
5.599342467263340728e-01
5.330267390236258507e-01
5.347179844975471497e-01
5.433625577017664465e-01
5.478126572445034537e-01
5.429760359227657762e-01
5.490766923874617067e-01
5.470913341268897057e-01
5.372397398576140848e-01
5.446941588073969109e-01
5.405985530465841071e-01
5.541867846623063087e-01
5.555932981893419997e-01
5.336191449314355850e-01
5.534915998578071594e-01
5.373182352632284164e-01
5.433975178748369217e-01
5.428641561418772188e-01
5.347738791257142799e-01
5.669491160660982132e-01
5.317104877904057503e-01
5.492234436795115915e-01
5.813981031998991522e-01
5.456520378589629905e-01
5.437991673126816305e-01
5.588339794427156226e-01
5.434664838016033395e-01
5.340615145862102064e-01
5.496115088462829590e-01
5.321066478267312272e-01
5.365286732092500177e-01
5.633566213771701303e-01
5.507170438766479936e-01
5.371181713417172432e-01
5.364786650985479133e-01
5.378183906897902045e-01
5.523040426895022836e-01
5.499711195006966591e-01
5.512214753776788490e-01
5.358537303283810171e-01
5.389601880684494750e-01
5.741810318082570808e-01
5.549330377951264825e-01
5.279219483956694159e-01
5.399748543277382851e-01
5.539903428405523744e-01
5.289383096620440261e-01
5.246024355292320251e-01
5.587227020412683931e-01
5.417187456041574478e-01
5.391501286998391373e-01
5.375482562929392305e-01
5.576050799340009911e-01
5.320708392187952773e-01
5.312681447714566740e-01
5.420788718387484773e-01
5.513981152325868607e-01
5.392199110239743742e-01
5.469790188595652358e-01
5.471626261249185053e-01
5.424607431516050848e-01
5.532179271802306619e-01
5.496590202674269676e-01
5.462922122329473273e-01
5.451416129246353659e-01
5.431837299838662148e-01
5.345568105578422102e-01
5.381735071539879289e-01
5.458278616890310797e-01
5.430354112759232521e-01
5.366426974534987959e-01
5.439403168857097626e-01
5.474368307739496675e-01
5.449595803394913229e-01
5.364966955035924689e-01
5.460745008662343247e-01
5.514295371249318123e-01
5.491239134222268836e-01
5.553739482536912409e-01
5.332223527133465035e-01
5.381906285881996599e-01
5.562333509325980696e-01
5.316364875063299689e-01
5.431368388235569000e-01
5.363762203603983370e-01
5.572096696123480797e-01
5.495059711858629736e-01
5.341883540153503640e-01
5.464641097933053970e-01
5.450625767931341903e-01
5.421939166262745857e-01
5.356444405391812547e-01
5.737522967159748299e-01
5.467784246429800987e-01
5.391713397577404532e-01
5.351490108296275139e-01
5.427971811965107696e-01
5.472386693581938744e-01
5.594657048583030479e-01
5.311886791139841524e-01
5.467008756473660247e-01
5.319895887747406737e-01
5.448320085182786210e-01
5.497936077415943590e-01
5.357749627903103384e-01
5.351727027446031570e-01
5.520232325419783814e-01
5.357993863523006217e-01
5.575384480878711191e-01
5.354227801784873231e-01
5.316984331235289352e-01
5.428787035867571609e-01
5.453757319599390474e-01
5.481658497825264709e-01
5.500938953831792100e-01
5.365211401134729607e-01
5.412179967388510704e-01
5.470458954572677834e-01
5.395538505166769250e-01
5.506868841126560943e-01
5.351635448634624037e-01
5.427359053865075111e-01
5.445257863029837608e-01
5.522284235805272612e-01
5.445207279175520165e-01
5.511882791295648065e-01
5.403240799903870073e-01
5.395426087081431898e-01
5.410566277801990287e-01
5.453968901187181695e-01
6.025292500853538513e-01
5.487987088039517625e-01
5.257615027949213982e-01
5.389552023261785507e-01
5.317383825778960738e-01
5.638953734189271483e-01
5.345484627410769241e-01
5.493249192833900008e-01
5.457424957305192503e-01
5.406904179602861626e-01
5.411207953467964682e-01
5.298965455964207427e-01
5.382794683799148050e-01
5.530356209725141303e-01
5.417994894087314606e-01
5.378790615126490815e-01
5.394662203267216460e-01
5.631483482196927293e-01
5.480871757492422613e-01
5.322983389720320480e-01
5.491625340655446053e-01
5.427669454365968704e-01
5.444879377260803954e-01
5.352663587778806464e-01
5.457354240119457467e-01
5.442526370286941972e-01
5.405213817954063193e-01
5.381948260590434518e-01
5.495273401960730775e-01
5.318165425211190955e-01
5.422107426449656042e-01
5.486000813543796539e-01
5.347571972757577674e-01
5.543210318312048468e-01
5.515099236741661803e-01
5.337320396676659140e-01
5.370264215394854324e-01
5.474664466455578804e-01
5.583760475739836249e-01
5.476807396858930366e-01
5.551233489066362825e-01
5.295690553262829559e-01
5.443556440994143930e-01
5.294290238991379294e-01
5.297156363725662453e-01
5.899595106020569801e-01
5.433142894878983942e-01
5.397018548101186752e-01
5.435732346028089301e-01
5.303567454218864885e-01
5.392827201634645684e-01
5.379367712885141373e-01
5.390013216063380685e-01
5.548074325546622498e-01
5.410471130162477493e-01
5.333992220461368783e-01
5.405572282150388208e-01
5.542583024129271729e-01
5.412713158875703812e-01
5.565697481855750306e-01
5.341068008914590104e-01
5.374066781252622160e-01
5.475017374381423441e-01
5.390901220962405205e-01
5.415053356438874754e-01
5.499350307509303093e-01
5.344789532944560495e-01
5.452025301754475084e-01
5.414547421038150565e-01
5.377458633854985681e-01
5.565996479243040529e-01
5.470178626477718575e-01
5.371125506237148794e-01
5.350676592439412849e-01
5.594695940613746421e-01
5.487707884982228057e-01
5.435250077396631685e-01
5.338126311078668085e-01
5.427286675199866073e-01
5.539461292326450792e-01
5.414401333779096381e-01
5.339828308671712431e-01
5.353347593918442726e-01
5.527621792629361375e-01
5.381007568910718408e-01
5.348992511630058511e-01
5.312052864581346956e-01
5.446216771379113197e-01
5.470232298597693665e-01
5.427740851417184320e-01
5.406795032322406769e-01
5.481582252308726533e-01
5.396154433488845603e-01
5.581462807953357919e-01
5.387290375307202117e-01
5.470249613747000250e-01
5.592190179973840491e-01
5.296198802068829981e-01
5.451862562447786775e-01
5.388688538223505020e-01
5.391982680186628851e-01
5.447113772854208502e-01
5.356120701879263368e-01
5.523159395903348701e-01
5.344545861706138101e-01
5.435443978756666628e-01
5.444583110511302948e-01
5.453726377338170561e-01
5.318921523168682608e-01
5.410026568919420464e-01
5.589653126895427482e-01
5.369257947430015054e-01
5.416115665808319823e-01
5.416871411725878716e-01
5.616775004193186316e-01
5.352090278640388998e-01
5.355806704610586166e-01
5.419805558398366196e-01
5.457075720652937445e-01
5.389922544360160606e-01
5.262070275843143685e-01
5.428836632519959959e-01
5.392170581966638787e-01
5.426164165139197859e-01
5.813896253705024275e-01
5.504448926076292992e-01
5.456351047381758912e-01
5.322256501764058845e-01
5.461736641824245231e-01
5.257757071405648741e-01
5.892092322930693182e-01
5.423373369500040786e-01
5.414320778101682219e-01
5.284195594489574654e-01
5.447677845135331376e-01
5.391279146075248496e-01
5.458577210083603859e-01
5.286707060411572900e-01
5.474439093843102011e-01
5.399355852976441827e-01
5.326130311936140282e-01
5.490690391510725243e-01
5.540016816928983179e-01
5.472778549417853799e-01
5.415034513920545800e-01
5.389830062165856805e-01
5.540928933769464493e-01
5.635842867195606232e-01
5.431920798495412095e-01
5.395665857940912247e-01
5.322449998930096626e-01
5.648129699751734956e-01
5.321604384109377417e-01
5.442539347335696442e-01
5.384270804002880828e-01
5.521067127585410628e-01
5.483762349933385405e-01
5.414643744006752968e-01
5.359397782012820244e-01
5.407752491533756034e-01
5.469527704641222732e-01
5.308539394289255586e-01
5.431638391688465850e-01
5.367348778992890868e-01
5.495648225769400597e-01
5.389685491099953651e-01
5.413689184933900833e-01
5.394936976954340935e-01
5.532101212069392426e-01
5.424168985337018967e-01
5.550851432606578317e-01
5.588780935853719933e-01
5.297522621229291406e-01
5.398514745756983757e-01
5.475290717557073084e-01
5.487992240115999731e-01
5.383007263764738592e-01
5.367330316454171912e-01
5.415844563394784927e-01
5.350251331925391929e-01
5.573059666901827303e-01
5.578166170045733008e-01
5.321735257282853571e-01
5.374222029000520484e-01
5.462325278669595274e-01
5.359187755733728631e-01
5.415777904912829621e-01
5.356686865910887940e-01
5.492638271301985009e-01
5.576629841700195822e-01
5.370361585170030372e-01
5.554924204945563826e-01
5.370379326865076797e-01
5.359071370214223418e-01
5.473816810175776704e-01
5.652274657040834427e-01
5.424214551225304826e-01
5.374987101182341354e-01
5.319329084828495757e-01
5.425396500155329482e-01
5.507114112377167192e-01
5.420911733061075655e-01
5.462366098538040671e-01
5.426073221489786658e-01
5.535028493031859398e-01
5.383573343977332559e-01
5.406373776495456696e-01
5.437198841944337335e-01
5.399798916652798209e-01
5.406237335875629935e-01
5.650157028809189574e-01
5.462287787348032442e-01
5.397730631753802077e-01
5.322038955986500008e-01
5.321822252124548402e-01
5.379768926650285721e-01
5.393827488645911439e-01
5.407249756157398446e-01
5.606508091092109458e-01
5.285904215648770110e-01
5.411229370161890762e-01
5.497472938150167465e-01
5.424302861094474348e-01
5.419914947822690454e-01
5.324204446747898833e-01
5.439952207729220612e-01
5.468106480315327866e-01
5.451402680948376211e-01
5.305518204346298949e-01
5.391596240922809091e-01
5.663138378411531892e-01
5.459557682275771873e-01
5.342499000951648203e-01
5.353596013039350066e-01
5.431965375319123268e-01
5.498929394409060034e-01
5.425426978617906570e-01
5.511558415368199570e-01
5.414942247793078645e-01
5.337933739647269249e-01
5.350221099331975427e-01
5.662713276222348657e-01
5.958921032026409659e-01
5.424305191263556480e-01
5.325082225725055185e-01
5.334148861467837843e-01
5.360813744366168532e-01
5.365704219788313134e-01
5.346627993509173171e-01
5.760312370955944505e-01
5.369814978912472725e-01
5.437588194385171159e-01
5.435593497008085473e-01
5.485280981287360413e-01
5.355707740411161932e-01
5.419674245640635490e-01
5.366920335218310356e-01
5.365131385624408722e-01
5.498211106285453287e-01
5.539425514638424142e-01
5.458787653595209566e-01
5.279847040772438493e-01
5.387054225429892540e-01
5.484616421163082123e-01
5.439845619723200354e-01
5.316964333876967874e-01
5.398085925728082213e-01
