3.564338275339195980e-05
3.653398400729202102e-05
3.661330459578948513e-05
3.737730931447913192e-05
3.724155126292316573e-05
3.699386673190474268e-05
3.789492244550274065e-05
3.792714909138794881e-05
3.835476995277531658e-05
3.828378065122706446e-05
3.885251521467125984e-05
3.917430914839315208e-05
3.955130714530241811e-05
3.987005970884638373e-05
4.011655975659778322e-05
4.074657492481037480e-05
4.086883716070133232e-05
4.083917765171918155e-05
4.167605441978139696e-05
4.220661927263335840e-05
4.285792610119188155e-05
4.336282735835083897e-05
4.351787386269734270e-05
4.371100923492576704e-05
4.443629399588644582e-05
4.479728591775255928e-05
4.509449948955080025e-05
4.532352251942484280e-05
4.593540233202020453e-05
4.789037386103700826e-05
4.760935549370514947e-05
4.818932834496081477e-05
4.885742881697296844e-05
4.987235617477381040e-05
5.077779106557045588e-05
5.132656301043425628e-05
5.217496465661497631e-05
5.325140947434192775e-05
5.474317324853928129e-05
5.587959798276642416e-05
5.686136022973187074e-05
5.822254440488450065e-05
5.946563316001629302e-05
6.054359180325263607e-05
6.169824663970757683e-05
6.532193635280236234e-05
6.647567442428226601e-05
6.729436141768019026e-05
6.944295962512115055e-05
7.077871878777842172e-05
7.106646983743303823e-05
7.358565706567787585e-05
7.540438846262987314e-05
7.789019943515995692e-05
7.833744826371002458e-05
7.958231544193949416e-05
8.108486120477209895e-05
8.194496416535912431e-05
8.322024052063171072e-05
8.541917682123312803e-05
8.985307986790758421e-05
8.967826165644510455e-05
8.995541415401930863e-05
9.073873424654266002e-05
9.210732090423335281e-05
9.431097164451785191e-05
9.445181521527956647e-05
9.680646577407970015e-05
9.690333308753906749e-05
9.721419522747964405e-05
9.876382937932249293e-05
9.808508793867077018e-05
9.871147818785175332e-05
9.802139010730570048e-05
9.873449263295697707e-05
9.852591821299939144e-05
9.890509037973061184e-05
9.865457500950469965e-05
9.756950031487576509e-05
9.562329790355761903e-05
9.990131258064138819e-05
9.826087627970992431e-05
9.880825512027513198e-05
9.871492732145270294e-05
9.850549085399507021e-05
9.870955560700167010e-05
9.673153128346712309e-05
9.960378030768879940e-05
9.820832989930750317e-05
9.975561478654526310e-05
1.006810044373196460e-04
9.818420032843277751e-05
9.941575517586897788e-05
9.837712548232957488e-05
9.949734901510964575e-05
9.853442363123576526e-05
9.908344302402837824e-05
9.934503798945116247e-05
1.001740817628160612e-04
1.014023506286321154e-04
1.017214107719155436e-04
9.710359358336973488e-05
1.006357363678489546e-04
9.856602927129642379e-05
9.854124405137554819e-05
9.970940931793847452e-05
9.882008686759035667e-05
9.874282652617693840e-05
9.856940489498811347e-05
1.000552240611796205e-04
9.745438897539316074e-05
9.944439742071153887e-05
9.857521097274002115e-05
1.010417885993319915e-04
9.976981406225604045e-05
1.008500674856804808e-04
9.946799556814767129e-05
1.000800392830569817e-04
1.007182916225701747e-04
9.943257666691351373e-05
1.002909322210143755e-04
1.004237289748743987e-04
9.950220186283331714e-05
9.793761549872214713e-05
9.843450024504818430e-05
9.905047398888200676e-05
1.000159411262302483e-04
9.986392474274907998e-05
9.834847458023432409e-05
9.992707292099112508e-05
9.975244739166556061e-05
9.985695725163168119e-05
9.917976020688002423e-05
9.914955778071999064e-05
1.000975148713223489e-04
1.000069954841364934e-04
9.982764705114277333e-05
9.898957344489645038e-05
1.011826699084394932e-04
9.879949827222845031e-05
1.001399400990976601e-04
9.833047134861771794e-05
1.001300164432450456e-04
1.009226096357451725e-04
9.910494988503159859e-05
9.909956611977576726e-05
1.003820601852112277e-04
9.894949258750784251e-05
9.996171930310992777e-05
9.799401132681850868e-05
9.855593990550914354e-05
9.995510558837849570e-05
9.929006683933039583e-05
9.814933957841276424e-05
9.924586045144679063e-05
1.000009882602625967e-04
1.008129646379529677e-04
9.895196839124765207e-05
9.808103385466893087e-05
9.976894421583892294e-05
9.802599210502193911e-05
9.982675400692642414e-05
9.931568799288470202e-05
9.977267978911186219e-05
1.006930310950338080e-04
9.948795496939055738e-05
9.812489872729202034e-05
1.005582369543844807e-04
9.716889923083726899e-05
9.745813230210842448e-05
9.902704367732439734e-05
9.656775882831425677e-05
9.812205096295655861e-05
1.001260720272512117e-04
9.975259868610919511e-05
9.941076123141102104e-05
9.887990722177165113e-05
9.936142237165768165e-05
9.858671757001502556e-05
9.744120706614011764e-05
9.844285843314537216e-05
9.888193370670706188e-05
9.999962186384437062e-05
9.885488408940545652e-05
9.930074702992896531e-05
9.920271278360815446e-05
9.972950316523565290e-05
9.985427376477674075e-05
9.998860700761724458e-05
1.002285221488818880e-04
9.983675507783119061e-05
9.859626284764999311e-05
9.938446989394833237e-05
9.905972668775576127e-05
9.828364001123191245e-05
9.925091950435671606e-05
9.893990720684086866e-05
9.870692660456370775e-05
1.024211730396018538e-04
9.733627076116135326e-05
9.986975956053357182e-05
9.819912345960801487e-05
9.882541836532254549e-05
1.018225269945105592e-04
9.952945994200490803e-05
1.000233596641919576e-04
9.900597257228582748e-05
1.009536336482597108e-04
9.922709833745101972e-05
1.004016316528577617e-04
9.810601489448344550e-05
9.925781583319803758e-05
1.001992116073324669e-04
9.774888144988835305e-05
9.884666476978054561e-05
9.911113091334299865e-05
9.724706943075034631e-05
9.990860616539975494e-05
1.007433402662627513e-04
1.004201571674911975e-04
9.926516264613383100e-05
9.788287936771667406e-05
9.872885368054085662e-05
9.723353882691298806e-05
9.994015283609769540e-05
9.909384617685645664e-05
9.960907572121868454e-05
9.952972612836674671e-05
9.980688199107135006e-05
9.968782309215385156e-05
9.887241905630617383e-05
9.772780617822718341e-05
9.786741532593623018e-05
9.976950680083973837e-05
9.976713840842421632e-05
9.906234404297720717e-05
9.811463122559871679e-05
9.941072569290554655e-05
9.968952451799850678e-05
9.819201411005451248e-05
9.891682182683325664e-05
9.766776144033428593e-05
9.967411603497566288e-05
9.936207705436572453e-05
9.842256018259832033e-05
9.862461009788603948e-05
9.795031053272396093e-05
9.891371054209230622e-05
9.895283936316446032e-05
9.771475808975082513e-05
9.745156739313643444e-05
9.751111104492338742e-05
9.814435982207214964e-05
9.935545869552698237e-05
9.947724876724350906e-05
9.801687866115572066e-05
9.867712735740496739e-05
9.911889846421217682e-05
9.824757649994353686e-05
9.844651651746971766e-05
9.770927363206283189e-05
9.949069664685338834e-05
9.941048500650140340e-05
1.000782296841862208e-04
9.879522920073214296e-05
9.968097454020608255e-05
9.945757399805188199e-05
9.890290913290300252e-05
9.866523000710004086e-05
9.846704313645204278e-05
9.861391968115639796e-05
9.964057902038803421e-05
9.814436864417075954e-05
9.792661121537094276e-05
9.900064264343200735e-05
9.692193244177360340e-05
9.911416950103557610e-05
1.004442550311068717e-04
9.902460524813250231e-05
9.824234204529602992e-05
1.007386268156551496e-04
9.790359787302805033e-05
9.756276388088736256e-05
9.678363694547442990e-05
9.796873404184225094e-05
9.855425001887851706e-05
1.001397806078330231e-04
9.978055345527536701e-05
9.937951265897027313e-05
9.997799473353552728e-05
9.921492093099005248e-05
9.907270850817440078e-05
9.943843458017908601e-05
9.895135464148552544e-05
9.812328167981831397e-05
9.766743840486924997e-05
9.869656224736900185e-05
9.835787296879061885e-05
9.883126382419505078e-05
9.744371865281210008e-05
1.002871128036986165e-04
9.929721824732950521e-05
9.913428884829045002e-05
9.796363185614609663e-05
9.854899622609991096e-05
9.914454116710658127e-05
1.000337620325808584e-04
9.856074610752330316e-05
9.807251857409937114e-05
9.916724320646608248e-05
9.860515455670793559e-05
9.936673834545217145e-05
1.001119185843890591e-04
9.869349813698135589e-05
9.881544553422827990e-05
9.810173780806507877e-05
9.959405302879531248e-05
9.885572976600087171e-05
9.892403763842594886e-05
9.829403855974306312e-05
1.005470480379244664e-04
1.000423607536049558e-04
9.979671963833425252e-05
9.820839360941135965e-05
9.733318526627954270e-05
9.819186096819976499e-05
9.669788848896133091e-05
9.932295175190120333e-05
9.931370661888649378e-05
9.789760890157594444e-05
9.928048141887302607e-05
9.819663010830481382e-05
9.900480386022536279e-05
9.939691822751229027e-05
9.871526704046118810e-05
9.886749094789593073e-05
9.829947408093175367e-05
9.791189056045368759e-05
9.914707818552415391e-05
9.819750586075315639e-05
1.003180552800131355e-04
9.895243410369402865e-05
9.908430210998630811e-05
9.753877143339195212e-05
9.972239046192043772e-05
1.000694899175869068e-04
9.880848759280524973e-05
9.843311483450633572e-05
1.010607376031202902e-04
9.858448934210172778e-05
9.950464913686119504e-05
9.936353209241132758e-05
9.710367487514304230e-05
9.952489789384344205e-05
9.921795536911303954e-05
9.778421234614142761e-05
9.867635670843811200e-05
1.003197000216005135e-04
9.982033143387524800e-05
9.986808607322927313e-05
9.847569892258433994e-05
9.948422432444203607e-05
9.734684430213746693e-05
9.793892542688808502e-05
9.863935424050395708e-05
9.918648966049659337e-05
9.880358011855605311e-05
9.920591230070386333e-05
9.808552241565848275e-05
9.897817971591394413e-05
9.726684639872473510e-05
9.788013400111595362e-05
9.838415045919646489e-05
9.895518396660918912e-05
9.884567195399540922e-05
9.809838764454070228e-05
9.859631043127592962e-05
9.739902238266040242e-05
9.973260607694100783e-05
9.924643968588498226e-05
9.863092864748068678e-05
9.806012411672782036e-05
9.687314111488376782e-05
9.892301764580224699e-05
9.694511019802121426e-05
9.947539926429272144e-05
9.886413155300033937e-05
9.853107459321109305e-05
9.821491403840809111e-05
9.971713337790788772e-05
9.850469700722896960e-05
9.986245834170404123e-05
9.815598540967585266e-05
9.768660123086193013e-05
9.725862495315595337e-05
9.877789050278806555e-05
9.899976026872536750e-05
9.656973261940038356e-05
9.988498985080696002e-05
9.805728979586091922e-05
9.877257254515825209e-05
9.846563411315400755e-05
1.001832637996358217e-04
9.976338586739074712e-05
9.765353239572504846e-05
9.966776567011947647e-05
9.853769187202487685e-05
1.001881939089344114e-04
9.883561058927625438e-05
9.800063568832229066e-05
9.893493497656891665e-05
9.950083666012687358e-05
9.695785093981612861e-05
9.964518202423277584e-05
9.706417308734671949e-05
9.857616963699910868e-05
9.957989572626502737e-05
9.820736967753873343e-05
9.821227602060388930e-05
9.806199709601059751e-05
9.879198028102109403e-05
9.724373975359413267e-05
9.947858410441767774e-05
9.871312295217649080e-05
9.899455991444484058e-05
9.954922862789316608e-05
9.948472794576445634e-05
9.795557980964985658e-05
9.728143572829139885e-05
9.896027626155046164e-05
9.794533209515066661e-05
9.898632636122784150e-05
9.779302872061634302e-05
9.831964437694296337e-05
9.984911641254256849e-05
9.705963814781171366e-05
9.944561383008476425e-05
9.875960700469476618e-05
9.757409529242977442e-05
9.896141710328266159e-05
9.897788607986513214e-05
9.817116249450918714e-05
9.919319721234387815e-05
9.786369404309879796e-05
9.720538826059055011e-05
9.728629088954222058e-05
9.686127078794015959e-05
9.905398807177334133e-05
9.830004879063380940e-05
9.898872804683377948e-05
9.833952126427902298e-05
9.865358154570458282e-05
9.775932328466296623e-05
9.914863775861704198e-05
9.836631151642905295e-05
9.903821619445807029e-05
9.926225479262029694e-05
9.887669914974140371e-05
9.748106011784330436e-05
9.911662135664300877e-05
9.776614413681272708e-05
9.852180747884630731e-05
9.809500187429875950e-05
1.001547757653042936e-04
1.009554133020174049e-04
9.955786780437846941e-05
9.841411526849697382e-05
1.005675197973232544e-04
9.976764278576410474e-05
9.900090220753554875e-05
9.975255397307592462e-05
1.002386030165780485e-04
9.779210831197814881e-05
9.822033016462227719e-05
9.918143332470208677e-05
1.000824981872483531e-04
9.673364859850153694e-05
9.816858083127044936e-05
9.889297644463112560e-05
9.962075073985943705e-05
9.839443213763843774e-05
9.931920770895885382e-05
9.893202168882453136e-05
9.757185038665739101e-05
1.010093402612710579e-04
9.931999252330570558e-05
9.897491096921839926e-05
9.785125662915561135e-05
9.959766870224485134e-05
9.893848064166377841e-05
9.866067634902719332e-05
9.939475601186131284e-05
9.829646219259303140e-05
9.792630204970009529e-05
9.825229508919619548e-05
9.740769284576345215e-05
9.883555277383493647e-05
9.862547290140355472e-05
9.899500888650436265e-05
9.788506333734403868e-05
9.773994291322196930e-05
9.772005399781847062e-05
9.926414288088380457e-05
9.936024600278869369e-05
9.953497765309293483e-05
9.836121926127816279e-05
9.966978885245225683e-05
9.924387540536372941e-05
9.994062763780675325e-05
9.859160810492540166e-05
9.754727404356344236e-05
9.838143991487413316e-05
9.873853067006166113e-05
9.676856347482499219e-05
9.910212147588027252e-05
9.940454150978439971e-05
9.807337045799612864e-05
9.959784206330369032e-05
9.862662245723186332e-05
9.770253391820915838e-05
9.832904783024787321e-05
9.939974328858625357e-05
9.765860110633184377e-05
9.843616272746658340e-05
1.004944549890751605e-04
9.661803232461352851e-05
9.980851004343094246e-05
9.927672707021883980e-05
9.884921956881953520e-05
1.004303507102122266e-04
9.948593842636909725e-05
9.820565023801463580e-05
1.005969655523131223e-04
1.004906571722585822e-04
9.844703955650402892e-05
9.932573325386329630e-05
9.763478610693709383e-05
9.852130830267924466e-05
9.915563446156738521e-05
9.932215606909267623e-05
9.747768010583967592e-05
9.940216804693591257e-05
9.874176592461481050e-05
9.720094491285635198e-05
9.830112628606002545e-05
9.926191123668103868e-05
9.840059201451367157e-05
9.836580595106170493e-05
9.788758582089940590e-05
9.717582074131314585e-05
9.727437189326338101e-05
9.880429960844594732e-05
9.836094493493874053e-05
1.007656195440631618e-04
9.953433137752654689e-05
9.891531327639313260e-05
9.709115341252071998e-05
9.783995791394773094e-05
9.851675623053778876e-05
9.872174456404536613e-05
9.798958460578432734e-05
9.835587965199011338e-05
9.957430333997762686e-05
9.936613937497896219e-05
9.829283162048341454e-05
9.946731686909515973e-05
9.783039856756659534e-05
9.867961427971750070e-05
9.896197054217736335e-05
9.922301802021138970e-05
9.952441521363653552e-05
9.925651276603275890e-05
9.900356561161060838e-05
9.741918713643827319e-05
9.899559850055084640e-05
9.948985261303278365e-05
9.973752304972549067e-05
9.986192853261854907e-05
9.995266030955462795e-05
9.826642289567644184e-05
9.795863883823585096e-05
9.830166766846559225e-05
9.829885936483151996e-05
9.958516650385718636e-05
9.821345107638990699e-05
1.006080052889046729e-04
9.822600363804668265e-05
9.963735639075820840e-05
9.942814367605023475e-05
9.858283288508574147e-05
9.773311239769100212e-05
9.874551889197392116e-05
9.964298701561346574e-05
9.963315066556788495e-05
9.777897304275029455e-05
9.735108786230739226e-05
9.851265809288634588e-05
9.789889932108054014e-05
9.788862483901538964e-05
1.011494195608975160e-04
