2.444336532592773494e+02
1.129949543118476925e+02
6.010875518321991251e+01
3.620281397402286672e+01
2.528095830082893514e+01
1.778853564560413503e+01
1.242615285962819982e+01
1.033414766266941953e+01
8.687056236714123969e+00
7.405511040985584437e+00
6.846456006914377390e+00
6.452528654783963979e+00
5.320789104700088146e+00
5.276651325076818111e+00
4.761644964665174840e+00
4.340793552994727911e+00
4.191138558834791361e+00
4.021709105372428539e+00
3.608112562447786331e+00
3.557830999791621984e+00
3.359020416438579737e+00
3.211192777007818133e+00
2.926018794625997455e+00
2.823129594326019287e+00
2.790365474671125501e+00
2.668139976635575117e+00
2.442571973428130150e+00
2.407601088657975286e+00
2.332551963999867528e+00
2.188617525994777768e+00
2.063376479595899760e+00
1.994801944866776422e+00
1.907386826351284981e+00
1.838086027279496104e+00
1.774357886239886328e+00
1.715077710524201438e+00
1.630239614471793219e+00
1.550293301045894578e+00
1.465004396438598588e+00
1.417500299215316728e+00
1.358469472825527102e+00
1.332344485446810722e+00
1.258456873148679822e+00
1.226856278628110974e+00
1.207458940893411548e+00
1.180538861453533261e+00
1.105056060478091240e+00
1.062319049984216779e+00
1.040783522278070361e+00
1.030085469409823373e+00
9.902210975065827148e-01
9.775975255295634714e-01
9.525358987972140090e-01
9.316749515011906180e-01
8.904657730832695739e-01
8.886513167992233786e-01
8.568020081147551537e-01
8.555243395268916640e-01
8.324187135323881659e-01
8.456015238538384660e-01
8.233588753268122895e-01
7.980796696618199793e-01
7.785253923386334929e-01
7.819045696407556090e-01
7.552249897271394730e-01
7.507213979959488359e-01
7.648050660267472489e-01
7.413273338228464349e-01
7.312171570956707001e-01
7.119083561003207716e-01
7.194542292505502479e-01
6.929538071155547652e-01
6.916928367689252344e-01
7.171641970053315163e-01
6.881758686155080573e-01
6.735652027651667373e-01
6.810034876689314842e-01
6.867859255522489326e-01
6.676278300583362579e-01
6.806890273466705832e-01
6.760378599166869673e-01
6.561472445726395097e-01
6.460481561720371468e-01
6.604333993047475371e-01
6.567682774737477747e-01
6.443705093115568161e-01
6.407134400680660757e-01
6.618061792105436325e-01
6.638147195801138434e-01
6.391874399036169274e-01
6.290536385029554811e-01
6.455972949042916298e-01
6.406523030251264350e-01
6.463054426014422926e-01
6.518305227160453574e-01
6.359009589999914391e-01
6.454848539084195869e-01
6.501306843012570891e-01
6.510623907670378685e-01
6.259530477225780931e-01
6.318883825093507545e-01
6.344757108017802238e-01
6.193263886496425119e-01
6.288373155519366708e-01
6.069225050508976205e-01
6.170939851552248445e-01
6.480946134775876777e-01
6.556801263242959532e-01
6.181344244629144447e-01
6.113474054262042490e-01
6.119376389309764130e-01
6.116669429466128349e-01
6.365258486941456351e-01
6.282171934843063799e-01
6.291454680263995902e-01
6.176127539947628975e-01
6.037584243342279944e-01
6.065792828798294289e-01
6.348355820402502570e-01
6.109720721840858904e-01
6.320379462093115297e-01
6.109191752970218880e-01
6.197749923914670500e-01
6.442524977028369904e-01
6.181040637195109877e-01
6.152556214481592622e-01
6.691045284271239790e-01
6.170549998059868813e-01
6.046854963526129279e-01
6.188665317371487840e-01
6.007097344845533371e-01
6.164759587496518867e-01
6.075245406478643195e-01
6.113554812967777474e-01
6.142505129799247232e-01
6.126080121845006721e-01
6.075202694162726846e-01
6.202366575598716736e-01
6.282633755356072935e-01
6.240083741024136099e-01
6.046980205923319085e-01
6.118984455242753029e-01
6.081317480653524177e-01
6.061199478805064933e-01
6.092472493648528609e-01
6.160116197541356531e-01
6.055901268497109191e-01
6.056541340425610764e-01
6.047499435022473113e-01
6.068355400115251763e-01
6.121850326657295449e-01
6.213846078142524210e-01
6.244023775681852850e-01
6.073023095726967080e-01
6.145596416667103989e-01
6.196161558851599471e-01
6.070995379239321199e-01
6.042118452489375624e-01
6.069230891764163527e-01
6.033048236742615256e-01
6.085620643571019173e-01
6.148102732375264612e-01
6.006015961989760177e-01
6.166809132322669251e-01
6.095388285815716012e-01
6.096117848530411276e-01
6.073230592533945815e-01
6.035479357466101424e-01
6.162832144647836241e-01
6.192267635837197526e-01
6.133962044492363708e-01
6.022045644000172393e-01
6.244625013321638551e-01
6.179767260327935219e-01
6.136787259951234086e-01
6.022777967154979706e-01
6.037186078727245775e-01
6.016954621300101280e-01
6.090227026492357476e-01
6.103240001946688142e-01
6.138464307412505594e-01
6.043358862400054488e-01
6.052550889551640001e-01
6.142540339380502257e-01
6.236616240814327750e-01
6.165587732568382773e-01
6.125470785424113052e-01
5.998777430504560471e-01
6.026967629790306313e-01
6.060390133410692437e-01
6.088577464222908464e-01
6.149233337491750717e-01
6.055942224338650703e-01
6.076148033142090288e-01
6.019884904846548590e-01
6.075974080711603609e-01
6.027565917000174966e-01
6.574019135907291922e-01
5.993945932015776190e-01
6.031221278011799081e-01
6.029634334146976027e-01
6.019266616553068383e-01
6.045260541141033173e-01
6.050209783017634901e-01
6.069155840203166452e-01
6.089301472529768944e-01
6.070788411423564401e-01
6.091622464358806832e-01
6.059440867975354195e-01
6.077666839584707770e-01
6.029044231399893761e-01
6.037988414987921493e-01
6.151056500151753648e-01
6.076814429834485054e-01
6.170614426955580711e-01
6.007996445521712747e-01
6.040234291926026566e-01
6.014757016673684120e-01
6.145800853148102316e-01
6.132066318765282409e-01
6.396703703328967539e-01
5.958355344831943734e-01
5.986732620745897071e-01
6.031168688088655028e-01
6.091051908209920152e-01
6.048183292150497437e-01
6.042647778987884077e-01
6.032366467639803664e-01
6.144832184538244757e-01
6.117610016837715659e-01
6.299477722495794296e-01
6.038828568533063379e-01
6.159646790474653244e-01
6.142312010750174966e-01
6.023994253948330435e-01
6.136544721201062647e-01
6.044431926682591882e-01
6.041087701916694197e-01
6.034462293609976768e-01
6.087891623377800210e-01
6.086633827537297758e-01
6.016113104298710379e-01
6.038404839113354905e-01
6.108803289011121018e-01
6.067845763638615164e-01
6.066053664311766846e-01
6.088245196267962900e-01
6.029385328292846680e-01
6.036526093259453329e-01
6.036517385393380675e-01
6.135287150740623696e-01
6.064975019544363022e-01
6.024732183665036933e-01
6.138148995116352591e-01
6.050384862348436865e-01
6.063707109540701357e-01
6.026401748880744202e-01
6.185366030782460944e-01
6.050713760778307915e-01
6.016451966017484221e-01
6.054282525554299799e-01
6.052114583551884142e-01
6.100670296698809114e-01
6.021636500954627991e-01
6.087314836680889352e-01
6.039705995470285860e-01
6.050550781190395799e-01
6.036450799554586855e-01
6.057256732136011568e-01
6.052538551390170829e-01
6.183073224499822107e-01
5.996195318177341971e-01
6.132389912381768227e-01
6.051759816706180350e-01
6.055255621671676858e-01
6.083695851266384125e-01
6.027481067925691827e-01
6.040636805817485300e-01
5.999730234965682252e-01
6.152039125561714616e-01
6.043930590152740701e-01
6.011253641918301582e-01
6.085174143314361350e-01
6.005456993356347306e-01
6.054648406803607719e-01
6.068687938153743966e-01
6.112585393711924553e-01
6.145299488678575006e-01
6.005024977028370348e-01
6.078683448955416457e-01
6.038868214935064760e-01
5.993484314531087875e-01
6.065701596438884957e-01
6.113002333790064080e-01
6.070151956751942413e-01
6.066351741552352683e-01
6.030473027378320250e-01
6.036085551604628563e-01
6.038450900465249793e-01
6.004352888092399088e-01
6.073694527149200439e-01
6.073625527322292772e-01
6.155747380107641220e-01
6.062252040952443854e-01
6.026421433314681497e-01
6.091509645804762396e-01
6.045309346169233100e-01
6.049623437225818412e-01
6.053435420617461205e-01
6.049634082242846267e-01
6.012585399672388808e-01
6.018467003479599509e-01
6.033257933333515677e-01
6.100065482780336890e-01
6.071567481383681741e-01
6.079675856977700965e-01
6.076468478888272795e-01
6.064622199162841287e-01
6.058689281344413757e-01
5.999475907534360664e-01
6.089000049978494644e-01
6.057418715208768845e-01
6.069247582927346230e-01
6.112702373415231927e-01
6.038273807615042177e-01
6.034254455938935502e-01
6.119674306362867799e-01
6.098925959318876044e-01
6.087816175073385017e-01
6.345369078218936476e-01
6.093707058578730074e-01
6.024788077920675278e-01
6.052154542878269705e-01
6.033891018480062041e-01
6.113164993003010750e-01
6.013475023210048676e-01
6.046798819676041381e-01
6.101996133103966269e-01
6.002218084409832732e-01
6.093977872282266839e-01
6.080801688134670480e-01
6.035160925239324570e-01
6.252917198464273962e-01
6.126742575317620787e-01
6.013742923736572488e-01
6.021763497963548151e-01
5.977384103462100029e-01
6.071035936474800110e-01
6.083738462999462859e-01
6.017470188438892587e-01
6.072789115831256357e-01
6.120400447398424149e-01
6.182050272822380288e-01
6.023481177166104539e-01
6.086773121729492919e-01
6.064133513718843460e-01
6.073937620967626572e-01
6.059786040335893853e-01
6.049926023930310981e-01
6.025234714150429216e-01
6.069047527387738672e-01
6.062265388667583688e-01
6.047343663871288522e-01
6.040691994130611420e-01
6.014637146145105362e-01
6.007127320393920167e-01
6.046790160238743050e-01
6.098061125725507958e-01
6.021740898489952309e-01
6.071435898542404397e-01
6.070823300629853980e-01
6.265644336119293722e-01
6.040116107091307862e-01
6.102724680677056313e-01
6.071400199085473792e-01
6.028411647304892096e-01
6.019975472241639869e-01
6.094894291833042876e-01
6.041733454912900925e-01
6.097418820485472901e-01
6.089210268110036850e-01
6.069266699254513009e-01
6.012115608900785446e-01
6.045814020559191482e-01
6.052557103335857169e-01
6.086235722526908143e-01
6.031013958156108412e-01
6.029217349365353362e-01
6.076449681073426978e-01
6.078787529841065407e-01
6.032450171187520027e-01
6.047465404495596664e-01
6.078987417742609534e-01
6.030129052698611769e-01
6.144896075129508972e-01
6.060875756666064262e-01
6.079487450420856254e-01
6.092664586380124314e-01
6.062579708173870818e-01
6.018236516043543594e-01
6.012416616082191245e-01
6.058134365826844947e-01
6.156388394534587638e-01
6.081316368654370308e-01
6.066154692322015540e-01
6.075980052351951377e-01
6.062061538919806258e-01
6.047586973756551298e-01
6.044016104191541894e-01
6.039861679077148660e-01
6.089986389502882735e-01
6.019954757764935938e-01
6.081796646118163840e-01
6.148139631375670877e-01
6.052532736212015152e-01
6.092866204679012743e-01
6.059023894369601759e-01
6.023806188255548255e-01
6.038455037400126679e-01
6.019269635900854620e-01
6.095666252076625824e-01
6.025853078812360986e-01
6.025033388286828995e-01
6.056285819038749185e-01
6.032717335969209893e-01
6.032905269414186034e-01
6.171870825812220129e-01
6.055981973186135292e-01
6.065568016842007859e-01
6.228118300437927024e-01
6.007432421669364198e-01
6.042389512062072976e-01
6.048204910010099855e-01
6.037183474749326928e-01
6.068570742383598837e-01
6.051571892574429956e-01
6.056436033919453399e-01
6.036795411258936150e-01
6.105285761877894402e-01
6.061220867559313774e-01
6.194168079644442049e-01
6.051805978640913963e-01
6.061577871441841125e-01
6.099745169281959312e-01
6.010276570916175398e-01
6.102841801941394362e-01
6.031057493761181609e-01
6.190152859315276590e-01
6.073337685316800849e-01
6.115657852962612662e-01
6.022076472640037759e-01
6.049560584127903207e-01
6.052848888561129792e-01
6.349310657009482606e-01
6.021151071414351241e-01
6.045976895838975906e-01
6.024493822827935441e-01
6.064473059028386848e-01
6.079711461439728515e-01
6.019702361896633880e-01
6.117045164108276811e-01
6.060685111209750398e-01
6.179583456367254701e-01
6.161195943132042885e-01
6.073333594948053804e-01
6.028075857087970002e-01
6.063256522640585455e-01
5.999021641910076141e-01
6.036087004467844963e-01
6.091219635680318323e-01
6.087182963266968283e-01
6.031632592901587930e-01
6.038716737180948035e-01
6.022710997611284700e-01
6.159483248367905173e-01
6.090460270643234253e-01
6.029935361817478912e-01
6.265718782320618407e-01
6.045861832797527757e-01
6.106634480878710969e-01
6.048743864521384239e-01
6.128927098587155786e-01
6.092518720775842445e-01
6.081080965697764906e-01
6.101009013131261094e-01
6.162858780473470244e-01
5.990626957267523034e-01
6.082908373326063600e-01
6.045252293348312156e-01
6.023140963166951911e-01
6.025093799456954224e-01
6.019378384575247987e-01
6.224286429584026115e-01
6.196334445849061012e-01
6.119283339008688705e-01
6.008496541529894097e-01
6.089224450290202650e-01
6.074606850743293762e-01
6.051259610801935640e-01
6.047332422807812913e-01
6.134107800200581107e-01
6.081824272871017012e-01
6.030532676726579888e-01
6.040206477046012878e-01
6.020918317139148934e-01
6.058208927512168662e-01
6.009681923314929008e-01
6.026814209297299829e-01
6.133933532983064651e-01
6.032649980857968108e-01
6.111816875636577606e-01
6.097559250891209093e-01
6.026926498860121217e-01
5.990140827372669730e-01
6.093222999945282492e-01
6.097413601353764978e-01
5.983506279066205247e-01
6.051416754722594993e-01
6.091450577601790206e-01
6.061526458710432275e-01
6.052178934216498885e-01
6.060379305854439735e-01
6.057496173307299614e-01
6.080645758658647093e-01
6.099376318976282851e-01
6.001354131847620454e-01
6.020916210487484710e-01
6.087545879185199960e-01
6.061450038105249405e-01
6.026479184627533403e-01
6.108736354857683404e-01
6.130386468023061308e-01
6.028205147013068199e-01
6.068280994892120139e-01
6.076183404773474184e-01
6.053488915786147118e-01
6.058315457776188850e-01
6.038778694346547127e-01
6.045548766851425171e-01
6.136434352025389449e-01
6.049467064440250397e-01
6.063482236117124780e-01
6.040072534233331680e-01
6.159379238262772116e-01
6.106420336291193962e-01
6.168857662007212195e-01
6.063719006255269273e-01
6.023007482290267944e-01
6.049046410247683747e-01
6.023568978533149210e-01
6.059357751160859840e-01
6.011336039751767890e-01
6.066692799329758135e-01
6.141929864883423074e-01
6.040458900853991064e-01
6.073568141087889449e-01
6.009260529652238336e-01
6.093906199559568915e-01
6.095406915992498398e-01
6.060658693313598633e-01
6.090865319594740424e-01
6.072198228910565820e-01
6.070269597694277763e-01
6.100500149652361426e-01
6.145421871915459633e-01
6.069452526047826035e-01
6.039703421294688734e-01
6.009684300050139871e-01
6.101514160633086936e-01
6.069734143093228340e-01
6.056101659312844721e-01
6.148293737322092500e-01
6.049897370859980139e-01
6.054964244365692583e-01
6.114829858765006287e-01
6.066378345713019371e-01
6.030753962695598602e-01
6.086341200396419016e-01
6.054973712190985236e-01
6.022398125380277190e-01
6.090605255216360314e-01
6.070041911676525848e-01
6.077318277209997621e-01
6.151693100109696388e-01
6.115021761506795883e-01
6.001754941418766531e-01
6.220367101952433142e-01
5.990450790151953253e-01
6.020812164992094262e-01
6.044892100617289543e-01
6.142561735585332361e-01
6.080001404508947882e-01
6.080025635659694894e-01
6.005077514797448890e-01
6.104016656056046042e-01
6.055871600285172018e-01
6.053310701623558776e-01
6.060709210112691370e-01
6.058254765346646753e-01
6.107474675402044806e-01
