2.274201031923439532e-04
2.273411449777995585e-04
2.369937614389527826e-04
2.382037075904008870e-04
2.402058124971517882e-04
2.435579031271117910e-04
2.465716290089403737e-04
2.486413265842202453e-04
2.470072122832789427e-04
2.529519809968405752e-04
2.570186288266995580e-04
2.567039297900919228e-04
2.600420137014225258e-04
2.634421327456948239e-04
2.635465038110851093e-04
2.688573910518243901e-04
2.711937970161670711e-04
2.706195220753216052e-04
2.735936832550578185e-04
2.768636108839928273e-04
2.785214318009821216e-04
2.823440449219560941e-04
2.867191868290319581e-04
2.878331797319333635e-04
2.947653115370485466e-04
2.972205947571637699e-04
3.043644022227454007e-04
3.050726249966828618e-04
3.125501104705108663e-04
3.222053781428258043e-04
3.251570188240293755e-04
3.316867599778561271e-04
3.426272802926178082e-04
3.491454129061821515e-04
3.602133647746086462e-04
3.669258274840103912e-04
3.752295240246894537e-04
3.862593624944565601e-04
3.913544772331079111e-04
4.022313712766844912e-04
4.108719901978474809e-04
4.302196627577359214e-04
4.388382420529524314e-04
4.441207245463374203e-04
4.520577897437760839e-04
4.510195156399277147e-04
4.628707384654262786e-04
4.697974537066329612e-04
4.804718744253477780e-04
4.906389698135172001e-04
4.900790202100324677e-04
5.020970475470675886e-04
5.138134910339431155e-04
5.252696289062442226e-04
5.404425957749481747e-04
5.498020123923197605e-04
5.584953794368630042e-04
5.756542813287523824e-04
5.869442577022710317e-04
6.000492660405143397e-04
6.187425907228316863e-04
6.343890703647047996e-04
6.485036824869893756e-04
6.545084722802130273e-04
6.696421275137254053e-04
6.869790582641144500e-04
6.972277586100971824e-04
7.169990221427724898e-04
7.262412434556608787e-04
7.334826322221488009e-04
7.476570854578312286e-04
7.585472319533437258e-04
7.630137369233125138e-04
7.688102161864662776e-04
7.777336541039403528e-04
7.784982244629645720e-04
7.800015700922813267e-04
7.864365421028196145e-04
7.933994085306039562e-04
7.954797919410338874e-04
7.971771403390448974e-04
8.040238014018541218e-04
8.048985851019097026e-04
8.102992942440323532e-04
8.094385685581073847e-04
8.144378676661290445e-04
8.167285192484996298e-04
8.160833344845741522e-04
8.168286644831823651e-04
8.172227185241354164e-04
8.192927442905783902e-04
8.206905420593102029e-04
8.198307864404341672e-04
8.235050180701364081e-04
8.228862208852661276e-04
8.230539710439189072e-04
8.253909583800123507e-04
8.235465254074370457e-04
8.293358077935408801e-04
8.238283564423909845e-04
8.285031174636969375e-04
8.289929625789227863e-04
8.292827462355490276e-04
8.297789444441150191e-04
8.279509374006010841e-04
8.305908941110828891e-04
8.314160022564465180e-04
8.310066756166634367e-04
8.286656167001638313e-04
8.302801860736508171e-04
8.323879060299077537e-04
8.304204278829274482e-04
8.311636597682081629e-04
8.309403902785561730e-04
8.326101161401311618e-04
8.340815887095231595e-04
8.310844608786282844e-04
8.315017445966077936e-04
8.310694558076647592e-04
8.335129090482950925e-04
8.320826947056048301e-04
8.352503903552132691e-04
8.341930047208734322e-04
8.339241794146801546e-04
8.308779567414604095e-04
8.349266699042345646e-04
8.350139201866113798e-04
8.323955101332102934e-04
8.332959658218896514e-04
8.324453663590247309e-04
8.333048921485896937e-04
8.347170943125093107e-04
8.338627804732823496e-04
8.359841658602817915e-04
8.358829897588293967e-04
8.355749555448710453e-04
8.348067093720601189e-04
8.352801623004779468e-04
8.354527734809380273e-04
8.361126310774125159e-04
8.357714049907372534e-04
8.355516450137656214e-04
8.357808600521820846e-04
8.347163588950934354e-04
8.350494497790350145e-04
8.355299170943908827e-04
8.356333468327647790e-04
8.341245913470630036e-04
8.362105959349719342e-04
8.358650314221449228e-04
8.315124624459713449e-04
8.348464086338936319e-04
8.332171482834382914e-04
8.351626922376454310e-04
8.342950225596723179e-04
8.337664659848087901e-04
8.335781804817088631e-04
8.325823574523383503e-04
8.329950932420615356e-04
8.353275591616692985e-04
8.336430270901474138e-04
8.333173974278907043e-04
8.357162101674475924e-04
8.345482456206809729e-04
8.352119219125597304e-04
8.327541919243231167e-04
8.330749639753776570e-04
8.327646869474847335e-04
8.309131128953594746e-04
8.317880508911911896e-04
8.318477589455142152e-04
8.341392968759464783e-04
8.335378719493746541e-04
8.325987798343704050e-04
8.331275183991237792e-04
8.337283380569715735e-04
8.294736446259776564e-04
8.304856437462149188e-04
8.326490775289130614e-04
8.293672357467585026e-04
8.322090466208464932e-04
8.296974911900179212e-04
8.289286637591430701e-04
8.334793305948551279e-04
8.288112720038042901e-04
8.319204522194923119e-04
8.310769158924813599e-04
8.293208260511164337e-04
8.306749126859358295e-04
8.306263755912368218e-04
8.317047846503555992e-04
8.334672960700117766e-04
8.284883421765699019e-04
8.297598824810847439e-04
8.330475371622015008e-04
8.288525064017449040e-04
8.307236916152760170e-04
8.272279579614405737e-04
8.271383086139394653e-04
8.297711997329315636e-04
8.299526634800713509e-04
8.288311211799737500e-04
8.276013488284661868e-04
8.269794845546130525e-04
8.299200655528693894e-04
8.296835919281875683e-04
8.282808764761284692e-04
8.295322249978198670e-04
8.310627340961218145e-04
8.260715562755649444e-04
8.296435443298832762e-04
8.259546891167702121e-04
8.296829266328132214e-04
8.296663168948726014e-04
8.297096649585000271e-04
8.324370598529640553e-04
8.319261179167370063e-04
8.277008909317373547e-04
8.267749237347743908e-04
8.276321761513827802e-04
8.286415360089449894e-04
8.255927689788222345e-04
8.252352797171625277e-04
8.253621575931901827e-04
8.274616878225060212e-04
8.271132980553375525e-04
8.266110890872369272e-04
8.279280075839778440e-04
8.269866072623699872e-04
8.268647333352418865e-04
8.261980226961895390e-04
8.300313078507315151e-04
8.225634384871228100e-04
8.193205779207346062e-04
8.252030330368143258e-04
8.261132882580568115e-04
8.260772225185064816e-04
8.231348204390087197e-04
8.321698197505611677e-04
8.275265990960178897e-04
8.255256955635558846e-04
8.248984649981139228e-04
8.228833097291499360e-04
8.246837116530514756e-04
8.218389175453921780e-04
8.219785249821143225e-04
8.281164052277745647e-04
8.243490106906392828e-04
8.255259119323455231e-04
8.199935849461326360e-04
8.294602243040571704e-04
8.280185898001946043e-04
8.251269997344934598e-04
8.243872360253589725e-04
8.249211227848718408e-04
8.264622497335949447e-04
8.247326302807777686e-04
8.263261000138299572e-04
8.291333733723149635e-04
8.241489840656868182e-04
8.269295324680569614e-04
8.245637383424764049e-04
8.300066422634699414e-04
8.274744994196225455e-04
8.280449455924099311e-04
8.274369998616748706e-04
8.258035301878408497e-04
8.270661235656006759e-04
8.232684154791059189e-04
8.255763586930697784e-04
8.267313214673777111e-04
8.291400406960746771e-04
8.280622039819717905e-04
8.286024744847964030e-04
8.261730446974980147e-04
8.280082103738096045e-04
8.266711586657037990e-04
8.231767650613619263e-04
8.246183610026491589e-04
8.245861655268527319e-04
8.234807180087955637e-04
8.208618922253662752e-04
8.198852098757925411e-04
8.230784927945933088e-04
8.274907126178731925e-04
8.217269460146781057e-04
8.266622646260657781e-04
8.209758286284341445e-04
8.244442304203402749e-04
8.215028545691893886e-04
8.257044681158731258e-04
8.253348944890603455e-04
8.296763728139922457e-04
8.273334920886554972e-04
8.233340956394386446e-04
8.265267068964021529e-04
8.201628447750408668e-04
8.278047801468346300e-04
8.263382802397245758e-04
8.226018934692546974e-04
8.238661367613531400e-04
8.220104287829599560e-04
8.252620723396830726e-04
8.228540268646611366e-04
8.259740985522512563e-04
8.197570993615955082e-04
8.247319088695803874e-04
8.211475213101948178e-04
8.230337017721467202e-04
8.236014219619392169e-04
8.234489494498120187e-04
8.204908993320713783e-04
8.224305494877626622e-04
8.196516380849061100e-04
8.196674553801131186e-04
8.208110644773114689e-04
8.167091799805348057e-04
8.236183428380172266e-04
8.220745247399463768e-04
8.206280453123326662e-04
8.172237371582014021e-04
8.201541592825379191e-04
8.200296869290468532e-04
8.132908782499725714e-04
8.168409350673755181e-04
8.143289607687620880e-04
8.101775355498830105e-04
8.162581250871880478e-04
8.105990006697539208e-04
8.160540775861591534e-04
8.138338448588910978e-04
8.151155051564273673e-04
8.106862469958286532e-04
8.137463894854590329e-04
8.093709624063194713e-04
8.120192410387971904e-04
8.047474036175117796e-04
8.115482246012107204e-04
8.056527977714722727e-04
8.151433407874719705e-04
8.066994624641665940e-04
8.121112979097233836e-04
8.150741464305610862e-04
8.153574572133948095e-04
8.071582401953491647e-04
8.087159092610817900e-04
8.120132432850368570e-04
8.145691428580903882e-04
8.058111090576858693e-04
8.057736908995138947e-04
8.124370094265032528e-04
8.064508030656725602e-04
8.086340957561332981e-04
8.068345739957293993e-04
8.075993890543031956e-04
7.992500010004732975e-04
8.059220997893134630e-04
7.989532208739546842e-04
8.010004796233261438e-04
8.058046718360855959e-04
8.014717861442477876e-04
8.026129434256290334e-04
8.070377481089963329e-04
8.078782218035485563e-04
8.039003613703243683e-04
8.064763186666823241e-04
8.059285190029185763e-04
8.034504731313063097e-04
8.022885592254170185e-04
8.011889058707310617e-04
8.044605125178350353e-04
8.080262909970770124e-04
8.065909310062124860e-04
8.095251275335613606e-04
8.112867133604595004e-04
8.050540189742605652e-04
8.173911220637819280e-04
8.158807969266490762e-04
8.077922929714987255e-04
8.115587452266481705e-04
8.125956459480221166e-04
8.131017714731569434e-04
8.115752722005709291e-04
8.109384993986168411e-04
8.157826711794769359e-04
8.122332418679434124e-04
8.119957901726593263e-04
8.105738057565759153e-04
8.162040473507659478e-04
8.077817673893151074e-04
8.074624592154577623e-04
8.116234455883386111e-04
8.112118513963651346e-04
8.066175709245726249e-04
8.095369606962776526e-04
8.032850056224561048e-04
8.028340811051748677e-04
8.090761596577066960e-04
8.017525461127660968e-04
8.058392939801706451e-04
8.049895994190591885e-04
8.067028295954514327e-04
8.008053438061324631e-04
8.057139138145430262e-04
8.005850181689311285e-04
8.011086406895628464e-04
8.006017191291902929e-04
8.010242288037261894e-04
8.027509073599503825e-04
8.027207693885429329e-04
8.054348096266039864e-04
7.965550330027327142e-04
7.923081299850310167e-04
8.062109835009322999e-04
7.987575913830369245e-04
8.052337599110615191e-04
8.011878792785864355e-04
8.092219157333601764e-04
8.110470942938263978e-04
8.164385294548992533e-04
8.127269612486998302e-04
8.114660536193696316e-04
8.096857284272118704e-04
8.104582621854206298e-04
8.085965486316126554e-04
7.965433012941502532e-04
8.014132021344266615e-04
8.038988994485407602e-04
7.996564002496597389e-04
8.035694576392415694e-04
8.036126360821072229e-04
8.071549371379660009e-04
7.968825565967563741e-04
8.080641776359697836e-04
8.057208426180296080e-04
8.053510385252593117e-04
8.086592712061247074e-04
8.107678715532529602e-04
8.033299015551165646e-04
7.995888636287418194e-04
8.029901093323133388e-04
7.977592501447361862e-04
8.056199917973571722e-04
7.999441912943438876e-04
8.019195433917047922e-04
8.036596519104932234e-04
8.089652278158610422e-04
8.001226900887558951e-04
8.099405202301567918e-04
8.078186532657127611e-04
8.094099155641742548e-04
8.086726713827374624e-04
8.033210818211955050e-04
8.072243290826008454e-04
8.070073154158308171e-04
8.094972606158990381e-04
8.054305461882904421e-04
8.089692714747798163e-04
8.107226528409228628e-04
8.016364324248570917e-04
7.994945895006821956e-04
8.082826965619460463e-04
8.114156775263836390e-04
8.018033954158454869e-04
8.028293273127928842e-04
8.050144864682806439e-04
8.053963339079928336e-04
8.043608766456599845e-04
8.087282481938018680e-04
8.066869052527180905e-04
8.084284813776321243e-04
8.155242661814554378e-04
8.100280520920932975e-04
8.140523769725405362e-04
8.102663826775824635e-04
8.146431304339784912e-04
8.128187491365679741e-04
8.090208773865014812e-04
8.147860795361339331e-04
8.139656873026978722e-04
8.110545111776445559e-04
8.081971233877994088e-04
8.149249914822575885e-04
8.113087238598382317e-04
8.136076517075707670e-04
8.105694279038289313e-04
8.165173791894631428e-04
8.104025753254973097e-04
8.119091106891573656e-04
8.179484454558405993e-04
8.105162060928705831e-04
8.156143131600402047e-04
8.181961847640196062e-04
8.177526208328345092e-04
8.156434882039320438e-04
8.116585127936559946e-04
8.050919670495205061e-04
8.022482043998025109e-04
8.068100457421679018e-04
8.116200448057498068e-04
8.048717108977143653e-04
8.074381350525073209e-04
8.018751675990642546e-04
8.114097370707895173e-04
8.053960760662448809e-04
8.078450261564285462e-04
8.082028346962033755e-04
8.075780716353620154e-04
8.005712883459636725e-04
8.062409232479694548e-04
7.999718967766966454e-04
8.023905231311801323e-04
7.908692470209643726e-04
7.963719192048302354e-04
7.974531825311714350e-04
8.034940988181915600e-04
8.024896797905967322e-04
7.947119877826480227e-04
7.984108840901171355e-04
7.981716138601768545e-04
8.010829874820046392e-04
8.024577346077421680e-04
8.021878791169001488e-04
8.001041233455907353e-04
7.934956377539492244e-04
7.968633227847021555e-04
7.969257905642735274e-04
7.979104060268582760e-04
8.031858495542110394e-04
8.050767694385285722e-04
8.020373560611915092e-04
8.007140841527870655e-04
8.036808570977882265e-04
8.061943162829265930e-04
7.997297017027449545e-04
7.964217269091023116e-04
8.018828734748240095e-04
8.050260953496035654e-04
8.085265077170334042e-04
8.149333453729923566e-04
8.117083204524533791e-04
8.097562993953033800e-04
8.061357692895398724e-04
8.061653059485251582e-04
8.101024715870153593e-04
8.099155083982623182e-04
8.047814346355153681e-04
8.041184965804859747e-04
7.950169207106228203e-04
8.035335181830304940e-04
8.071448657119617348e-04
8.014065624593058601e-04
8.022666842407488513e-04
8.085282855972763865e-04
8.094364979569946151e-04
8.061202277986012849e-04
8.080562441136862183e-04
8.101074251499085655e-04
8.073405559116508378e-04
8.064639053372956844e-04
8.083075361355440257e-04
8.078777651462587745e-04
8.087532829449628697e-04
8.044081807383918637e-04
8.056768317601381568e-04
8.025382118830748802e-04
7.970283800659671691e-04
8.010340687633288543e-04
8.008966158740804097e-04
8.038107611355371556e-04
8.030937893636292063e-04
8.055526475800433694e-04
7.997515348506567317e-04
7.983143332239706069e-04
8.026302290090825626e-04
7.985416902556608399e-04
8.004983741102478451e-04
7.965273994159360882e-04
8.025372942938701747e-04
8.072534657003416431e-04
8.000597080808802709e-04
7.950885394166107723e-04
8.040781685849651694e-04
8.090022745818714178e-04
8.075099838151800213e-04
7.994446725206217231e-04
8.048407743899588674e-04
8.076259729023149920e-04
8.062306140800501670e-04
8.086289278708136408e-04
8.039511677907284831e-04
8.031390071664646019e-04
7.928747392725199895e-04
8.025111139886575984e-04
8.040244738367618993e-04
8.112784139484574553e-04
8.112615502341213652e-04
8.044971976232772725e-04
7.956278384881442910e-04
8.043027087296650279e-04
