1.485382567352644292e-04
1.505236239268015089e-04
1.518722158834862166e-04
1.539981059409001210e-04
1.563564093203240191e-04
1.575087209403136566e-04
1.576072088141700132e-04
1.580185646275822418e-04
1.583766042926981863e-04
1.617069770190937615e-04
1.603482182531479393e-04
1.624105404403053399e-04
1.627185507572903697e-04
1.647859304398480271e-04
1.693433226250817825e-04
1.684209307882156173e-04
1.696479466772871092e-04
1.725355634675907021e-04
1.737805573952755313e-04
1.777546348080250136e-04
1.793781240849057104e-04
1.802515145186589399e-04
1.826024870069886620e-04
1.867125546368697542e-04
1.864152026882948013e-04
1.893517357757445953e-04
1.939802251285982547e-04
1.985362528330370023e-04
1.985228040666697671e-04
2.041539617039234145e-04
2.077192133242533709e-04
2.129926835550577271e-04
2.169301320122940524e-04
2.169603050447221849e-04
2.275405213595149744e-04
2.305615729028431707e-04
2.392932569591721349e-04
2.450616658848048463e-04
2.515519979738200964e-04
2.614819204836748906e-04
2.666372788780790653e-04
2.791484599811155931e-04
2.867844779530060004e-04
2.931376014657871782e-04
3.065870894715772119e-04
3.140919081033643817e-04
3.249468187505044625e-04
3.330177735733741537e-04
3.472258224064716961e-04
3.557234326308389319e-04
3.731339252226462122e-04
3.814415514625579600e-04
3.944623604411390044e-04
4.012992234947887374e-04
4.233010033203754466e-04
4.437456554569507608e-04
4.622127505172102138e-04
4.761919029533601350e-04
4.911856758326394118e-04
5.009134005376836068e-04
5.162560949429461764e-04
5.334563260930736284e-04
5.387128018355724418e-04
5.431684929590119499e-04
5.604300891263846573e-04
5.570992591401591199e-04
5.685697663466271045e-04
5.650839417285169692e-04
5.653171373069199252e-04
5.686578002041641888e-04
5.547208689677063593e-04
5.583343655871430894e-04
5.632436401356244677e-04
5.617779882413742164e-04
5.593241608949029104e-04
5.601922943242243274e-04
5.595436956809862533e-04
5.706693705633369539e-04
5.662502825998672485e-04
5.735188896323961455e-04
5.715616506222431998e-04
5.644172306801919625e-04
5.723963680338784105e-04
5.632467272789654523e-04
5.757894025009591566e-04
5.743442889979633254e-04
5.763388354807829966e-04
5.762976943969988063e-04
5.739129289850097848e-04
5.724042744986945980e-04
5.689835850262170425e-04
5.774177961484383993e-04
5.772018377228959945e-04
5.819162520310783293e-04
5.738161916269745927e-04
5.787392046386230938e-04
5.693739346952497726e-04
5.736232968047260804e-04
5.743616372910764767e-04
5.733532029353228133e-04
5.764186974374751592e-04
5.753772950811252961e-04
5.747835438342008057e-04
5.805154432891868055e-04
5.720685681353642870e-04
5.805272704947128442e-04
5.762024120485875756e-04
5.758890401466488108e-04
5.715562813747964831e-04
5.769226631400670591e-04
5.803688044125010709e-04
5.748285610025049685e-04
5.822286769216588730e-04
5.884414757929334666e-04
5.808120533401961872e-04
5.863741509983810829e-04
5.708415657863952653e-04
5.833589586927701021e-04
5.715535475701472457e-04
5.750436095695477413e-04
5.764955670656491055e-04
5.734571388984477380e-04
5.797703890038974133e-04
5.758830220202071793e-04
5.815877687382453153e-04
5.767355738498736390e-04
5.793623598037811028e-04
5.746749942773021541e-04
5.769786697783274359e-04
5.723362612116034576e-04
5.747013778545806851e-04
5.777001488695531883e-04
5.773361255251074691e-04
5.736428109685221205e-04
5.783572595646546471e-04
5.786759551483555480e-04
5.908909833124198268e-04
5.753083230501943035e-04
5.738575782743282616e-04
5.773833556304453375e-04
5.800501422072556600e-04
5.838496432261308872e-04
5.807714196180314026e-04
5.796126405584800306e-04
5.717936663131694807e-04
5.763276009020046548e-04
5.811795936097041704e-04
5.866907801191700638e-04
5.787151261301915145e-04
5.740782877182937444e-04
5.796409853701334431e-04
5.731691811433847978e-04
5.765739376784040360e-04
5.794696304747048781e-04
5.817562330321379704e-04
5.755812062034238331e-04
5.795673568172787565e-04
5.745539401232236266e-04
5.841178761784249435e-04
5.773565295839943939e-04
5.802521343866828395e-04
5.761174088547704741e-04
5.743409419665113091e-04
5.851804474332311223e-04
5.801171224447898784e-04
5.870666018381598406e-04
5.768128594809240461e-04
5.827707454045593987e-04
5.759277369634218779e-04
5.783217532098205993e-04
5.816694258555799024e-04
5.745358190324623355e-04
5.781414246030181165e-04
5.866714950570894871e-04
5.826830973092000498e-04
5.762024693922284790e-04
5.773821914772270681e-04
5.769546537976566036e-04
5.713756922432367425e-04
5.781824896985199086e-04
5.692236619779577960e-04
5.836395282585726818e-04
5.889424674478504606e-04
5.777468194992252826e-04
5.808632342450437570e-04
5.815905028157431367e-04
5.737221898925781499e-04
5.823232512284448820e-04
5.788258707070780950e-04
5.763335561823623721e-04
5.755099393809359754e-04
5.752560494329372453e-04
5.794728188902809269e-04
5.858457117028592837e-04
5.822956018164404668e-04
5.781603769719368281e-04
5.753314589128421868e-04
5.876874216028226804e-04
5.796650108095491522e-04
5.785893463780666501e-04
5.798514089747186084e-04
5.832690286297293131e-04
5.811768555304297913e-04
5.792189026578853372e-04
5.719197396047093424e-04
5.796949340492573832e-04
5.728324681513186079e-04
5.834914124989154516e-04
5.759435832715098513e-04
5.819955249535269104e-04
5.747230498400312648e-04
5.778096647190977819e-04
5.766893561940378277e-04
5.818941211600759051e-04
5.744757615048001536e-04
5.781587922683683722e-04
5.871498219676141161e-04
5.765832952874915939e-04
5.749186017510510066e-04
5.774892214049032408e-04
5.763134217886545230e-04
5.744449866142530958e-04
5.825784611261042517e-04
5.746556313170003922e-04
5.833757484197121812e-04
5.807167377497535416e-04
5.734984373248153350e-04
5.784911077626019981e-04
5.690524806595930862e-04
5.767342326180368911e-04
5.758218713708629583e-04
5.793805257781059481e-04
5.811499841001932509e-04
5.808433216316188485e-04
5.888020711608988201e-04
5.846747610576130683e-04
5.811843749597755742e-04
5.732669261760747542e-04
5.755370357746869125e-04
5.750124816131574118e-04
5.803412949262565452e-04
5.699860275399260424e-04
5.700097779481438486e-04
5.874537888757913389e-04
5.821188123718457497e-04
5.799561125058971377e-04
5.751878175942693123e-04
5.803623541851266054e-04
5.722678695292415796e-04
5.837773454913985699e-04
5.826774613979068384e-04
5.740140028137830303e-04
5.771825834926857862e-04
5.750757167334086045e-04
5.683174365458398825e-04
5.789005383121548654e-04
5.754393322604300703e-04
5.789566477687913427e-04
5.745561049479875216e-04
5.807743082641536169e-04
5.764457258919719390e-04
5.758896847055438922e-04
5.777499855867063378e-04
5.795185184979345866e-04
5.736750962569203477e-04
5.709108458631817918e-04
5.845741210578125685e-04
5.790565493043686946e-04
5.846423680395673728e-04
5.834911015426769371e-04
5.812848361074429921e-04
5.700975655145157361e-04
5.838582672822667735e-04
5.735008532155916111e-04
5.855295636138180488e-04
5.801340680136491280e-04
5.730045358632196873e-04
5.769149167463183837e-04
5.710953484140190778e-04
5.746901355905720699e-04
5.823789350870356213e-04
5.746776578689604797e-04
5.781223419944580676e-04
5.793713118237064702e-04
5.756400834798114808e-04
5.799794153062975965e-04
5.764170259226375926e-04
5.787663893897842865e-04
5.761545696714165388e-04
5.757624472153110694e-04
5.817222232053608898e-04
5.741401252180366793e-04
5.768158401679102315e-04
5.738609572290443318e-04
5.755794094511656805e-04
5.744895325278775566e-04
5.710615716907341266e-04
5.694314720585680334e-04
5.811028140669804998e-04
5.793110905869980776e-04
5.771145868038729532e-04
5.753835099312709861e-04
5.743839276419748785e-04
5.890819291380466460e-04
5.819028323003294862e-04
5.680141302491393141e-04
5.704248517758969250e-04
5.689816635822353636e-04
5.796856332835886860e-04
5.723751226014428539e-04
5.761883477589435426e-04
5.796265583740023864e-04
5.796928131530876488e-04
5.754178662755293338e-04
5.732877284117421802e-04
5.796410919174377341e-04
5.770821604073716592e-04
5.727204494633042270e-04
5.734564343583770313e-04
5.682977767719421753e-04
5.774315224243764316e-04
5.799507330721098263e-04
5.824539811783325128e-04
5.804113899102958602e-04
5.815257845824817196e-04
5.753042173637368251e-04
5.734262967962422408e-04
5.792560087684251119e-04
5.764420047398744352e-04
5.825239098157907868e-04
5.780644675724034166e-04
5.745868310441437426e-04
5.771537077180255220e-04
5.792325786387664049e-04
5.815069164327724138e-04
5.796362012006284420e-04
5.803564848065434056e-04
5.842117255269840392e-04
5.769595881247368890e-04
5.731835701226373637e-04
5.714133723813575195e-04
5.788674355699186197e-04
5.729722665819281247e-04
5.742751420257264251e-04
5.689411249022669143e-04
5.730728735215961933e-04
5.677685870523419215e-04
5.798610139208903568e-04
5.807305642974824444e-04
5.725051190893281966e-04
5.719385466818494457e-04
5.768324274413316743e-04
5.732430005537025646e-04
5.775730701316206250e-04
5.783949796295928102e-04
5.823441013035335345e-04
5.753586228365748390e-04
5.798761260393803241e-04
5.719603290799569074e-04
5.719662928640901079e-04
5.782982073014864000e-04
5.760333703619835866e-04
5.817697282509470607e-04
5.754206251822324703e-04
5.788918095731787833e-04
5.739046654525736596e-04
5.717410541365097959e-04
5.799516881779709799e-04
5.762347756444796470e-04
5.742491950513795452e-04
5.642243773309018728e-04
5.745716581259330486e-04
5.672781630892131943e-04
5.677051291513634862e-04
5.750962423917371997e-04
5.768563749370513982e-04
5.738739797834568673e-04
5.797607918793801218e-04
5.855832128418114301e-04
5.749035851295048339e-04
5.782313156487362210e-04
5.824068294714379807e-04
5.745625182953517651e-04
5.744422403950010924e-04
5.665539310484746672e-04
5.812796354803140709e-04
5.741903419675508779e-04
5.773566141670016588e-04
5.841007167418865937e-04
5.762468487773731319e-04
5.705980386210285360e-04
5.750772296323703120e-04
5.707116008579760091e-04
5.795492884317354765e-04
5.780186110314389008e-04
5.785738649592530713e-04
5.805639581467403115e-04
5.793450033706904357e-04
5.705664033030189092e-04
5.750697520397807022e-04
5.763129739534633917e-04
5.817567110170784438e-04
5.826125546263937870e-04
5.786961268313461698e-04
5.810182804452778804e-04
5.838096096340450892e-04
5.768288441686308726e-04
5.774962840860098584e-04
5.757738884312856974e-04
5.717454549994726914e-04
5.809348511320421970e-04
5.798192095880950071e-04
5.734340209528454146e-04
5.739240231378061946e-04
5.722124233216163702e-04
5.747137233356625508e-04
5.758510216310241741e-04
5.750914826421649629e-04
5.728440240091003510e-04
5.687237341135187091e-04
5.789331795767793448e-04
5.873210886875313008e-04
5.773214962118799597e-04
5.723104001390310952e-04
5.696341982456942354e-04
5.771258632194075765e-04
5.663822634687676761e-04
5.756802525411330428e-04
5.762422968473401418e-04
5.730289208713656556e-04
5.789659283436776171e-04
5.758651073392683905e-04
5.678490470927499917e-04
5.766559941548620848e-04
5.738364493481640238e-04
5.732926473683619189e-04
5.678577321305055886e-04
5.715856023925880653e-04
5.808285673083446454e-04
5.731808513246505971e-04
5.767264162386709792e-04
5.757315282608032724e-04
5.701304786725813539e-04
5.787709210835600537e-04
5.741685818520636097e-04
5.730312650484847836e-04
5.749854949499422219e-04
5.832938968978850901e-04
5.686190319920570325e-04
5.789385989373840424e-04
5.739419417295721576e-04
5.767615952208870805e-04
5.762209371368953292e-04
5.686261265054782122e-04
5.777600828878349127e-04
5.756755104812327989e-04
5.732579957566485539e-04
5.676039351783402232e-04
5.784688178209762555e-04
5.761352952958987078e-04
5.798732863695477135e-04
5.787390525256342223e-04
5.780914247225154906e-04
5.677830732111032851e-04
5.812597258227469432e-04
5.656290298702515646e-04
5.687082328222458748e-04
5.734698097512591630e-04
5.774643775566801196e-04
5.715287648399680186e-04
5.787664463241526391e-04
5.777622142431937174e-04
5.668188051913602759e-04
5.703282097783812354e-04
5.724613103211595227e-04
5.756759918767784040e-04
5.761333892678521590e-04
5.691552047210280069e-04
5.804123107736814053e-04
5.775323942998511918e-04
5.799245582693401523e-04
5.758986411819932765e-04
5.805078520097594740e-04
5.737162752211588451e-04
5.821451454721682239e-04
5.744499639149580400e-04
5.797907792839396279e-04
5.789051050214766509e-04
5.783182497452798781e-04
5.774573440248786504e-04
5.754841303769353978e-04
5.857972812464140588e-04
5.777752967787818782e-04
5.809344201679778486e-04
5.786876709407806196e-04
5.789119632936490451e-04
5.760703932537580407e-04
5.757740958415525018e-04
5.752869330990506569e-04
5.700404016806715369e-04
5.887648964744585534e-04
5.892081135243643075e-04
5.729622054786887454e-04
5.713797826047084744e-04
5.774809930244373174e-04
5.810917943563254518e-04
5.768973193426063300e-04
5.713202095648739704e-04
5.777930749445659092e-04
5.746451010054442815e-04
5.758732979757041903e-04
5.731669969009089982e-04
5.692276337867952386e-04
5.671017891017982038e-04
5.736835076731950029e-04
5.788869032585352691e-04
5.686816031811759310e-04
5.784460289305570985e-04
5.813883221435390148e-04
5.704987144781626263e-04
5.855453947788191510e-04
5.761250087743974724e-04
5.773025308826618563e-04
5.753203162839782159e-04
5.800522514618933635e-04
5.785112938156089729e-04
5.758296802923723806e-04
5.821810652832937194e-04
5.782999823622958935e-04
5.747197449181840057e-04
5.770512522303760999e-04
5.777823477274068647e-04
5.774790965006104454e-04
5.779951588465337842e-04
5.787076210708619762e-04
5.709542578188120171e-04
5.756471838139987302e-04
5.742807984461251181e-04
5.765429657003551690e-04
5.741225288147689277e-04
5.765790354416821650e-04
5.789548554730572071e-04
5.761862078543344545e-04
5.805736647289449831e-04
5.762586598848429059e-04
5.669553569532581388e-04
5.723200544707652149e-04
5.717437175007944461e-04
5.830905261518636983e-04
5.766050401234679157e-04
5.822100272780516683e-04
5.720752893012103889e-04
5.766927346940065469e-04
5.798290230359271370e-04
5.684451565684866875e-04
5.704474073354503854e-04
5.708279110876901975e-04
5.789305114831222020e-04
5.742945727888581608e-04
5.749976134211465034e-04
5.749607933012157446e-04
5.750408485255320340e-04
5.828428048516798516e-04
5.721662791984272189e-04
5.850897280652133780e-04
5.790103317394823751e-04
5.757331663062359656e-04
5.754915249326586707e-04
5.777266418590442992e-04
5.758743650858377371e-04
5.737097475957853455e-04
5.798619783490722036e-04
5.792961584120348778e-04
5.769851633431244192e-04
5.737105178468482553e-04
5.781252333690644956e-04
5.802519688131724251e-04
5.776607454663462270e-04
5.736552960115659083e-04
5.722031385630543376e-04
5.738783447668538429e-04
5.870810623946453709e-04
5.812247665289760118e-04
5.734293827572400481e-04
5.747488308315950711e-04
5.757306387295102468e-04
5.795773325189656610e-04
5.671591082318627308e-04
5.801066956337308945e-04
5.740645142850552950e-04
5.833851362694985731e-04
5.794997972770943090e-04
5.664119948505686331e-04
5.769582151515350709e-04
5.759654207849962621e-04
5.713716800983092547e-04
5.727516086153627839e-04
5.729812056415539917e-04
5.863715137365943086e-04
5.752640153787070155e-04
