1.190733951330184937e+02
4.718638669252395346e+01
2.420613845586776591e+01
1.743814634680747844e+01
1.336474149227142405e+01
1.099049090892076563e+01
9.237550286948680522e+00
8.344932173192500358e+00
7.805952481925487518e+00
7.204286903142929077e+00
6.859935566782951355e+00
6.143833924829960047e+00
5.892582711577415644e+00
5.662425826489925207e+00
5.199054789543152033e+00
4.927763338387012304e+00
4.527249237895011547e+00
4.433682902902364553e+00
4.048780345171690165e+00
3.904011461138725103e+00
3.634577648341655642e+00
3.441453591734171091e+00
3.184463059157133014e+00
3.091713526844978244e+00
2.928111287951469244e+00
2.787486551702022641e+00
2.623647687584161670e+00
2.474384368956088931e+00
2.310777453333139331e+00
2.289640300720930277e+00
2.151410540938377469e+00
2.082362109050154508e+00
1.980936641991138503e+00
1.948179530724883035e+00
1.863200432434678033e+00
1.829902542755007744e+00
1.755197394639253616e+00
1.685260267928242683e+00
1.602403652295470327e+00
1.589607740193605512e+00
1.495462195202708289e+00
1.440261218696832657e+00
1.358265298232436136e+00
1.338432063534855887e+00
1.291364607214927629e+00
1.271660884097218558e+00
1.220716696232557297e+00
1.186768978834152222e+00
1.174742068350315138e+00
1.147892694175243422e+00
1.139270249009132430e+00
1.107757117040455430e+00
1.075245025567710400e+00
1.086474664881825536e+00
1.075757019221782684e+00
1.069965654052793980e+00
1.059961847215890929e+00
1.039800990559160754e+00
1.044357316941022962e+00
1.031652523763477713e+00
1.020399207621812909e+00
1.033349716477096170e+00
1.012227702513337046e+00
9.993707761168479919e-01
1.004152285121381327e+00
9.986981345340609773e-01
1.011261437647044570e+00
1.004492974653840021e+00
1.015724191628396555e+00
1.030587926879525273e+00
1.013647947087883860e+00
1.009348649531602859e+00
1.004603523202240556e+00
1.022171951830387115e+00
9.876174822449683699e-01
9.898868607357144134e-01
9.936406658962368965e-01
9.873300986364483833e-01
1.016637565940618604e+00
1.001804392598569349e+00
1.006769687868654728e+00
9.856242235749960168e-01
9.922466769814490828e-01
9.790022771805524382e-01
9.923649411648511887e-01
1.001541174389422029e+00
9.983655855059623274e-01
9.758105332031845602e-01
9.826255448162555250e-01
9.901588255539536254e-01
9.733518479391932710e-01
9.922823626548051834e-01
9.815889431163669077e-01
9.852093454450369103e-01
9.782375510782003181e-01
9.897517925128340721e-01
9.746973993256687896e-01
9.731500398367642912e-01
9.803971640765667406e-01
9.758104842156172243e-01
9.752204867079854456e-01
9.770189639180898444e-01
9.820212509483099428e-01
9.877821741625666396e-01
9.810675458982587305e-01
9.737612893804907799e-01
9.873342890292405860e-01
9.694805219769477844e-01
9.830875918269157410e-01
9.853547973558306472e-01
9.672454228624701722e-01
9.737259007990359816e-01
9.736356664448976295e-01
9.671064846217631850e-01
9.609038719907403436e-01
9.649485237896442413e-01
9.624216282740235551e-01
9.687917025759815726e-01
9.714404346421361414e-01
9.616019561886787193e-01
9.600266046822071297e-01
9.680670494213700072e-01
9.675100119784474373e-01
9.610517116263508353e-01
9.573658194392919984e-01
9.584188871085643768e-01
9.576976578682661057e-01
9.584147052839397940e-01
9.643215198069811089e-01
9.637217974290251954e-01
9.569053992629050764e-01
9.556410424411296844e-01
9.525201844051480737e-01
9.469942754134536012e-01
9.454390352591872659e-01
9.329140840098262277e-01
9.210125667974352615e-01
9.190189940854907036e-01
9.154984414577483909e-01
9.186472740024328454e-01
9.028032528236508147e-01
9.162118796259164366e-01
9.142253682017326133e-01
8.964563300833106041e-01
9.086406944319606049e-01
8.944017540663480315e-01
8.956794168800115141e-01
9.034177178516984430e-01
8.959881100803613885e-01
8.968800064176321030e-01
8.974946852773427741e-01
8.926039190962911096e-01
9.058523736894130707e-01
8.983389364555478540e-01
8.917114239186048064e-01
8.979888368397951348e-01
8.948033027350902335e-01
8.941557282581925614e-01
8.950361182913184610e-01
8.906587664037942664e-01
8.980988230556249396e-01
8.908080639317631499e-01
8.890279211103916390e-01
8.911332614719867928e-01
8.969935730099678484e-01
8.931953120976686700e-01
8.918022615835070610e-01
8.903651997447014077e-01
8.907761754468083160e-01
8.923544276505708250e-01
8.978489572182297707e-01
8.922645367681980577e-01
8.905176116153598054e-01
8.890416009351611581e-01
8.934229128062725067e-01
8.899164780974387901e-01
8.934081483632325682e-01
8.896499751135706902e-01
9.051153641194105148e-01
8.875741140916943994e-01
8.922610085457562956e-01
8.908535163849592431e-01
8.888893380761146989e-01
8.915376145392656104e-01
8.905581174418329971e-01
8.882466569542885049e-01
8.869933201000094192e-01
8.905140992254019228e-01
8.863194301724434121e-01
8.856146575883030447e-01
8.913580095395445824e-01
8.855870364233850989e-01
8.849597144871950150e-01
8.878559071570635286e-01
8.846763169392943826e-01
8.900882590562104735e-01
8.844450814649462700e-01
8.846670288592577425e-01
8.859001629054545912e-01
8.838430615141987801e-01
8.852049298584461212e-01
8.947117792442440543e-01
8.843382667750120385e-01
8.836966188624501006e-01
8.845432251691818237e-01
8.852718604728579965e-01
8.846060965210199578e-01
8.877321133390069230e-01
8.865449696779250655e-01
8.901164541020989418e-01
8.854097682982683404e-01
8.900152541697025077e-01
8.842138407751918283e-01
8.847477495670318381e-01
8.857252774760127068e-01
8.862061683088541253e-01
8.847322795540094598e-01
8.855227224528789964e-01
8.841276286169886811e-01
8.845681790262460709e-01
8.850438045337796211e-01
8.848585147410631402e-01
8.880553394556045532e-01
8.857646523043513076e-01
8.892763793468475564e-01
8.843205731362104860e-01
8.841591235250234604e-01
8.838627185672521813e-01
8.854535549879074541e-01
8.863854508846997771e-01
8.857534173876047134e-01
8.852351486682892290e-01
8.848486682400107384e-01
8.883219894021749941e-01
8.837211359292268531e-01
8.840438192710280418e-01
8.869690438732504845e-01
8.833147753030061722e-01
8.874721374362707360e-01
8.879273127764463203e-01
8.837151598185301049e-01
8.850844752043485197e-01
8.842494439333676848e-01
8.870175611227750778e-01
8.849130002781748772e-01
8.869682036340236220e-01
8.836709769442677720e-01
8.857140850275755373e-01
8.858324412256479707e-01
8.853249987587332726e-01
8.852418083697557449e-01
8.850645000115037186e-01
8.854569526389240997e-01
8.861331285908817801e-01
8.845564456656574981e-01
8.872067956253886223e-01
8.835630606859922187e-01
8.840829085558652434e-01
8.857322640717029127e-01
8.857124341651797517e-01
8.830198114737868309e-01
8.856675669550895247e-01
8.894297299906611665e-01
8.859513267874717934e-01
8.864131802693009377e-01
8.847337620332836883e-01
8.880764598026871237e-01
8.834994155913591385e-01
8.861917244270444138e-01
8.857933519408106582e-01
8.845081705600023048e-01
8.917079463601111922e-01
8.852892981842159781e-01
8.856011506170033964e-01
8.894107533618808015e-01
8.868671532720326933e-01
8.861880347132682356e-01
8.847476121038198027e-01
8.847036316990852800e-01
8.857641791924834029e-01
8.861804815009236558e-01
8.853131875395774397e-01
8.871953610330820528e-01
8.868553189560770544e-01
8.841041726991534233e-01
8.843065198510885461e-01
8.896219264715909958e-01
8.834170030429959741e-01
8.927176659926772118e-01
8.856094215065241082e-01
8.830572530627250893e-01
8.847448907792567763e-01
8.873698456212878449e-01
8.862799536436796188e-01
8.847854197025298850e-01
8.842234428972005622e-01
8.875928025692700896e-01
8.862182999029755148e-01
8.871308350935578346e-01
8.882370799779891746e-01
8.853624394163489564e-01
8.861497201025485548e-01
8.877222245559096558e-01
8.840052004903554694e-01
8.934376146644353867e-01
8.832727616652846780e-01
8.896158957853913529e-01
8.881937006488442865e-01
8.831912668421864065e-01
8.923344716429710832e-01
8.869339901953935401e-01
8.843201911076903343e-01
8.848448611795902696e-01
8.862317897379398124e-01
8.848084619268774542e-01
8.831856215372682062e-01
8.847363505512475523e-01
8.845164746046065840e-01
8.846783041954040527e-01
8.848522610962390456e-01
8.846642624586820158e-01
8.848112577572464499e-01
8.863709539175033125e-01
8.861369712278246435e-01
8.843926893547177093e-01
8.854787848889827950e-01
8.839072557166218758e-01
8.860960105434060319e-01
8.877391967922448890e-01
8.881130835041404215e-01
8.866500040516257508e-01
8.845560010522603989e-01
8.852350877597927603e-01
8.836645331233740075e-01
8.865629512816667335e-01
8.843947207555175050e-01
8.854558525606990305e-01
8.888908196240663528e-01
8.855453545227647272e-01
8.849044447764754517e-01
8.843030050396919473e-01
8.863568969070911852e-01
8.859727090224623902e-01
8.842860629782081094e-01
8.853201104328036752e-01
8.883643327280879021e-01
8.848573060706257376e-01
8.871040364727378336e-01
8.852714868262410164e-01
8.871816072613001314e-01
8.843764178454875946e-01
8.875027254223823991e-01
8.848488656803965569e-01
8.852148475125432014e-01
8.852447804063559023e-01
8.860405925661325455e-01
8.846802903339266999e-01
8.848125349730253664e-01
8.864786874502896818e-01
8.833837009966373222e-01
8.847595516592263731e-01
8.855573114007710966e-01
8.845053773373365846e-01
8.861332602798939195e-01
8.851909954100847244e-01
8.848898516967892425e-01
8.848511315882205963e-01
8.874510731548070908e-01
8.856301696971058401e-01
8.845647569745779260e-01
8.869352696463466135e-01
8.847105104476213899e-01
8.830838270485401598e-01
8.849623551592230575e-01
8.862541759386658446e-01
8.856953302398323791e-01
8.861787173897027747e-01
8.901825150474905746e-01
8.883039383217692375e-01
8.850351462140679804e-01
8.839203892275691032e-01
8.832079004496335983e-01
8.851464979350567308e-01
8.861228132620453390e-01
8.854987161234021409e-01
8.937450340017676353e-01
8.873493291437626329e-01
8.840741895139216933e-01
8.847069535404443741e-01
8.861750695854425652e-01
8.861433533951640351e-01
8.871613763272762077e-01
9.001133957877754943e-01
8.836023326963186042e-01
8.848566735163331254e-01
8.841523202136158943e-01
8.846837824210525003e-01
8.889300512149930222e-01
8.843819577246904151e-01
8.842694306746124999e-01
8.853509647771715674e-01
8.860836761072278245e-01
8.850172026082873122e-01
8.859534811228513274e-01
8.878823023289441618e-01
8.862072195857763068e-01
8.850296478718518989e-01
8.839080298319459406e-01
8.913783002644777298e-01
8.830075785517692566e-01
8.844496706500649674e-01
9.013651907444000244e-01
8.847638908773660660e-01
8.835192823782562765e-01
8.878436271101236565e-01
8.835714416578411834e-01
8.850665789097547087e-01
8.898296000435947928e-01
8.867741806432605234e-01
8.845104709267616050e-01
8.858932718634605630e-01
8.840368252247572389e-01
8.860925070941447768e-01
8.848194098100066185e-01
8.851666674017906189e-01
8.868146093562245813e-01
8.846460759639740434e-01
8.851948400959372965e-01
8.833173036575316939e-01
8.845261238515377267e-01
8.861665181815624459e-01
8.891580924391746521e-01
8.864351850003003852e-01
8.968684034422039764e-01
8.839535756036639436e-01
8.851035457104444726e-01
8.836574107408523560e-01
8.843719676136970742e-01
8.852562863379717095e-01
8.869346162304282410e-01
8.841564893722534402e-01
8.864234816282987595e-01
8.864192212000489013e-01
8.877997372299433199e-01
8.923195712268352509e-01
8.834057636559009552e-01
8.861752469092607498e-01
8.892547121271491273e-01
8.855525586754083855e-01
8.851961435750126395e-01
8.863542957231402841e-01
8.852134153246880022e-01
8.848603367805480957e-01
8.863489715382456557e-01
8.851735671982169373e-01
8.834674425423145738e-01
8.881394801661371963e-01
8.842202531173825042e-01
8.844212438911199792e-01
8.877671914175152557e-01
8.860955253243446572e-01
8.864018158987164719e-01
8.844988366588950601e-01
8.854114307090640290e-01
8.839635999873280969e-01
8.849582744762301001e-01
8.900239028036593947e-01
8.855378961190580878e-01
8.843622431159019470e-01
8.870933271944523302e-01
8.860029270872473717e-01
8.887755997478962167e-01
8.849966878071426901e-01
8.862096926197409186e-01
8.840681303292512450e-01
8.844654358923434989e-01
8.853810947388410790e-01
8.857867464423179182e-01
8.878551881760359255e-01
8.855366708710790125e-01
8.834411313757299933e-01
8.844798728823661804e-01
8.851689005270599875e-01
8.873192472383379936e-01
8.855168681591749635e-01
8.850997542962432130e-01
8.858404858037829399e-01
8.856116048991680145e-01
8.869936486706138101e-01
8.854272723197936790e-01
8.844249207526445611e-01
8.835279617458582369e-01
8.848574999719858170e-01
8.847611000761389510e-01
8.873251117765903473e-01
8.838130393996834755e-01
8.835228789597749932e-01
8.856678454205393347e-01
8.882922325283288956e-01
8.857507552951574548e-01
8.851494703441857848e-01
8.837736938148736954e-01
8.858390314504503982e-01
8.862575188279151472e-01
8.873609615489840285e-01
8.852866081520914809e-01
8.850898088887333426e-01
8.853014932945371118e-01
8.833589056506753190e-01
8.861322689801454100e-01
8.854375837370753732e-01
8.852046910673380120e-01
8.881824482232332230e-01
8.846248567104340044e-01
8.862939782440661940e-01
8.874366363510489686e-01
8.847535839304327965e-01
8.913237268105149713e-01
8.867162462323904260e-01
8.841619748622179253e-01
8.877202590927482095e-01
8.837888034060596976e-01
8.854021551087498665e-01
8.843541001901030763e-01
8.856791285797953606e-01
8.855856234207749589e-01
8.872518194839358330e-01
8.873546089977025764e-01
8.852659609168768151e-01
8.866472529247403367e-01
8.876973122358322588e-01
8.868624268099665198e-01
8.843466673046350701e-01
8.843763234093785508e-01
8.850108725950122102e-01
8.870452104136348215e-01
8.863940304145216942e-01
8.852183558046817780e-01
8.874872026965021643e-01
8.852618031203747240e-01
8.897389993071556091e-01
8.827054634690284507e-01
8.859255105257034524e-01
8.855388434603810310e-01
8.856292899698019472e-01
8.836554564535618050e-01
8.857879949733614700e-01
8.853911541402339491e-01
8.841762814670801607e-01
8.877562686800957170e-01
8.847776617854833381e-01
8.854517972096800360e-01
8.852188196033239365e-01
8.850596647709607634e-01
8.881892563775182214e-01
8.857844779267907143e-01
8.837199520319700685e-01
8.854665031656623331e-01
8.864953130483627097e-01
8.849952725693583933e-01
8.840325893834233284e-01
8.858604717999696287e-01
8.859831944108009782e-01
8.850628020241856353e-01
8.857069017365575281e-01
8.912431161850691286e-01
8.843149591237307039e-01
8.870231442153453383e-01
8.879013953730463538e-01
8.868912855163216813e-01
8.850000157952309099e-01
8.885265851393342462e-01
8.848147211596369965e-01
8.844514379277825800e-01
8.870555453002453294e-01
8.840761287137866020e-01
8.887842327356338945e-01
8.891311369836329970e-01
8.860775668174027953e-01
8.864567715674638304e-01
8.852266250178217888e-01
8.870017856359482256e-01
8.831922093406319174e-01
8.862223360687494500e-01
8.864590371027588622e-01
8.837526580318808556e-01
8.857318459078669104e-01
8.857266554608941300e-01
8.855648608878254890e-01
8.838977510109543578e-01
8.855338003486394882e-01
8.850087760016321914e-01
8.862616896629333940e-01
8.881783911958336386e-01
8.862260363996028456e-01
8.856597362086177094e-01
8.858156209811568482e-01
8.869720537215470824e-01
8.851322967559098753e-01
8.844391452148556709e-01
