1.053650232076644926e+02
4.180198244452476786e+01
1.370976742208003962e+01
1.080261317193508219e+01
9.342643962800503132e+00
8.450843706727027893e+00
7.691272769868374048e+00
7.067863929271697820e+00
6.690691314637660980e+00
6.368689811229705455e+00
5.966446903347969233e+00
5.738695868849754689e+00
5.494007100164890467e+00
5.233648674190044758e+00
4.966718755662441254e+00
4.802485133707523168e+00
4.641009409725666224e+00
4.393353045731783091e+00
4.245763579756021144e+00
4.012601935118436991e+00
3.823052092641591848e+00
3.627068933099508286e+00
3.439642884582281290e+00
3.252785994112491696e+00
3.218028541654348373e+00
3.031381949037313284e+00
2.919633473455905737e+00
2.809404246509075165e+00
2.716461450606584727e+00
2.662925662100315005e+00
2.563509695976972758e+00
2.529382377862930298e+00
2.489049924165010363e+00
2.436335123330354513e+00
2.371903184801340103e+00
2.370733596384525299e+00
2.333464761078357874e+00
2.305946550145745455e+00
2.293034723401069730e+00
2.294967340677976697e+00
2.276678396761417478e+00
2.250619420036673368e+00
2.251275862753391088e+00
2.240363505110144704e+00
2.219432907551527112e+00
2.187064723670482547e+00
2.190206673741340815e+00
2.191765239089727313e+00
2.184486064314842046e+00
2.181574273109435858e+00
2.181668990850448520e+00
2.176838804781437098e+00
2.169227328151464462e+00
2.162239387631416321e+00
2.168991763889789759e+00
2.161440685391426086e+00
2.160887549072504132e+00
2.154260685294866473e+00
2.153426541760564028e+00
2.160487773269414991e+00
2.158000343665480436e+00
2.153648647665977300e+00
2.165299335867166608e+00
2.160467040538788019e+00
2.146952620148658841e+00
2.149296887964010416e+00
2.151131443679332733e+00
2.153107937425374985e+00
2.153683892637491049e+00
2.148662818968296140e+00
2.147197356820106595e+00
2.148694998770952047e+00
2.142323574423790067e+00
2.144067924842238515e+00
2.143215603381395162e+00
2.142201174050569534e+00
2.144979907944798647e+00
2.145283552259206861e+00
2.143964772671461017e+00
2.144911742210388272e+00
2.143424680456519127e+00
2.142912735044956385e+00
2.144808876886963755e+00
2.143964304029941648e+00
2.144263508915901006e+00
2.145796628296375186e+00
2.145327249169349582e+00
2.143722733110189349e+00
2.140555362403392614e+00
2.139303533732891172e+00
2.141991338878869833e+00
2.146216116845607758e+00
2.143148953467607587e+00
2.141223233193159103e+00
2.141406942903995692e+00
2.142823938652873128e+00
2.140132052451372058e+00
2.140102192759513855e+00
2.141146587207913399e+00
2.139243126660585581e+00
2.140924918651580633e+00
2.139025492593646049e+00
2.143193940818309606e+00
2.139878194779157639e+00
2.139814065396785647e+00
2.139857837557792575e+00
2.137950316071510315e+00
2.138018862903118045e+00
2.141137734055519104e+00
2.143142953887581914e+00
2.140918337181210607e+00
2.140080239623785019e+00
2.141378124058246790e+00
2.137705874815583051e+00
2.139215351641178042e+00
2.138894983008504003e+00
2.141419210657477201e+00
2.144716069847345530e+00
2.141956337913870634e+00
2.139853351935744108e+00
2.143586827442049980e+00
2.141201675310731023e+00
2.138884303718805224e+00
2.143275266513228416e+00
2.140024766325950623e+00
2.138037686422467054e+00
2.139391038566827774e+00
2.138777251541614355e+00
2.138295394554734052e+00
2.138096260651946245e+00
2.137390869110822766e+00
2.139074551314115613e+00
2.141277412697673022e+00
2.139572139456868083e+00
2.139109507203102112e+00
2.138788752630353063e+00
2.140782307833433151e+00
2.139530958235263736e+00
2.141797501966357320e+00
2.140507724881172358e+00
2.138156953454017462e+00
2.139060486108064651e+00
2.137984582036733805e+00
2.140441480278968633e+00
2.139999796450138270e+00
2.138157560676336111e+00
2.138577810674905599e+00
2.137886426597833456e+00
2.138540523499250501e+00
2.139193244278430939e+00
2.138265409320593058e+00
2.138079401850700556e+00
2.137968160212039948e+00
2.139350520819425672e+00
2.139332372695207596e+00
2.138814992830157191e+00
2.138549794256687342e+00
2.139363095909357249e+00
2.140093300491571426e+00
2.137305871397257029e+00
2.139349487051367849e+00
2.138387396931648254e+00
2.141349948197603048e+00
2.141349365562200457e+00
2.139056843519210993e+00
2.137831684201955795e+00
2.138283769786357702e+00
2.138512663915753453e+00
2.138746408745646477e+00
2.138520718365907847e+00
2.138947441428899587e+00
2.138528857752680867e+00
2.138370389491319745e+00
2.142732803151011556e+00
2.141404823213815867e+00
2.139434999972581686e+00
2.141574000567197711e+00
2.138796366006135763e+00
2.136821078509092420e+00
2.137139752507209778e+00
2.137391504645347773e+00
2.138779823482036768e+00
2.138759845867753029e+00
2.141071468964219182e+00
2.139770925417542546e+00
2.138427496701479136e+00
2.136915928125381559e+00
2.139177119731903165e+00
2.138953804969787598e+00
2.137078833952545942e+00
2.138315348699689089e+00
2.138489292562007815e+00
2.137820319831371219e+00
2.140180806070566266e+00
2.138875119388103485e+00
2.139107787236571134e+00
2.138157945871353327e+00
2.139552767574786962e+00
2.137838097661733716e+00
2.138533818721771063e+00
2.139953269809484304e+00
2.138060525432229131e+00
2.137509784474969088e+00
2.137017320469021708e+00
2.139624017477035345e+00
2.138377684727311046e+00
2.141891936585307299e+00
2.137969302758574663e+00
2.137002733349800287e+00
2.139026930928230374e+00
2.139077891409397303e+00
2.137926409393549054e+00
2.141114345565438448e+00
2.138495691120624542e+00
2.142146825790405273e+00
2.136591016128659426e+00
2.137016781419515787e+00
2.140831283852457911e+00
2.139477720484137535e+00
2.139264941215515137e+00
2.139260093867778600e+00
2.139237609505653559e+00
2.137241424992680550e+00
2.140153646841645330e+00
2.139419220387935638e+00
2.137891982495784937e+00
2.138680466264486491e+00
2.138786837458610535e+00
2.139282237365841777e+00
2.139020872861146838e+00
2.138723019883036702e+00
2.137554720044136047e+00
2.139494645223021685e+00
2.137677201628684909e+00
2.137602510675788103e+00
2.138426064327359377e+00
2.138604516908526598e+00
2.139633043482899843e+00
2.139184914901852697e+00
2.138589047640562235e+00
2.137743384763598264e+00
2.138357174769043745e+00
2.137962478399276556e+00
2.139064621925354182e+00
2.138518166542053400e+00
2.138475771993398666e+00
2.137083479017019449e+00
2.138155675306916415e+00
2.137736331671476364e+00
2.139542811736464323e+00
2.139936786144971848e+00
2.139321900159120382e+00
2.137328910827636541e+00
2.136779632791876882e+00
2.138833673670887947e+00
2.136774022877216517e+00
2.140175926685333074e+00
2.139916522428393364e+00
2.137377940863371073e+00
2.143101535737514496e+00
2.141544454172253698e+00
2.139535031467675985e+00
2.137192147225141614e+00
2.137994330003857524e+00
2.138832079619169324e+00
2.136909074336290182e+00
2.138029319047928034e+00
2.137138396501541138e+00
2.136576937884092420e+00
2.138263838365674019e+00
2.136747251451015295e+00
2.139622170850634664e+00
2.138056229427456767e+00
2.136643427610397161e+00
2.137898924946784796e+00
2.138272046297788442e+00
2.138525310158729376e+00
2.138022030889987768e+00
2.137958251684904276e+00
2.138297353684902369e+00
2.140792129933834165e+00
2.139502195268869311e+00
2.140678322315216153e+00
2.136704696714878171e+00
2.136970204487442793e+00
2.139073865860700696e+00
2.137974338605999947e+00
2.138642886653542519e+00
2.138498881831765175e+00
2.140104630589485080e+00
2.138838452473282636e+00
2.137832724675535978e+00
2.138199039548635660e+00
2.138215423375368296e+00
2.137019506096839994e+00
2.142937473580241114e+00
2.138759157806634725e+00
2.139671747758984388e+00
2.138047847896814346e+00
2.136050894856452942e+00
2.139409228414296926e+00
2.137695471942424597e+00
2.138457578420639216e+00
2.138117703795432867e+00
2.138542696461081416e+00
2.137488601356744677e+00
2.137670056149363340e+00
2.137037143483758062e+00
2.139397910237312406e+00
2.138915254548192202e+00
2.137459558248520075e+00
2.139237736165523707e+00
2.137560570985078900e+00
2.138132407516240896e+00
2.139151321724057198e+00
2.137723005935549647e+00
2.139171981066465555e+00
2.138866483420133413e+00
2.137822408601641744e+00
2.141331823915243238e+00
2.139192167669534683e+00
2.138388413190841497e+00
2.139870201051235377e+00
2.139109045639634221e+00
2.138062045723200022e+00
2.137218359112739385e+00
2.137259507924318402e+00
2.139485107362270266e+00
2.136649724468588918e+00
2.138783532753586680e+00
2.137480628490448176e+00
2.137149175629019737e+00
2.138850748538970947e+00
2.137799905240535647e+00
2.135829307138919830e+00
2.133186344057321548e+00
2.133197666332125486e+00
2.130321718379855067e+00
2.133383339643478482e+00
2.133796073496341705e+00
2.128869300335645587e+00
2.129356270655989647e+00
2.128221767023205757e+00
2.127862320840358645e+00
2.128985004499554634e+00
2.130405561998486519e+00
2.128433212637901306e+00
2.128157837688922971e+00
2.128130801767111002e+00
2.131949271261691869e+00
2.128223899379372508e+00
2.127367220446467311e+00
2.127139283716678708e+00
2.127634301409125239e+00
2.128885956481099129e+00
2.127666297182440935e+00
2.129254904761910261e+00
2.127284725010395228e+00
2.128068861737847151e+00
2.128170960023999303e+00
2.129481098800897421e+00
2.128865089640021413e+00
2.127724596112966715e+00
2.129339582473039449e+00
2.131610987707972527e+00
2.129723177105188547e+00
2.128240511193871587e+00
2.126643799617886632e+00
2.128915607929229736e+00
2.129065800458192825e+00
2.126578707247972488e+00
2.128882127255201429e+00
2.127962198108434677e+00
2.127860182896256447e+00
2.127411384508013814e+00
2.129698567092418671e+00
2.128183770924806595e+00
2.128082551807165324e+00
2.128085676208138377e+00
2.128056523576378645e+00
2.128982527926564394e+00
2.129343009740114034e+00
2.128718716651201159e+00
2.127691008895635782e+00
2.128352653980255305e+00
2.129373888298869311e+00
2.127635902166366666e+00
2.127740370482206433e+00
2.128762001544237226e+00
2.126711236685514539e+00
2.128322573751211255e+00
2.128024083375930964e+00
2.127504093199968249e+00
2.129110803455114276e+00
2.128822306916117846e+00
2.127065223082900136e+00
2.129741957783699124e+00
2.129387386888265787e+00
2.128525637835264384e+00
2.127531562745571314e+00
2.129179941862821668e+00
2.129341051355004399e+00
2.128373527154326261e+00
2.130788445472717285e+00
2.127585952728986651e+00
2.127939626574516296e+00
2.130427202582359403e+00
2.130845235288143069e+00
2.128168519213795573e+00
2.127749267220496954e+00
2.127614289522171021e+00
2.130368903279304504e+00
2.128771531581878484e+00
2.129373092949390589e+00
2.128288411721587003e+00
2.127973357215523720e+00
2.128093511611223398e+00
2.127695219963789075e+00
2.127697262540459544e+00
2.129193580895662130e+00
2.129075229912996470e+00
2.127171342819929034e+00
2.130466534197330564e+00
2.126256047189235776e+00
2.127981967478990377e+00
2.129409623518585981e+00
2.127428483963012873e+00
2.126772965490817846e+00
2.127512152492999853e+00
2.129477161169051946e+00
2.126352310180664062e+00
2.126919654756784350e+00
2.127149109542370020e+00
2.127099654078483670e+00
2.128096590936183752e+00
2.127364679053425967e+00
2.129135863482952029e+00
2.126695635169744580e+00
2.125571374222636312e+00
2.128998220711946665e+00
2.128695087134838015e+00
2.129350665584206492e+00
2.127873682603239835e+00
2.126537274196743876e+00
2.126588793843984693e+00
2.129567877203226267e+00
2.130974053964018733e+00
2.128383450582623571e+00
2.129817039519548594e+00
2.128294133394956766e+00
2.127320988848805605e+00
2.127978365123271765e+00
2.127936835587024511e+00
2.131785749271512209e+00
2.126405848562717527e+00
2.129606119543313802e+00
2.127561183646321297e+00
2.127144847437739461e+00
2.128985754400491537e+00
2.127462023124098600e+00
2.125898997485637487e+00
2.119298639893531622e+00
2.116492110118270098e+00
2.114442129060626119e+00
2.110635950043797671e+00
2.109432505443692207e+00
2.111061082780361087e+00
2.112244613468647003e+00
2.109963186830282389e+00
2.109721282869577497e+00
2.109554995968937696e+00
2.109018063172698021e+00
2.108041074872017084e+00
2.109189900383353411e+00
2.109456020966172130e+00
2.107646019756793887e+00
2.108065674453973859e+00
2.107811125367879956e+00
2.108502484112977804e+00
2.107340439781546504e+00
2.108568514883518041e+00
2.109185473993420601e+00
2.108735560253262697e+00
2.108349469676613630e+00
2.107461955025792033e+00
2.108968665823340416e+00
2.108792279660701929e+00
2.107954337447881521e+00
2.107959624379873276e+00
2.108453549444675446e+00
2.108733488246798515e+00
2.106602824106812655e+00
2.109455671161413193e+00
2.108474440872669220e+00
2.109268193691968829e+00
2.109176321327686399e+00
2.107755636051297010e+00
2.107589630782604306e+00
2.109042786806822001e+00
2.109213814139366150e+00
2.107742238789796829e+00
2.109319555759429754e+00
2.107470447197556496e+00
2.106853464245796115e+00
2.107833828032016577e+00
2.107777973264455706e+00
2.108713815361261457e+00
2.109188593178987325e+00
2.107904927432536990e+00
2.108812386915087878e+00
2.107137534022331060e+00
2.110487603768706144e+00
2.108597695454955012e+00
2.108055038750171750e+00
2.110314261540770620e+00
2.107944701611995875e+00
2.112336474284529864e+00
2.110830204933881848e+00
2.107946377992630183e+00
2.108873492851853548e+00
2.107918409630656242e+00
2.109464178979396642e+00
2.107468584924936383e+00
2.109228358790278257e+00
2.107573965936899274e+00
2.108609588816761971e+00
2.107584322616458117e+00
2.109849926456809133e+00
2.107403970509767355e+00
2.108640680089592934e+00
2.108938362076878459e+00
2.109639725089073270e+00
2.107830504328012555e+00
2.109403487294912338e+00
2.107621278613805771e+00
2.108194454386830508e+00
2.110816590115427882e+00
2.109456312656402766e+00
2.107764774560928256e+00
2.108567906171083361e+00
2.108521534502506345e+00
2.107894658297300161e+00
2.108358392864465802e+00
2.107670338451862246e+00
2.108324491232633768e+00
2.108370545879006297e+00
2.110313266888260930e+00
2.109430245682597072e+00
2.107015168294310570e+00
2.108167372643947601e+00
2.107569247111678035e+00
2.108967389911413193e+00
2.109940479695796789e+00
2.107958701997995288e+00
2.109325506910681547e+00
2.108868521079421132e+00
2.109629699215292753e+00
2.108747152984142392e+00
2.112236901372670950e+00
2.108793485909700394e+00
2.107874288037419497e+00
2.109693759679794223e+00
2.107735289260745049e+00
2.107286499440669925e+00
2.107680407911538989e+00
2.108279802650213419e+00
2.107439272478222936e+00
2.108739550411701025e+00
2.108925616741180509e+00
2.108968541398644536e+00
2.109045265614986508e+00
2.108156969398260028e+00
2.108796355128288447e+00
2.108280278742313385e+00
2.106951780617237091e+00
2.107756791636347771e+00
2.108721340075135231e+00
2.109258175641298472e+00
2.108060477674007505e+00
2.109968043118715109e+00
2.108830336853861898e+00
2.107324006408453076e+00
2.108696389198303045e+00
2.108688168227672577e+00
2.108302231878042221e+00
2.108495172485709279e+00
2.108806119114160715e+00
2.108769481629133136e+00
2.108614203706383528e+00
2.109395290166139691e+00
2.107406169176101685e+00
2.108262918144464315e+00
2.110533674433827223e+00
2.107107618078589262e+00
2.107787705212831320e+00
2.107694351300597013e+00
2.109764119237661273e+00
2.107284044846892357e+00
2.109052934125065892e+00
2.110206375643611132e+00
