2.250315021514892635e+02
1.177229126214981108e+02
6.770258611440658569e+01
4.215146754980086996e+01
2.879617444276809834e+01
1.942292893826961375e+01
1.493663778901100159e+01
1.172877509593963552e+01
1.070126521587371826e+01
9.771445219218730216e+00
8.736434081196785328e+00
7.952436229586600902e+00
7.602585877478122534e+00
7.272738431394100367e+00
6.816293102502823054e+00
6.374712115526198986e+00
5.963967584073543549e+00
5.577825182676315663e+00
5.224437971413135706e+00
4.980286686122417095e+00
4.653302305191755472e+00
4.445279565453529536e+00
4.143041989207267406e+00
3.857429420948028653e+00
3.629173089563846766e+00
3.291671241819858373e+00
3.180165641009807587e+00
2.978462430834770025e+00
2.790749008208513349e+00
2.595299293100834070e+00
2.443567872047424316e+00
2.293379495292902082e+00
2.154855173453688710e+00
2.060872506722807973e+00
1.904798105731606572e+00
1.831961653754115016e+00
1.787911470234394118e+00
1.648346119374036745e+00
1.588665983825922057e+00
1.472287885099649474e+00
1.433732039853930385e+00
1.341303959861397832e+00
1.292507252097129911e+00
1.248087288439273745e+00
1.197537827119231180e+00
1.178671601414680525e+00
1.127609186992049262e+00
1.080924494192004204e+00
1.060838262923061937e+00
1.060708644241094678e+00
1.006373469159007161e+00
9.998391179367900339e-01
9.684874376282095465e-01
9.521536493673921075e-01
9.546508023515343222e-01
9.442375605925917847e-01
9.353301811963319334e-01
9.009942131116985831e-01
8.862631991505622864e-01
9.105386171489954217e-01
8.671345602720975654e-01
8.452454807236791101e-01
8.229882674291729705e-01
8.369738828390836938e-01
8.394404476508497970e-01
8.078788604587316957e-01
8.113493552431464417e-01
8.248277146369218382e-01
8.138783147558570352e-01
8.024644013494253159e-01
7.970526931807399018e-01
7.854053277522325960e-01
7.958746869117021561e-01
7.673876587301492469e-01
7.690824883058666739e-01
7.773355150595306906e-01
7.972549634054303391e-01
7.919364377856255022e-01
7.866398312151432481e-01
7.524621089920401351e-01
7.741965476423502412e-01
7.436289420351386292e-01
7.634388050064444542e-01
7.430100383237003836e-01
7.918449116870760474e-01
7.544997805729508622e-01
7.633121119812130706e-01
7.708587583154440370e-01
7.413719214498997179e-01
7.627533890306950060e-01
7.639697404578328355e-01
7.468132194131612556e-01
7.383938983082771745e-01
7.431382596492767112e-01
7.458647111430763976e-01
7.358189236372709718e-01
7.441120848059654680e-01
7.386961424723267333e-01
7.494310921058058295e-01
7.579960806295276132e-01
7.608844857662916406e-01
7.431362995877861533e-01
7.326154604554175886e-01
7.259267633780837059e-01
7.437083475291729195e-01
7.331279056146741135e-01
7.275100627914070639e-01
7.436821823939681053e-01
7.538029508665203826e-01
7.341967917978763358e-01
7.254687475040555444e-01
7.375265497714280638e-01
7.251896098256110923e-01
7.430907113477587256e-01
7.291011866182088852e-01
7.464065833017230478e-01
7.621415920555592027e-01
7.185248812660575135e-01
7.219838783144950645e-01
7.175764279440045579e-01
7.345770569518208504e-01
7.263095278292894807e-01
7.274459330365061760e-01
7.170555219054222107e-01
7.451746517792343649e-01
7.246403107419610023e-01
7.338080689311027305e-01
7.266230482608080354e-01
7.196665262803435548e-01
7.284860203042626825e-01
7.236742733046412912e-01
7.471891259774565697e-01
7.255961215123534203e-01
7.189835883677005990e-01
7.177747845649719016e-01
7.235053556039929834e-01
7.287997977808118311e-01
7.240591203793883546e-01
7.231288071721791999e-01
7.172250015661120193e-01
7.160171557217835936e-01
7.226656369864941087e-01
7.309880880638957024e-01
7.207547495141625182e-01
7.210961978882550749e-01
7.400379598140716109e-01
7.308100968599319236e-01
7.170506142079829948e-01
7.208498615771532503e-01
7.168717434629797713e-01
7.279373435303568840e-01
7.317728204652667046e-01
7.262273211032151954e-01
7.310142682865261587e-01
7.190445000305771828e-01
7.247005125507712808e-01
7.215936847031116930e-01
7.163069749251007590e-01
7.164973843842744605e-01
7.117353420704602973e-01
7.093443481251597849e-01
7.101976383477449639e-01
7.115333706140518633e-01
7.163682624697684798e-01
7.111380204558372942e-01
7.232992343604565111e-01
7.084420951083302276e-01
7.148290004581212553e-01
7.187625775113701820e-01
7.121756145730614440e-01
7.214689267799258010e-01
7.087601577863097413e-01
7.145677793771028075e-01
7.070175653323531595e-01
7.140200125053525193e-01
7.129816597327589545e-01
7.197693450376391189e-01
7.056548653170466867e-01
7.035727476701140182e-01
7.232560178264975104e-01
7.113219574093818665e-01
7.145911525934934838e-01
7.174561180174350294e-01
7.059247866272926331e-01
7.088636280968785286e-01
7.229213874787092653e-01
7.128360468894243684e-01
7.050327414646744284e-01
7.073572786524892075e-01
7.221269575878977998e-01
7.050476828590035439e-01
7.091097198426723480e-01
7.291362434625625610e-01
7.229984600096941438e-01
7.041795728728175163e-01
7.111790074035525544e-01
7.188514342531562296e-01
7.090102676302194595e-01
7.149597007781267610e-01
7.117052465677261575e-01
7.089017450809478316e-01
7.284026494249701278e-01
7.104211214929818663e-01
7.048920059576631036e-01
7.117784319445490393e-01
7.141124503687024117e-01
7.067928830161690490e-01
7.131845338270068613e-01
6.976360239088534865e-01
6.882529614493251291e-01
6.732128845527768357e-01
6.614776985719800217e-01
6.637884097173809561e-01
6.465356020256877168e-01
6.568086352199316025e-01
6.429308101534843001e-01
6.562205517664552179e-01
6.609879404306411299e-01
6.461746489629149881e-01
6.450578661635517630e-01
6.466247752308845742e-01
6.543160518631339073e-01
6.560958139598369598e-01
6.455908080562948737e-01
6.491755241528153197e-01
6.421735608950257523e-01
6.484443435445428339e-01
6.520421503111719641e-01
6.378684176132083383e-01
6.479105301201343314e-01
6.390373885631561723e-01
6.428516875952482446e-01
6.406681735068560091e-01
6.461843717843294144e-01
6.547484453767538071e-01
6.453748442232608573e-01
6.386798191815614700e-01
6.451809508726000786e-01
6.317914569750427978e-01
6.388510970398784128e-01
6.473867472261189970e-01
6.390888193622231706e-01
6.292760167270898819e-01
6.370361978188157082e-01
6.328013092279434204e-01
6.351928906515240669e-01
6.373106347396969573e-01
6.348428420722485033e-01
6.389349997043609619e-01
6.273368222638964209e-01
6.389222495257854684e-01
6.461793409660459009e-01
6.289525609463453293e-01
6.281201863661408646e-01
6.403309799730777518e-01
6.305134095251559989e-01
6.298045214265585168e-01
6.297681001946330293e-01
6.345706908032298088e-01
6.336811006069182906e-01
6.347962684929371324e-01
6.301614914089441744e-01
6.312835846096277459e-01
6.445286236703395844e-01
6.394747832790017572e-01
6.281530540436506271e-01
6.288376905024051222e-01
6.244872462004422697e-01
6.318454850465059502e-01
6.309193262830377069e-01
6.304895227774978128e-01
6.316676005721092446e-01
6.331300867721438852e-01
6.426450060680508614e-01
6.374141559004783408e-01
6.307349843904376252e-01
6.301243549212813821e-01
6.354244694113730940e-01
6.319758834317326102e-01
6.365620784461498705e-01
6.312022907659411430e-01
6.353695172816514747e-01
6.247418045997619185e-01
6.301435189321636932e-01
6.347591867670416832e-01
6.251603350043296592e-01
6.461501382291316986e-01
6.324678363278508630e-01
6.317749246954917908e-01
6.473116096109151618e-01
6.267822170630097389e-01
6.315340803936123626e-01
6.274177193641662376e-01
6.274940628558397515e-01
6.338361535221338494e-01
6.343251658603549226e-01
6.307131029665470345e-01
6.376577146351337655e-01
6.309418626129627006e-01
6.325007745996117370e-01
6.291027098894119707e-01
6.369743488729000536e-01
6.305575093254447427e-01
6.316939003765582594e-01
6.356473350897431374e-01
6.342628054320812447e-01
6.364608472213149071e-01
6.370290536433458328e-01
6.337850367650389449e-01
6.300252420827746613e-01
6.325119310989976151e-01
6.333995852619409561e-01
6.328023951500654221e-01
6.319841168820857780e-01
6.327241465449333635e-01
6.294488871470094171e-01
6.352733049541712251e-01
6.324809189885854943e-01
6.345343647524714914e-01
6.354288456961512122e-01
6.435746144503354804e-01
6.301675589755177942e-01
6.333248212933539900e-01
6.248877994716167672e-01
6.294929958879947884e-01
6.365083666518330796e-01
6.328109396621585114e-01
6.337648361921310869e-01
6.260548451915383117e-01
6.526426916942000833e-01
6.254603594541550127e-01
6.371663486585020797e-01
6.307254901155829874e-01
6.386203411966562271e-01
6.271291768178344217e-01
6.281797997653484344e-01
6.306221760809421761e-01
6.327140595763921516e-01
6.301544174551964028e-01
6.344200372695922852e-01
6.424088168889283690e-01
6.349170377478003946e-01
6.277431176975369898e-01
6.427121490240097490e-01
6.394804771989583969e-01
6.301115319132805093e-01
6.344730291515588982e-01
6.295433850958943589e-01
6.282483298331499322e-01
6.276297628879546897e-01
6.303814258426427841e-01
6.314863532781600508e-01
6.282912548631429672e-01
6.391419172286987305e-01
6.475911118090152963e-01
6.334614135324955209e-01
6.309305051341652648e-01
6.299961024895310846e-01
6.313670445233583450e-01
6.340975536033510718e-01
6.319366713985801187e-01
6.339091040194034798e-01
6.330730481073260085e-01
6.306691968813538107e-01
6.402468763291835341e-01
6.285650273784995079e-01
6.338225709274410979e-01
6.367689875885844675e-01
6.298160497099161148e-01
6.354572989046574083e-01
6.321650337427854316e-01
6.288894029334187730e-01
6.260159675031899962e-01
6.391383426263927969e-01
6.320679018273949179e-01
6.321151597425341828e-01
6.333440650254488213e-01
6.338167753070592658e-01
6.492240605875849724e-01
6.328744718804955038e-01
6.410350073128938675e-01
6.349046930670738664e-01
6.297287737950683084e-01
6.246700532734393851e-01
6.260595824569463730e-01
6.299965586513280869e-01
6.424736373126507250e-01
6.349579598754644394e-01
6.241292933002113852e-01
6.326921297237276809e-01
6.371362823992967606e-01
6.399646414443850295e-01
6.327954366803169028e-01
6.326060244813561662e-01
6.375680858269333617e-01
6.335043571889400482e-01
6.320083646103740183e-01
6.365069177001714262e-01
6.336663648486137168e-01
6.248406268656253593e-01
6.261486757546663728e-01
6.314125379547477213e-01
6.323008328676223977e-01
6.488139171153306517e-01
6.355730943381786568e-01
6.365699527785182443e-01
6.374107375741004944e-01
6.352211324498057143e-01
6.357182621955871360e-01
6.310318483039736304e-01
6.290431380271911399e-01
6.317476009950041549e-01
6.417510520666838136e-01
6.289439305663109270e-01
6.399683369323611037e-01
6.321062566712498665e-01
6.298266474157572237e-01
6.597754701972007307e-01
6.288993485271930917e-01
6.375497654080390930e-01
6.291067518293858019e-01
6.296693379059433715e-01
6.343328397721051948e-01
6.316796459257603136e-01
6.281149387359619141e-01
6.441554572433233483e-01
6.283941760659217390e-01
6.330394454300403151e-01
6.444383611902594344e-01
6.308167211711406264e-01
6.274764204397798029e-01
6.367855899035930189e-01
6.273490542545914206e-01
6.380088860169053078e-01
6.339133143424987571e-01
6.299645580351352914e-01
6.383593473583459854e-01
6.395640403032303301e-01
6.251044912263751252e-01
6.263653717935084853e-01
6.302214592695236650e-01
6.373978093266486900e-01
6.325342677533626334e-01
6.382388053461909294e-01
6.338733417913318124e-01
6.312655914574861749e-01
6.322620796039700730e-01
6.328201085329056008e-01
6.297405702993273957e-01
6.364704297855496851e-01
6.346036337316036668e-01
6.298620142042636871e-01
6.344328029081225395e-01
6.321697177365421805e-01
6.354308281093835609e-01
6.355579338967800584e-01
6.316686635836958885e-01
6.354458117857575417e-01
6.297092106193303840e-01
6.385325714945793152e-01
6.295216290280223337e-01
6.299217784777283446e-01
6.316033411771059258e-01
6.335901577025652154e-01
6.329027632251381652e-01
6.385295547544955763e-01
6.293541589751839860e-01
6.344583159312605636e-01
6.346049092710017714e-01
6.360241070389747176e-01
6.340242460370063560e-01
6.293112615123390707e-01
6.273024450987577660e-01
6.385976400226354155e-01
6.304137434810399565e-01
6.305732622742652449e-01
6.278852242976427078e-01
6.316813578829169051e-01
6.261019524186849372e-01
6.260884415358305422e-01
6.392586728557944076e-01
6.212904982268809828e-01
6.235464835539460404e-01
6.167678715661167876e-01
6.267910266295075861e-01
6.193941790610552056e-01
6.294162424281239954e-01
6.266191016882658449e-01
6.294054113328456657e-01
6.196385685354470763e-01
6.312632029876112938e-01
6.219289822503923926e-01
6.195421187207102998e-01
6.236490111798047575e-01
6.263484807685018030e-01
6.253751926124095917e-01
6.258085079491138014e-01
6.214755672961473909e-01
6.269268685951828735e-01
6.311339974403381570e-01
6.299162650480866210e-01
6.240798925980926004e-01
6.271421292796730551e-01
6.195050936192274538e-01
6.315904177725315538e-01
6.342191558331251588e-01
6.215015118941664696e-01
6.243902921676636186e-01
6.211098602041602579e-01
6.202274775132536888e-01
6.268521614372730699e-01
6.239932170137763023e-01
6.251014459878205809e-01
6.224116323515772597e-01
6.254537623375654443e-01
6.323529556393623352e-01
6.241225237026810646e-01
6.187806259840726852e-01
6.265565555542706999e-01
6.229035750031470808e-01
6.266755804419517073e-01
6.183547547087073770e-01
6.260723957791924921e-01
6.190812714397907479e-01
6.289730727672576682e-01
6.250721041113138643e-01
6.251863291487097518e-01
6.231896562501788583e-01
6.259184431284665617e-01
6.226864252239465714e-01
6.277709266170858893e-01
6.236395617946982606e-01
6.330592101439833641e-01
6.199780052527785745e-01
6.206915033981204033e-01
6.212610803544521554e-01
6.314544053748250008e-01
6.295344097539782302e-01
6.285120189189911111e-01
6.355789296329021898e-01
6.271377241238951239e-01
6.235028952360153198e-01
6.191716497763991578e-01
6.235135398805141671e-01
6.295662198215723482e-01
6.263510590419173463e-01
6.276887662708758864e-01
6.203680811449885368e-01
6.234123548492789268e-01
6.285686677321791205e-01
6.289786908775567564e-01
6.282044468447566254e-01
6.198719112202525361e-01
6.252390187233686225e-01
6.265681287273764388e-01
6.245841080322861449e-01
6.247936964035034624e-01
6.221543777734040992e-01
6.269802290946244749e-01
6.237972214818000571e-01
6.258987937122583167e-01
6.228041699156164901e-01
6.244385004043578880e-01
6.254719568416475806e-01
6.260680610314011130e-01
6.275924110785127130e-01
6.375452028587460518e-01
6.207201665267347845e-01
6.243863387033343759e-01
6.229525523260235342e-01
6.240831566974520683e-01
6.215225869789720026e-01
6.230087973177432792e-01
6.287938330322504488e-01
6.310207940638065116e-01
6.254812654107808623e-01
6.208876429125667062e-01
6.380057297646999359e-01
6.127307100221515146e-01
6.148630619049072488e-01
6.207080114632844703e-01
6.132409594953059928e-01
6.117784492671489716e-01
6.279179070144891295e-01
6.186610572040081024e-01
6.158443821594119516e-01
6.192355943843722565e-01
6.167812407016753928e-01
6.142690273001789603e-01
6.190351996570825355e-01
6.118302047252655029e-01
6.135946206748486009e-01
6.237160271033644898e-01
6.161496574059128761e-01
6.191081011667847189e-01
6.134757943451404349e-01
6.145896734669804573e-01
6.158799758180976136e-01
6.176907159388065338e-01
6.205382708460092100e-01
