1.624189012289047298e+02
7.256763367056846903e+01
4.116338729262351848e+01
2.790170415639877177e+01
1.870367383956909180e+01
1.334639879167079890e+01
1.115776563435792923e+01
9.581859025359154458e+00
8.653111585974693654e+00
7.662750998139381764e+00
7.019901002943515600e+00
6.656305015087127686e+00
6.211982320249080480e+00
5.861256651580333710e+00
5.478959839046001257e+00
5.193878176808357061e+00
4.889457959681749344e+00
4.578674304485320867e+00
4.420022363960742773e+00
4.153598087280988338e+00
3.911646778136491864e+00
3.699405641853809268e+00
3.608309403061866760e+00
3.376012875884771169e+00
3.271809057891368777e+00
3.169757556170225143e+00
2.914352576434612097e+00
2.800297228991985410e+00
2.689826100319623770e+00
2.521711595356464386e+00
2.440801475942135035e+00
2.236971605569124222e+00
2.085463867336511790e+00
2.006074341014027596e+00
1.885952420905232518e+00
1.778872818499803499e+00
1.708068629726767540e+00
1.605407433956861585e+00
1.523728498816490085e+00
1.472891777381300837e+00
1.411073504760861352e+00
1.373930802941322415e+00
1.327979018911719322e+00
1.278737186081707389e+00
1.216262417286634534e+00
1.149505826085805982e+00
1.168610685691237494e+00
1.103475738689303487e+00
1.120646452158689410e+00
1.078185477107763246e+00
1.064687507972121194e+00
1.037898598797619254e+00
1.053499968536198095e+00
1.004795094393193811e+00
9.878366943448781967e-01
9.807522166520357132e-01
9.950613858178257720e-01
9.595367571339010748e-01
9.400437226518988387e-01
9.463972693309188333e-01
9.631440395489334616e-01
9.335188543424010055e-01
9.423997625708580017e-01
9.637505926191807237e-01
9.379184231162071006e-01
9.275806386023759398e-01
9.229767479002475294e-01
9.423376221209764925e-01
9.427545586600899474e-01
9.189281512051821199e-01
9.300315611064433607e-01
8.963009886443614738e-01
9.022368188947439416e-01
9.356093956157565117e-01
9.074195036664605141e-01
8.953040068969130294e-01
9.018699133768677267e-01
8.946368871256709099e-01
8.835258403792977111e-01
9.191519105806946754e-01
8.772538680583238380e-01
8.789124285802245584e-01
8.871899217367171797e-01
8.695610908791422400e-01
8.818565599620342699e-01
8.716346664354205354e-01
8.752829041332006454e-01
8.716955399140715599e-01
8.708401964977383614e-01
8.746083429083227889e-01
8.585706489160657151e-01
8.620715241879224333e-01
8.587688755244016203e-01
8.754839411005377325e-01
8.490408122539520042e-01
8.474085297435521857e-01
8.587992990389465842e-01
8.384189931675791740e-01
8.516265043988824335e-01
8.398714227601885574e-01
8.604734174907207045e-01
8.300080867484211922e-01
8.274079140275716338e-01
8.427627624943851981e-01
8.366614747792482376e-01
8.245486972853541818e-01
8.212634047493339029e-01
8.090712841600179450e-01
7.972066257148980872e-01
7.737367335706949456e-01
7.865053161978721175e-01
7.943221023306250572e-01
7.536884866654872672e-01
7.509844750165939331e-01
7.536570111289619955e-01
7.362033536657690558e-01
7.383151520043611526e-01
7.349261874333024025e-01
7.258791513741016388e-01
7.384256383404135260e-01
7.178855931386352029e-01
7.162201825529337373e-01
7.147420309484004974e-01
7.191171182319522348e-01
7.402880720794200453e-01
7.106500664725899918e-01
7.035541851073503494e-01
7.194809952750802484e-01
7.179570179432630539e-01
7.038282461464404616e-01
7.048067422583699226e-01
7.057657238095998986e-01
7.038996133953332457e-01
6.972530994564294371e-01
6.930031731724739519e-01
6.916316246613860574e-01
7.014011450111865553e-01
7.050465779379010423e-01
6.811945663765073267e-01
7.007563622668385728e-01
6.898785222321748289e-01
6.941483400762080702e-01
6.782738469541073068e-01
6.933100912719964981e-01
6.793300520628691164e-01
6.793440705165266769e-01
6.760658698156476465e-01
6.784057449549436569e-01
6.819633750244975534e-01
6.779272893443704096e-01
6.746615026146173255e-01
7.034564498811960442e-01
6.821224508807063325e-01
6.996347025036812051e-01
6.859604757279157417e-01
6.768667437136173248e-01
6.803715195506810920e-01
6.784159433096647041e-01
6.774193970486521721e-01
6.757702615112066713e-01
6.874182326719164848e-01
6.697933208197355270e-01
6.777462437748908997e-01
6.790490020066499710e-01
6.754369607195258585e-01
6.723789596930146439e-01
6.739711785688996537e-01
6.669141100719571114e-01
6.887601414695382340e-01
6.638043645769358125e-01
6.662282891571521537e-01
6.653297152370214462e-01
6.671603756025433762e-01
6.631917705759405868e-01
6.701975245028733985e-01
6.686995021998882738e-01
6.645045498386025207e-01
6.654776185750961304e-01
6.724102938547730224e-01
6.710538268089294434e-01
6.657496934756637064e-01
6.665554596111178398e-01
6.677522046491504160e-01
6.699124788865447044e-01
6.690359089523554292e-01
6.651488963514566866e-01
6.675537033006548882e-01
6.641569269821048227e-01
6.655725954100489838e-01
6.668413596227764639e-01
6.655147198587656465e-01
6.655304193496703880e-01
6.671636855229735596e-01
6.696466637775302377e-01
6.653973873704671638e-01
6.683591503649950472e-01
6.742482189089059608e-01
6.631651807576417479e-01
6.648213071748614311e-01
6.648884236812591109e-01
6.798597007989883867e-01
6.677480986341833846e-01
6.769503738731146303e-01
6.671779111027718034e-01
6.666352868080138716e-01
6.649956127628684488e-01
6.642388677224516647e-01
6.698723949491978136e-01
6.681583421304821968e-01
6.639330307021736877e-01
6.662349196150898489e-01
6.643234351649880409e-01
6.650513209402560966e-01
6.639620544388890044e-01
6.662273693829774412e-01
6.695301141589879990e-01
6.671005707234144433e-01
6.640455586835741775e-01
6.647673605009913889e-01
6.672907533124089463e-01
6.645475469529629198e-01
6.754279967397451845e-01
6.638938913121819052e-01
6.672787906602024588e-01
6.636582322418689284e-01
6.672497633844614029e-01
6.706275423988700135e-01
6.639962615445256233e-01
6.647084832191467729e-01
6.608121685683727708e-01
6.620068281888962236e-01
6.620792450383305994e-01
6.690513886511325614e-01
6.586265107616782188e-01
6.588380610570311324e-01
6.598204964771866576e-01
6.634089432656764540e-01
6.608085611835121664e-01
6.593210451304912789e-01
6.561496399343014208e-01
6.601811727508902772e-01
6.621446466073394044e-01
6.601339133456349817e-01
6.590449376031756179e-01
6.645434200763702393e-01
6.564837735146283881e-01
6.596760215237736924e-01
6.582768199965357558e-01
6.622695522382855415e-01
6.611614855006336944e-01
6.616065371781587601e-01
6.596910819411277993e-01
6.598378164693713410e-01
6.566330570727586524e-01
6.492761116474866645e-01
6.443123372271657434e-01
6.297476582229137865e-01
6.281809331849217415e-01
6.401017913594841957e-01
6.165860600769519362e-01
6.124178066849708113e-01
6.122675381600857225e-01
6.131337499246001244e-01
6.331907562911510690e-01
6.097110845148563385e-01
6.119031665846705881e-01
6.128162061795592308e-01
6.285375608131289482e-01
6.131797386333346367e-01
6.157305719330906646e-01
6.220453122630715814e-01
6.102201547473669052e-01
6.146619735285639985e-01
6.074107190594076888e-01
6.079777214676141961e-01
6.143537735566496627e-01
6.112894298508763091e-01
6.054020050913095918e-01
6.088978158310055511e-01
6.100587392225861327e-01
6.050833176821470705e-01
6.050480701029300468e-01
6.046841165050864664e-01
6.043897300958633867e-01
6.027266021817923036e-01
6.062538821250200716e-01
6.019274530932307021e-01
6.036277411505579504e-01
6.021141735836863518e-01
6.032593492418527603e-01
5.997524037957191467e-01
6.008049886673688667e-01
5.990342475473880990e-01
5.997573537752032280e-01
6.007684627547860146e-01
6.002329746261239052e-01
5.966902494430541548e-01
6.021778671070933120e-01
5.977080740034580453e-01
5.974050074815749900e-01
5.970363296568393929e-01
5.946392681449651496e-01
5.955790482461452706e-01
5.959863774478435516e-01
6.021665507927537186e-01
5.945486908778547797e-01
5.953396784141660181e-01
5.914650086313486543e-01
5.958747791126370874e-01
5.963549641892313957e-01
5.925871964544058290e-01
5.926365455612540023e-01
5.920705348253250122e-01
5.936480715870857683e-01
5.967270018532871978e-01
5.947119425982236862e-01
5.904492208734154479e-01
5.899284109473228455e-01
5.909877862781286462e-01
5.938016705214976820e-01
5.928645925596356392e-01
5.960442887619137320e-01
5.915335474535823312e-01
5.932735787704587205e-01
6.060627818107604536e-01
5.952141929417849031e-01
5.905276564881205559e-01
5.907222969457507356e-01
5.904779043048620224e-01
5.925540180876851526e-01
5.921224055811762366e-01
5.889631045982242075e-01
5.893188543617725594e-01
5.993642458692193253e-01
5.887605929747223854e-01
5.982522198930382284e-01
5.873101620003581269e-01
5.868780428543687311e-01
5.857881788164377435e-01
5.845164977014064567e-01
5.859166847541927847e-01
5.873765226453542265e-01
5.860760426148772240e-01
5.884370069950819460e-01
5.870739633217454401e-01
5.923491783440113512e-01
5.847691856324672699e-01
5.876047562807797942e-01
5.860836602747440116e-01
5.875954706221818702e-01
5.853311443701386674e-01
5.880259092897176521e-01
5.847000846639275329e-01
5.858089217916131464e-01
5.854487312957644685e-01
5.877507176250219567e-01
5.861412940546870676e-01
5.862620832398534043e-01
5.872284661978482978e-01
5.862003354355692641e-01
5.854386493563652483e-01
5.851931970566510710e-01
5.856081912294029967e-01
5.862034630030393823e-01
5.922056319192051665e-01
5.852235758677124533e-01
5.889726569876074791e-01
5.851538507267832756e-01
5.891298126429319604e-01
5.864952186122536215e-01
5.855501625686884148e-01
5.863716887310147508e-01
5.854284778237343057e-01
5.854003287851810011e-01
5.981946991756558196e-01
5.894435873255133851e-01
5.869408192113041434e-01
5.899939758703112158e-01
5.853386139497160912e-01
5.880836792290210502e-01
5.873555744066834006e-01
5.842710554599761519e-01
5.840606426820158514e-01
5.857889927923679574e-01
5.861584117636085001e-01
5.864059634506701979e-01
5.856177501380444017e-01
5.867130944505334345e-01
5.885222535580396652e-01
5.868046144023537636e-01
5.889505559578538385e-01
5.875972894951700942e-01
5.861726593226194160e-01
5.895978569984435813e-01
5.887500379234552605e-01
5.859353872016072051e-01
5.860377211123705132e-01
5.885736223310231718e-01
5.865258555859327316e-01
5.854053042829037157e-01
5.871242361143231836e-01
5.858025157824158224e-01
5.868031870573758857e-01
5.867170840501785278e-01
5.856368664652109590e-01
5.876680454239249229e-01
5.856115963310003503e-01
5.857783716171980348e-01
5.874386098235845344e-01
5.869862914085388628e-01
5.879900515079498069e-01
5.867347737774253336e-01
5.878330245614051819e-01
5.855774281546473059e-01
5.861524995416402817e-01
5.873210297897457632e-01
5.851644098758697066e-01
5.879744710400700569e-01
5.872221948578953965e-01
5.871770037338137627e-01
5.857817459851503150e-01
5.906438592821359190e-01
5.857838055118917975e-01
5.858395952731371148e-01
5.854786565527320130e-01
5.868996879085898177e-01
5.868849847465753555e-01
5.868103859946132150e-01
5.860815387219190375e-01
5.856010405346750991e-01
5.893202602863312212e-01
5.847490275278687255e-01
5.906767139211297479e-01
5.890856575220823066e-01
5.873644296079874039e-01
5.869653237983584182e-01
5.847500586882233842e-01
5.876266941428184287e-01
5.858498722314834373e-01
5.864166742190718429e-01
5.868608579039573669e-01
5.886551588773727417e-01
5.876509610563516173e-01
5.899233475327492204e-01
5.859838260337710825e-01
5.847449298948049767e-01
5.870026519522071329e-01
5.883651444688439147e-01
5.878542752936481985e-01
5.847440712153911813e-01
5.874597463756799920e-01
5.870547279715537803e-01
5.856730699539184348e-01
5.839691475033760293e-01
5.862846232950686964e-01
5.874545838683843391e-01
5.897462910041213480e-01
5.880143847316503525e-01
5.860317965969443765e-01
5.861414197832346407e-01
5.882254734635352644e-01
5.861709678545594659e-01
5.863298408687114271e-01
5.860032718628644943e-01
5.877580584958195242e-01
5.851083988323807494e-01
5.913734525442123635e-01
5.859596610069275346e-01
5.868780834600328955e-01
5.878201421350240929e-01
5.859512329101562722e-01
5.870861038565635681e-01
5.868769591674208863e-01
5.867368949577211890e-01
5.945840267464518325e-01
5.850606910884380563e-01
5.857529230415821075e-01
5.843403590843081474e-01
5.848591163754462974e-01
5.857594711706042290e-01
5.862748494371772257e-01
5.867501743137836234e-01
5.880554296076297982e-01
5.856827612966298835e-01
5.858312852680682692e-01
5.899606777355075327e-01
5.872849727049469504e-01
5.854279389604926109e-01
5.852974044159054978e-01
5.895068883895874245e-01
5.909171126782893912e-01
5.925289833918213622e-01
5.886816885322332382e-01
5.850864648818969727e-01
5.849108034744858742e-01
5.844617921859025511e-01
5.878045327961445299e-01
5.863346202298999055e-01
5.858406022191047224e-01
5.867929862812161224e-01
5.903751339763403383e-01
5.867757234722376092e-01
5.871537566184997781e-01
5.847820019349455611e-01
5.876041622832417488e-01
5.853144526481628418e-01
5.850468827411532402e-01
5.841952526941895929e-01
5.862149121239781380e-01
5.881543600931763427e-01
5.870474513620138612e-01
5.859446555376053301e-01
5.906818138435483423e-01
5.861164461821317673e-01
5.849988758563995361e-01
5.864951523020863755e-01
5.876260660588741302e-01
5.901459364220500436e-01
5.846931032836437669e-01
5.845683217048645020e-01
5.851489037275314775e-01
5.864128196612000687e-01
5.872295392677188142e-01
5.884423775598406348e-01
5.853332517668604629e-01
5.863598693162203057e-01
5.873333826661110146e-01
5.875235585495829360e-01
5.854848310351371543e-01
5.869192844256758690e-01
5.897457834333181825e-01
5.864967044442892519e-01
5.908459946513175964e-01
5.855754103511572328e-01
5.834512636065483093e-01
5.869908832013607247e-01
5.865010233595967515e-01
5.895615126937627792e-01
5.897459849715233071e-01
5.858606405556201491e-01
5.861681459471583810e-01
5.884072076529264228e-01
5.859286291524767876e-01
5.851291244849562423e-01
5.872961390763521417e-01
5.856408886611461639e-01
5.874850749969482422e-01
5.856112403795122878e-01
5.879402128979563935e-01
5.858393091708421485e-01
5.876525815576314482e-01
5.866023512557149155e-01
5.851007305085659249e-01
5.864701136946678384e-01
5.852813245728611946e-01
5.860191749408840689e-01
5.855232985690236314e-01
5.853171261027455552e-01
5.891564859077333960e-01
5.853510731831192970e-01
5.877093896269798279e-01
5.869909804314374924e-01
5.848242189735174401e-01
5.865979135036468728e-01
5.860557222738862482e-01
5.859640918672084364e-01
5.853880573064088599e-01
5.886295823380350845e-01
5.874863909557461739e-01
5.889800196513533814e-01
5.844092467799782975e-01
5.844919588416814804e-01
5.845959464088081869e-01
5.863545572385191473e-01
5.856215065345168336e-01
5.880074108019470724e-01
5.848883794620632903e-01
5.884157232940196991e-01
5.904193570837378280e-01
5.869940370321273804e-01
5.851024156436324120e-01
5.861463088542222533e-01
5.871371425688266532e-01
5.868834622204304186e-01
5.886395612731576410e-01
5.860616052523255348e-01
5.847057193517685159e-01
5.884080190211534722e-01
5.855121111497283426e-01
5.868306450545788255e-01
5.877133483067155106e-01
5.852651385590433852e-01
5.864164825528860314e-01
5.864034218713640723e-01
5.889121050015091452e-01
5.854379683732986450e-01
5.852336963638663514e-01
5.877067802473903146e-01
5.873326048254966514e-01
5.850808192044496536e-01
