3.641300322669849265e-04
3.714099901117151712e-04
3.752508967409085125e-04
3.826878173640579917e-04
3.871602519211592261e-04
3.906618753717339132e-04
4.024840241982019723e-04
4.102179668734606821e-04
4.159509227065427911e-04
4.237626888425438773e-04
4.337094881520897724e-04
4.390075064293341711e-04
4.454882560821715959e-04
4.596089649567147608e-04
4.685448279815318529e-04
4.801194610990933034e-04
4.920906876577646472e-04
5.030447392528003764e-04
5.099836787849198593e-04
5.369097183574922166e-04
5.441981720650801435e-04
5.680115802533692183e-04
5.985619476632564112e-04
6.398820174581487880e-04
6.739506392477778501e-04
7.091342047715442753e-04
7.798233176799840077e-04
8.186943030523252240e-04
8.784333169387537488e-04
9.465818120588664897e-04
9.875204475974896489e-04
1.038926440924115057e-03
1.086736209617811212e-03
1.121570480427180796e-03
1.148630527677596590e-03
1.159825002832803832e-03
1.184823804942425427e-03
1.208742794005956966e-03
1.213040892616845754e-03
1.223916314484085931e-03
1.251583545308676592e-03
1.257709825586061838e-03
1.264864626864436970e-03
1.274611634289612950e-03
1.266937803666223729e-03
1.278382623786455865e-03
1.275562993760104204e-03
1.251260336357518143e-03
1.235427245046594224e-03
1.205263168412784624e-03
1.184558627210208302e-03
1.153879283083369912e-03
1.146810574573464605e-03
1.137412064781528854e-03
1.134140897556790237e-03
1.127701531368075025e-03
1.122272419888759075e-03
1.114343274093698754e-03
1.127734770852839487e-03
1.133656019010231787e-03
1.138784435170236975e-03
1.188098601414822085e-03
1.236118593806168108e-03
1.251100429726648144e-03
1.266458500685985113e-03
1.284259616659255612e-03
1.285500666563166392e-03
1.286245533265173435e-03
1.261398055066820191e-03
1.252281528650200926e-03
1.255821886297781107e-03
1.236468587740091520e-03
1.238129302146262576e-03
1.223939195187995167e-03
1.207865901596960525e-03
1.205282950832042886e-03
1.181914850167231591e-03
1.172307849992648785e-03
1.145315885514719325e-03
1.134751035715453413e-03
1.134646908394643149e-03
1.121360183969955003e-03
1.123798047046875581e-03
1.118176769159617747e-03
1.128565368344425267e-03
1.127328209986444606e-03
1.124735205303295602e-03
1.121402562421280847e-03
1.111767049951595211e-03
1.117382580559933558e-03
1.119722399380407296e-03
1.119106500846101058e-03
1.112676889169961127e-03
1.110986745698028287e-03
1.113349467050284104e-03
1.109574019210413098e-03
1.095875141254509886e-03
1.112006257244502194e-03
1.114848349243402524e-03
1.110787568541127170e-03
1.107989033334888431e-03
1.117197430721716869e-03
1.112783086136914876e-03
1.116500583520974033e-03
1.105054133586236319e-03
1.104629893961828159e-03
1.101356858634972100e-03
1.099924165828269906e-03
1.109055136475944978e-03
1.095412501126702453e-03
1.097918567393207966e-03
1.093600555941520811e-03
1.082962925283936740e-03
1.086685803238651802e-03
1.080996619202778761e-03
1.066384178920998325e-03
1.072408053005347028e-03
1.050517121257144026e-03
1.061873997423390479e-03
1.056315384630579501e-03
1.052602882191422482e-03
1.053607385620125483e-03
1.048264396195008798e-03
1.038754519322537904e-03
1.031793682341231077e-03
1.026902225567027840e-03
1.035610346116300293e-03
1.043626817408949093e-03
1.033923248542123474e-03
1.035314286491484468e-03
1.034669293221668297e-03
1.032417825081211136e-03
1.029507093335269019e-03
1.031975412115571132e-03
1.038651521048450290e-03
1.037752682168502317e-03
1.035657444481330371e-03
1.035504299215972337e-03
1.042806856276001781e-03
1.040260699846840085e-03
1.040588851174106735e-03
1.036613711585232609e-03
1.043610123815597035e-03
1.045517038073740055e-03
1.041158187945256941e-03
1.043677793131792030e-03
1.045857465214794502e-03
1.053336012773797847e-03
1.041787961366935676e-03
1.053112597219296731e-03
1.047161321912426415e-03
1.052986645663622723e-03
1.048157800323679155e-03
1.051523419300792826e-03
1.050625942298211157e-03
1.044141422607936008e-03
1.043476292761624834e-03
1.040038329847448040e-03
1.041115316184004769e-03
1.036650968308094802e-03
1.041393452396732755e-03
1.042249358033586802e-03
1.041074841123190752e-03
1.042388539644889534e-03
1.037732616350695069e-03
1.031549340768833601e-03
1.034482760042010428e-03
1.031382605469843925e-03
1.034118477764422962e-03
1.031859947033808567e-03
1.036688242857053497e-03
1.029482713056495326e-03
1.027309105484164277e-03
1.023399312543915585e-03
1.030974193781730719e-03
1.029090371594065714e-03
1.025664582266472367e-03
1.030998719033959744e-03
1.028103467433538754e-03
1.033853750777780165e-03
1.029989061134983829e-03
1.033279620605753648e-03
1.031932619662256998e-03
1.027628073825326326e-03
1.027490734122693452e-03
1.018880508854635948e-03
1.017319073434919206e-03
1.019074367468419864e-03
1.013950794549600600e-03
1.008359668412595143e-03
1.007309633314434818e-03
1.004497054964303970e-03
1.003585607577406336e-03
1.004080212806002280e-03
9.980009786886511435e-04
9.973493459256132631e-04
9.969717064450378096e-04
9.864150862995302738e-04
9.756023304362315468e-04
9.657369308115448369e-04
9.512473392533138178e-04
9.446661171750748032e-04
9.308163806053925803e-04
9.227841610481846146e-04
9.221310274369898252e-04
9.202619612551643513e-04
9.187622064928291799e-04
9.197950279485666908e-04
9.246316078133532280e-04
9.198572852255892940e-04
9.174937398711335628e-04
9.206531340169021860e-04
9.230379611835815446e-04
9.210099098709179522e-04
9.206720833390136249e-04
9.224310029821936258e-04
9.223729100995114571e-04
9.204745831084438102e-04
9.221804524713661305e-04
9.233692411726224019e-04
9.214810652338201180e-04
9.237822709110332436e-04
9.239037446604925641e-04
9.219999175911653289e-04
9.237786009180127145e-04
9.232588879967806427e-04
9.245619939974858426e-04
9.236913274435210042e-04
9.220214988090447150e-04
9.216705568178440878e-04
9.213604740580194847e-04
9.227843209373531429e-04
9.220715182891581208e-04
9.228455552147352354e-04
9.194739956001285680e-04
9.232282383891288625e-04
9.218942441293620504e-04
9.226269801729358299e-04
9.226585205396986133e-04
9.204984928146587187e-04
9.197326064168010341e-04
9.197912611853098063e-04
9.198444307912722944e-04
9.229784249328076623e-04
9.210144300595857637e-04
9.226584093994461217e-04
9.220917296261177615e-04
9.207147644701762839e-04
9.198260966513771130e-04
9.214622876243083304e-04
9.171789248284767599e-04
9.174852617434226193e-04
9.203226072713732719e-04
9.170399747745250135e-04
9.193786383548286246e-04
9.186478149786125652e-04
9.172225527436239645e-04
9.136245680565480143e-04
9.142052813331247307e-04
9.131589747994439243e-04
9.143041968854958689e-04
9.109879105380968905e-04
9.118707761444966092e-04
9.090929899684852423e-04
9.050281774761970372e-04
9.025516046676784754e-04
8.968549516794154918e-04
8.951079114922321899e-04
8.968427819127100520e-04
8.886639618140180098e-04
8.868990651535568325e-04
8.812703976218472018e-04
8.780021546044736603e-04
8.738459082451299764e-04
8.724522122065536678e-04
8.717517092009074552e-04
8.703193267137976580e-04
8.715231240785214616e-04
8.725508127099601335e-04
8.735299601539736397e-04
8.738604399695759205e-04
8.737040570849785581e-04
8.734147852010210478e-04
8.749317727051675537e-04
8.748620050027966933e-04
8.746295499804546559e-04
8.756519073358504102e-04
8.761729050092981197e-04
8.758947260503191501e-04
8.761758987020584971e-04
8.752990592256537422e-04
8.759114949498325803e-04
8.757890116612542918e-04
8.750922901526791758e-04
8.762035971813020080e-04
8.754670681810239764e-04
8.765873948505031659e-04
8.759819238548516296e-04
8.754473137742024846e-04
8.751838746320572899e-04
8.755945114899077670e-04
8.771994465860188722e-04
8.758881038374965577e-04
8.769217018198105073e-04
8.757542731473222158e-04
8.759278782235924588e-04
8.757660902119823515e-04
8.765963963014655963e-04
8.767914250711328350e-04
8.777844544965773604e-04
8.770160729909548536e-04
8.762152770941611596e-04
8.768048342972179160e-04
8.773049645242281475e-04
8.784460396782378666e-04
8.776701921306085058e-04
8.765246855546137816e-04
8.771050737777841061e-04
8.782562334090470834e-04
8.769727630351554105e-04
8.774325213380506760e-04
8.771825647272635468e-04
8.774512518357369551e-04
8.774432775680906854e-04
8.776542303166934072e-04
8.766130318690557250e-04
8.765894195676082962e-04
8.778539149716380052e-04
8.765556021899101324e-04
8.770432286837603897e-04
8.768261057412018566e-04
8.774414785875705785e-04
8.767990246269618659e-04
8.768534478804212561e-04
8.770555741648422554e-04
8.778156061453046277e-04
8.771596842052531862e-04
8.772130224315333614e-04
8.777596169238677682e-04
8.784974086665897196e-04
8.769635731368907294e-04
8.784742984062176695e-04
8.775018883170560219e-04
8.784469329839339913e-04
8.773765872319927656e-04
8.775796133704716773e-04
8.773968582318047559e-04
8.781510894550592205e-04
8.782081918980111585e-04
8.784197534623672254e-04
8.778973753578612083e-04
8.779040115769020779e-04
8.777490849752212377e-04
8.776779332038131543e-04
8.768366131334914392e-04
8.774057589107542732e-04
8.777210727203055068e-04
8.782608134424663366e-04
8.777717832344933847e-04
8.760840973991435021e-04
8.773179941272246218e-04
8.776654731263988651e-04
8.763435398577712476e-04
8.758849233345244577e-04
8.756147097301436154e-04
8.758933277931646661e-04
8.775109632551903122e-04
8.772068535108701109e-04
8.762416564422892407e-04
8.772263552600633851e-04
8.772989633143879907e-04
8.773467989158234559e-04
8.774409459874731986e-04
8.774349602390429720e-04
8.775706548476592140e-04
8.776554779615253644e-04
8.773985287916730375e-04
8.772567975029232695e-04
8.771742010139860430e-04
8.770913238549838276e-04
8.773880519584054561e-04
8.764421183514059955e-04
8.765859885897953497e-04
8.763529027419281409e-04
8.770696937062894211e-04
8.767518180320621685e-04
8.773905214184196449e-04
8.756138817261671431e-04
8.771521346716326445e-04
8.772097113251220652e-04
8.781010510574560612e-04
8.772578208663617478e-04
8.779162320934119417e-04
8.776058575676870532e-04
8.781186557826004208e-04
8.774268766501336142e-04
8.772129274802864096e-04
8.781574260865454562e-04
8.771485281613422558e-04
8.763136389461579018e-04
8.768141395194106302e-04
8.766377804931835271e-04
8.770409869612195031e-04
8.767472372710471973e-04
8.775122036240645467e-04
8.775833668551058942e-04
8.769176576606696905e-04
8.773845314863137684e-04
8.774138192165992440e-04
8.771517224886338660e-04
8.777335617196513774e-04
8.771386295848060182e-04
8.769367477725609206e-04
8.773893641773611307e-04
8.768603815042297139e-04
8.775652069743955942e-04
8.771219803747953630e-04
8.773761410338920541e-04
8.764758145844098397e-04
8.773837658736738593e-04
8.762817562455893928e-04
8.757285277170012705e-04
8.765484750256291807e-04
8.772553990638698018e-04
8.775799726208788776e-04
8.769940346610383347e-04
8.755790298891952044e-04
8.772554949246114554e-04
8.776234441029373773e-04
8.768457164478604682e-04
8.773474764893762767e-04
8.768914585743914358e-04
8.777787874350906133e-04
8.764919222812750810e-04
8.765174809013843039e-04
8.764474951021838933e-04
8.763639345488627875e-04
8.776788958130054890e-04
8.755226002904237031e-04
8.761950910411541848e-04
8.773660314545850053e-04
8.766795426708995365e-04
8.769367745117051310e-04
8.769849422606057271e-04
8.777464314334793233e-04
8.764042901020730131e-04
8.757911276916274584e-04
8.765710590523667634e-04
8.774965510383481593e-04
8.773359058977803215e-04
8.774554304181947590e-04
8.782440831055282398e-04
8.772473711360362358e-04
8.775176644121529751e-04
8.760821676332853237e-04
8.778144892858108506e-04
8.771623799475492412e-04
8.772431290708481832e-04
8.764200567384250896e-04
8.765774789935675947e-04
8.765856740865274116e-04
8.764053132836125077e-04
8.766100861976155578e-04
8.769451904299784949e-04
8.770987315074307844e-04
8.771376700678956478e-04
8.777454646406113387e-04
8.769090210989816548e-04
8.773191884756670333e-04
8.765594933720421761e-04
8.769388005021028221e-04
8.768040666836896197e-04
8.766687309616827189e-04
8.755770770221716227e-04
8.766775588810559860e-04
8.760199183598160527e-04
8.747720135943382264e-04
8.766069444391177750e-04
8.766916917011258192e-04
8.767165290919365361e-04
8.768288844294147566e-04
8.761925393628189774e-04
8.758633035540697382e-04
8.763291041759657240e-04
8.763285286477184854e-04
8.755959648624412001e-04
8.764795309616601592e-04
8.763733852902077853e-04
8.764499199969578037e-04
8.773781306445016743e-04
8.764773732764296948e-04
8.770689242737717212e-04
8.770742986598633727e-04
8.773190591455203979e-04
8.771003944275434843e-04
8.766609169470029449e-04
8.780949059655540406e-04
8.781150134382186955e-04
8.762735100390272929e-04
8.773643130552954972e-04
8.775695974691189111e-04
8.770676753556472032e-04
8.773787372774677568e-04
8.766126473346957503e-04
8.777120738159283064e-04
8.768431929638609073e-04
8.769425679929554246e-04
8.759230620853486037e-04
8.756825427553849295e-04
8.767442683165427514e-04
8.757427667660522275e-04
8.765073593167471483e-04
8.769440273681539111e-04
8.772385450356523723e-04
8.773541505433968702e-04
8.770946002186974727e-04
8.773301500696106597e-04
8.771482667725649879e-04
8.780780979577684341e-04
8.768122110268450125e-04
8.768463616434018842e-04
8.773453249887097410e-04
8.767075132709578611e-04
8.766852726694196896e-04
8.770582120632752559e-04
8.769827607466140328e-04
8.769553642196115106e-04
8.762606241361936988e-04
8.762760180616169237e-04
8.764886008066242063e-04
8.765555412537651137e-04
8.759479154832660935e-04
8.767011455347528898e-04
8.772204337219591253e-04
8.774182271736208783e-04
8.775221951509593488e-04
8.772381528615369245e-04
8.759066053244168653e-04
8.770201267907396393e-04
8.762572628256748214e-04
8.768641901042428799e-04
8.766215194555115452e-04
8.767211204030900696e-04
8.767047689616447531e-04
8.767741563133312887e-04
8.769973426751675582e-04
8.770184682362014645e-04
8.763408926824922457e-04
8.768083678660331792e-04
8.776725071584223770e-04
8.762683462919084853e-04
8.765478076384169547e-04
8.766544244281249555e-04
8.767065633946913511e-04
8.764781987338210456e-04
8.763652123889187785e-04
8.761318109463900545e-04
8.758215019042836936e-04
8.763603967963717661e-04
8.765945369304973134e-04
8.770016300331917158e-04
8.774373009146074764e-04
8.759822301726671433e-04
8.766939879933488122e-04
8.764059855820959932e-04
8.755541017308132940e-04
8.753567484745871990e-04
8.754852813581237136e-04
8.760402690313640484e-04
8.751825789659051225e-04
8.761919512835447893e-04
8.758055784710450532e-04
8.751244618906639733e-04
8.760121498198713674e-04
8.765632084760000432e-04
8.759085150813917132e-04
8.760213429923168881e-04
8.760462451391504146e-04
8.748051970542292544e-04
8.752869493036996356e-04
8.750007107664714134e-04
8.750089891691459343e-04
8.744037115320680165e-04
8.753219433856429098e-04
8.744658818613971086e-04
8.741368550545302934e-04
8.741893143451306969e-04
8.742387279198737381e-04
8.746910743866465054e-04
8.751431754717486694e-04
8.753705178605741821e-04
8.747057434447924173e-04
8.740712550206808156e-04
8.745579814785741767e-04
8.737488733459031209e-04
8.756696790442220369e-04
8.753454027100815655e-04
8.752372883463977122e-04
8.758815107285045304e-04
8.753556259762263359e-04
