8.878880576048686093e-05
8.848958987073274329e-05
9.023986299325770775e-05
9.119165624724701589e-05
9.209688755618117284e-05
9.536048205518454237e-05
9.723911698529263687e-05
9.852250311723765295e-05
1.019630354903711122e-04
1.041801025621680364e-04
1.068562159616703893e-04
1.114495640649693033e-04
1.156807545157789745e-04
1.196699961383274058e-04
1.232338370300567476e-04
1.283947085994441403e-04
1.310797680616815396e-04
1.384504116231255358e-04
1.440270454622805010e-04
1.471072097046999207e-04
1.530953540623158807e-04
1.599870316113083499e-04
1.648665433549467599e-04
1.741692390169191640e-04
1.789345593806501765e-04
1.880939985312579665e-04
1.961019228474469910e-04
2.054550148386624750e-04
2.148767523976857882e-04
2.258484938465699034e-04
2.365483504945586955e-04
2.491982713763718493e-04
2.567115045167156387e-04
2.673075375241751209e-04
2.752239420715341220e-04
2.850805335583572742e-04
3.009889568602375004e-04
3.113040394055133437e-04
3.328930019961262587e-04
3.470734063739655539e-04
3.597631541197188090e-04
3.682643112369987756e-04
3.803290283030946739e-04
3.839984041405841491e-04
3.904701995452341981e-04
3.913978722266620242e-04
3.983794977102661505e-04
4.036996631839429137e-04
4.089504074727301377e-04
4.137294018619286579e-04
4.127009343392274094e-04
4.114625871807220392e-04
4.123881249142868910e-04
4.123600819184502836e-04
4.066816411977924981e-04
4.054188213558518219e-04
4.034045336993585806e-04
3.994555952886003178e-04
3.964425643971481003e-04
3.936509173399826761e-04
3.894506865435687468e-04
3.858656631564372002e-04
3.842522012746485524e-04
3.822544111244496998e-04
3.793334702095307984e-04
3.761366354410711319e-04
3.714843314810423180e-04
3.664420499262632911e-04
3.609931175560632363e-04
3.588841113014495715e-04
3.514120484396698668e-04
3.475113247986882708e-04
3.398923771783301856e-04
3.376289492734940939e-04
3.309875939521589208e-04
3.243847299017943225e-04
3.161121735502092633e-04
3.089901463681599234e-04
3.042177389033895560e-04
3.026213719749648698e-04
2.988404308780445934e-04
2.996277862621354870e-04
3.001933429914060872e-04
2.981919401463528629e-04
2.967763196465966866e-04
2.982653807521273956e-04
2.966914213175187104e-04
2.952442178866476969e-04
2.956820174404129029e-04
2.926032616414886434e-04
2.958757282613078349e-04
2.974090956740837793e-04
3.020815725903958299e-04
3.080965526351065126e-04
3.084377209233935208e-04
3.079366121710336193e-04
3.112778224021894749e-04
3.142411287626600824e-04
3.186131725669838488e-04
3.221982623472285706e-04
3.270540389166853748e-04
3.279194575952715457e-04
3.299783644251874865e-04
3.315343375106749807e-04
3.332268349367950469e-04
3.339799623063299805e-04
3.341062540130223970e-04
3.344976773405505702e-04
3.313529370643664043e-04
3.330483948957407955e-04
3.322150287203839980e-04
3.306175996840465705e-04
3.286395184659340668e-04
3.287900749455729965e-04
3.253269122978963207e-04
3.225839259357599076e-04
3.167064692206622567e-04
3.136887577056768567e-04
3.109750129624444417e-04
3.051635007977893110e-04
3.017531333171064143e-04
2.999166847075684819e-04
2.953744919068412638e-04
2.915165897320548755e-04
2.903169897763291374e-04
2.888019287638599161e-04
2.858425865269964778e-04
2.825175629368459340e-04
2.780332785732753001e-04
2.806133928061172009e-04
2.794372675452905025e-04
2.754568793534417745e-04
2.722181678109336753e-04
2.665094607436913066e-04
2.628153430123348006e-04
2.575103238086740129e-04
2.543081593103124652e-04
2.523478719467675438e-04
2.479090373526560034e-04
2.453576294556114698e-04
2.400656542249635095e-04
2.400672671683423578e-04
2.392582588981895133e-04
2.355695637106691612e-04
2.353176115320820773e-04
2.347438487504405202e-04
2.326767501926951755e-04
2.318168570582201883e-04
2.311984926109289409e-04
2.307918050973967292e-04
2.295786343893269077e-04
2.294161482495837791e-04
2.298731075370597009e-04
2.267756300625478670e-04
2.273680407597566901e-04
2.267358680455799859e-04
2.269071438149694695e-04
2.252134655009285888e-04
2.259779219912161298e-04
2.253170810945448411e-04
2.260229959119897157e-04
2.243194518541713532e-04
2.235768875380017670e-04
2.239929910501814339e-04
2.221630631538573544e-04
2.218715151684591655e-04
2.205015584877401125e-04
2.191928001593623776e-04
2.168481060834892506e-04
2.136406065801565947e-04
2.121647703006601551e-04
2.094784263135807123e-04
2.057933622836571885e-04
2.041456546976405607e-04
2.001843626658228350e-04
1.999153481847315615e-04
1.994981329062284149e-04
1.991302266105776598e-04
1.991069719679217033e-04
1.987394079151272362e-04
1.986581619803473695e-04
1.994056880448624779e-04
1.989319251151755561e-04
1.991943288430775283e-04
1.988098572837771025e-04
1.993571891489409717e-04
1.992408915612031706e-04
1.993614558614353828e-04
1.992995638829597792e-04
1.991683582218684023e-04
1.992025888284842841e-04
1.991154012557671995e-04
1.989391882489144228e-04
1.986302799195982570e-04
1.988778929899126470e-04
1.986832708098518196e-04
1.986802693863865042e-04
1.987040610401891118e-04
1.986754072277108262e-04
1.989093122119811651e-04
1.983363435101637205e-04
1.987753340472408982e-04
1.988450460430613020e-04
1.987058582017198151e-04
1.982696998766186772e-04
1.983572194603766548e-04
1.981553786208678557e-04
1.979484415187471368e-04
1.982000203952338888e-04
1.983383308015618132e-04
1.978174478608707377e-04
1.972937946902675267e-04
1.972346759885113042e-04
1.970852572412695736e-04
1.965488890618871556e-04
1.967837291431351278e-04
1.962837528026284526e-04
1.959327967597346396e-04
1.957159678113384817e-04
1.950259746990923358e-04
1.941006195011141190e-04
1.933867299612757051e-04
1.932313102315674660e-04
1.921051942645135514e-04
1.925175402448076165e-04
1.922343200931209031e-04
1.923439541315019542e-04
1.922931952321960071e-04
1.920265893204487037e-04
1.923576591252640410e-04
1.920530048209911802e-04
1.921984159707790132e-04
1.923402285683550980e-04
1.924192588830919812e-04
1.924304967815260170e-04
1.922855831708147997e-04
1.922156013733911095e-04
1.919593016282305944e-04
1.923199326029134736e-04
1.921421903261943845e-04
1.921292244787764448e-04
1.922607165852241343e-04
1.920101780342520269e-04
1.918530474085855422e-04
1.920063238685543075e-04
1.920402502037177274e-04
1.915505171837139533e-04
1.916098245146713561e-04
1.916851127589325134e-04
1.914557501550007146e-04
1.917657083595258936e-04
1.911969403863622628e-04
1.913582886118092628e-04
1.910809887249342756e-04
1.911029001348652054e-04
1.910138493713020471e-04
1.909807871925295222e-04
1.910584917368396418e-04
1.912942957005725367e-04
1.913770090141042493e-04
1.908950156121136334e-04
1.908380565964762354e-04
1.906275916098820853e-04
1.911371496589708949e-04
1.912148707106098300e-04
1.911451762225624353e-04
1.911164195917081034e-04
1.906343207792815465e-04
1.908718219965521603e-04
1.909249013806402163e-04
1.912942782837490194e-04
1.910683856749528786e-04
1.907152390685950996e-04
1.909650041852728409e-04
1.910152252094121541e-04
1.907600325012026533e-04
1.912402922243927605e-04
1.910953546030214111e-04
1.909930060719489120e-04
1.910201438022340881e-04
1.909267140945303145e-04
1.910189240788895458e-04
1.907663461679476422e-04
1.909278303173778113e-04
1.907006615510908995e-04
1.909490555135562263e-04
1.905924526909075266e-04
1.907515372749912785e-04
1.909400930799165616e-04
1.909675452225201298e-04
1.908614610329095631e-04
1.906580778268107679e-04
1.904383405872067615e-04
1.907818287691043170e-04
1.905424868709815255e-04
1.901585279938444782e-04
1.905492312744172414e-04
1.905188734326657195e-04
1.900634401408751620e-04
1.906041889469634151e-04
1.901856851418415317e-04
1.901137662116525570e-04
1.901896512663370340e-04
1.899897995372157311e-04
1.902496840557432842e-04
1.895217611945554435e-04
1.899764400604908533e-04
1.901905970498773859e-04
1.897145208204165047e-04
1.895729053103423103e-04
1.894954247745772482e-04
1.895052149848197641e-04
1.895373407023726031e-04
1.892335964384983581e-04
1.890654185899620697e-04
1.890880532300798114e-04
1.886973156615567751e-04
1.891715523925086018e-04
1.885207897430518696e-04
1.883261450984718922e-04
1.883154598999681130e-04
1.878643678992375390e-04
1.881146352388896156e-04
1.878713252608577077e-04
1.879821904822165379e-04
1.884449317003600245e-04
1.884595279989298487e-04
1.882856876818550409e-04
1.882526432837039465e-04
1.887354790142126149e-04
1.883298220036522307e-04
1.887543608063424472e-04
1.891624093786958892e-04
1.888116189547872636e-04
1.888182634502299953e-04
1.890026535875222288e-04
1.891099013846542221e-04
1.894277025257906752e-04
1.892423388198949397e-04
1.889041312551853426e-04
1.891795208393887205e-04
1.892195723939949057e-04
1.889124389890639685e-04
1.889273187771323245e-04
1.883365111098100951e-04
1.888106512069498313e-04
1.888209452317823835e-04
1.883756041479500763e-04
1.882609263248014139e-04
1.882299563476408258e-04
1.877104422419506645e-04
1.878210794984624900e-04
1.878591616787161965e-04
1.878485747965896735e-04
1.874887276699155390e-04
1.878167534414387882e-04
1.878441894859861458e-04
1.878525268693920171e-04
1.883567185814172262e-04
1.882185474187281107e-04
1.882127242879505448e-04
1.882310561086342259e-04
1.882458611817128258e-04
1.881741151464666527e-04
1.882642296095582532e-04
1.879463521163415971e-04
1.882435113657265847e-04
1.882419568573823253e-04
1.876488839116064009e-04
1.879938581623719074e-04
1.880554324543481980e-04
1.879491516774578377e-04
1.880030264146625941e-04
1.882388821286440253e-04
1.878748595572687973e-04
1.876513717434136089e-04
1.876686387731751893e-04
1.878204791864846010e-04
1.873240300938050495e-04
1.873949696346244255e-04
1.870005857654177708e-04
1.874142079486773528e-04
1.873367865300679060e-04
1.869300125235895339e-04
1.876300935236940967e-04
1.867879478595568744e-04
1.866948950464575210e-04
1.868171087153314256e-04
1.870072763267671798e-04
1.862038290255441152e-04
1.866567807610408582e-04
1.864077104983152713e-04
1.864661171566694975e-04
1.863534153471846475e-04
1.858079377143440178e-04
1.855568097653303885e-04
1.853412199579906774e-04
1.853489836776134325e-04
1.855621515915117871e-04
1.847881050707655850e-04
1.849316099651332479e-04
1.846611893142835416e-04
1.842907391619519276e-04
1.842151319578988423e-04
1.838638217122934347e-04
1.840638976773334434e-04
1.837501055433676865e-04
1.838866516209236633e-04
1.840434661062317900e-04
1.839377002397668440e-04
1.843028717757988597e-04
1.844052358592307536e-04
1.840361639551701847e-04
1.844970731326611604e-04
1.844637022713868754e-04
1.847410723712528016e-04
1.842817858687339995e-04
1.843188585098687381e-04
1.843883023411763025e-04
1.845766688347794061e-04
1.843292269768426249e-04
1.845518981099303400e-04
1.843996655679802535e-04
1.845639813836896738e-04
1.841945016167301327e-04
1.841779745973326553e-04
1.844282316596945639e-04
1.842899914208828596e-04
1.846022537392855156e-04
1.847735984028986314e-04
1.847312594691175145e-04
1.848373905431799412e-04
1.849974290962563882e-04
1.848201514803804403e-04
1.849306586336751934e-04
1.846146021762251621e-04
1.845972630235337474e-04
1.844707931013545021e-04
1.845883406076609336e-04
1.846124396706727675e-04
1.844014025209617103e-04
1.843579042542842271e-04
1.844461995915480711e-04
1.844017625444394016e-04
1.842630654209642671e-04
1.844478851580788506e-04
1.842991722242004417e-04
1.843080509843275704e-04
1.839713785557251012e-04
1.840640015416283751e-04
1.843523560182802720e-04
1.840453969180089080e-04
1.840682335114252163e-04
1.843151105276774507e-04
1.844154804985009887e-04
1.843954983087314758e-04
1.843681460286461461e-04
1.843075790020520690e-04
1.841281448378140340e-04
1.843811956860008595e-04
1.844104433075699381e-04
1.846529297836241367e-04
1.842086647229734917e-04
1.844008777425187873e-04
1.845280925408587845e-04
1.842102802129375158e-04
1.841272209730959622e-04
1.839583567743830026e-04
1.841742842771054657e-04
1.837437617723480744e-04
1.837614108353591183e-04
1.842350512561097221e-04
1.837279926348855952e-04
1.837556246755411848e-04
1.835117621340032310e-04
1.840001360960741349e-04
1.839198660945839893e-04
1.836061413541756283e-04
1.836338649809477028e-04
1.831419477639428751e-04
1.833119314142095336e-04
1.834885103107808445e-04
1.831717524964915356e-04
1.831157218475709724e-04
1.834239303207141239e-04
1.834407694332185201e-04
1.830501642871240565e-04
1.827254531235667000e-04
1.830337096180301160e-04
1.832101386298745638e-04
1.825289256430551231e-04
1.826310142405418446e-04
1.826379923841159434e-04
1.822256634113728177e-04
1.819802699174033586e-04
1.815993648506264435e-04
1.819140870793489739e-04
1.819030108890728971e-04
1.819756359964230796e-04
1.822908688154711908e-04
1.827275399136851720e-04
1.828390310947724975e-04
1.833419985359796556e-04
1.830080252602783730e-04
1.834992348449304754e-04
1.834193139529815999e-04
1.836106900555023349e-04
1.835913338254613445e-04
1.835960166317818166e-04
1.837030962633434737e-04
1.836088046729855597e-04
1.836567139889666686e-04
1.836433354128530536e-04
1.835554736771882799e-04
1.836121834458026461e-04
1.837981209064309897e-04
1.836672681747586466e-04
1.837129646446555961e-04
1.833997239373275079e-04
1.836251823078782709e-04
1.835702841617603445e-04
1.836746459503046827e-04
1.838908161971630816e-04
1.833162181810621297e-04
1.835176367876556578e-04
1.836385963997600010e-04
1.836767816257634022e-04
1.833399003771774114e-04
1.834418627822742619e-04
1.837112188241007971e-04
1.833916738632979050e-04
1.833506423736253055e-04
1.832219332754902953e-04
1.834109831179375706e-04
1.834949147905717728e-04
1.832457428008637981e-04
1.832735032166965484e-04
1.831834837048518184e-04
1.835551819112879403e-04
1.836570801060588511e-04
1.832993944390182259e-04
1.833800306940247646e-04
1.836125215959327761e-04
1.832941321936232325e-04
1.835636732721468325e-04
1.835897822729748387e-04
1.835713022956042605e-04
1.835091914017539239e-04
1.833867885125073317e-04
1.832197380281286368e-04
1.835129742175922729e-04
1.835028125242388287e-04
1.832852582992927529e-04
1.832650034430116648e-04
1.834297315326693825e-04
1.834291101204143962e-04
1.827653336022194599e-04
1.830052312925545266e-04
1.830141982736677273e-04
1.829597021696827033e-04
1.824946785291103987e-04
1.828132637001544990e-04
1.826896102102182231e-04
1.829137987897411276e-04
1.825366055982158232e-04
1.829569130222807871e-04
1.828893378842621987e-04
1.828748143452685435e-04
1.830932659686368479e-04
1.831094074987049572e-04
1.830948881433869246e-04
1.831957138620055156e-04
1.830276455621060450e-04
1.833977683872944854e-04
1.832372743592714068e-04
1.833164047184254850e-04
1.829710908168635851e-04
1.834256739584816333e-04
1.831060619679192314e-04
1.833966672620590598e-04
1.831821609812323004e-04
1.830730152050818907e-04
1.832547617141244646e-04
1.830116163091588587e-04
1.828698814733798026e-04
1.830714695643109735e-04
1.832419793572626077e-04
1.832188107982801793e-04
1.832338063195493359e-04
1.830052299283124739e-04
1.830486738072068073e-04
1.831152113936696023e-04
1.830953035096172135e-04
1.828493246648576988e-04
1.826971380523900788e-04
1.827760374453646255e-04
1.827400494221364971e-04
1.820870653773454305e-04
1.827767783197487114e-04
1.826121284011606003e-04
