5.972800228595733785e+01
3.004530044198036265e+01
1.854806027412414693e+01
1.378995753824710846e+01
1.085403936207294429e+01
9.134018307924270275e+00
7.713117602467536749e+00
6.848500247299670995e+00
6.057945367693901240e+00
5.455606284737586797e+00
4.873570385575294317e+00
4.310423385351896286e+00
3.983784894645213903e+00
3.555474261194467633e+00
3.234849130362272174e+00
2.945448451489210306e+00
2.711041596531868159e+00
2.519407266378402621e+00
2.362309059500694364e+00
2.220208532363176168e+00
2.127934584766626447e+00
2.030761136859655203e+00
1.975342634320259139e+00
1.875312583893537610e+00
1.814624474570155188e+00
1.691700165718793780e+00
1.615730967372655869e+00
1.503329139947891191e+00
1.431262110173702196e+00
1.329360483214259148e+00
1.274894817546009973e+00
1.205671253427863077e+00
1.178682376071810811e+00
1.151938334852457002e+00
1.132281686738133342e+00
1.083267386257648512e+00
1.058565114811062857e+00
1.029221332073211759e+00
1.038445126637816518e+00
1.017706729844212621e+00
9.894194409251213518e-01
9.704726457595824751e-01
9.867341022938489470e-01
9.592928566038608773e-01
9.460106469690799935e-01
9.450331162661314011e-01
9.285563245415687783e-01
9.444035500288009422e-01
9.163203533738851769e-01
9.331979598850012048e-01
9.092801611870526823e-01
9.123122900724410789e-01
8.996528528630733934e-01
8.964891098439693451e-01
8.913194492459297624e-01
8.895662531256676164e-01
8.855833962559700456e-01
8.791584536433220132e-01
8.874074794352054818e-01
8.884572420269251092e-01
8.831754889339208381e-01
8.668685004115104231e-01
8.581809971481562105e-01
8.452298065647483316e-01
8.339556934311985747e-01
8.142739506438374519e-01
8.178260602056980355e-01
8.101704187691212145e-01
8.201425787061452644e-01
8.127510828897357431e-01
8.074716651812196000e-01
8.109337262809276359e-01
8.021515727043151411e-01
8.114257417619228363e-01
8.001147985458374468e-01
8.011638157069682631e-01
7.988221799954772218e-01
8.033805292099713835e-01
7.995596759021281752e-01
7.965522252023220506e-01
7.927607750520110352e-01
7.919572139158844726e-01
7.875763496384025064e-01
7.908780887722969277e-01
7.895610008388758150e-01
7.823082460090517998e-01
7.823610506951809151e-01
7.805513780564069526e-01
7.811139957979321702e-01
7.798360511660575867e-01
7.830210642889141592e-01
7.855963574722408804e-01
7.813073262572288735e-01
7.811386113986372726e-01
7.820977190509438293e-01
7.843483513221144454e-01
7.847200190648436768e-01
7.787886442616581695e-01
7.841456694528460281e-01
7.792937926948070304e-01
7.817371437326073869e-01
7.801166204735636711e-01
7.774257890880107436e-01
7.776890689507126586e-01
7.774465933442116228e-01
7.783318629488349405e-01
7.787031916901469009e-01
7.808706972748040709e-01
7.782810950651765092e-01
7.799629671499133110e-01
7.767947625368833986e-01
7.764749741181731224e-01
7.794256759807467461e-01
7.750355118885636774e-01
7.741218674927949905e-01
7.734595911577344385e-01
7.743387972936034425e-01
7.741362599655985388e-01
7.757625585421920045e-01
7.713297955691814645e-01
7.723244477063417879e-01
7.795163182541727798e-01
7.707937337458133920e-01
7.712073381990194321e-01
7.686938190832733886e-01
7.667785381898284403e-01
7.677779875695704970e-01
7.696776604279875755e-01
7.686524054035543951e-01
7.688255654647946358e-01
7.665237328037619591e-01
7.698544921353459580e-01
7.670122135430574861e-01
7.675933774560690370e-01
7.672956969588995424e-01
7.661335438489913496e-01
7.636999659240245597e-01
7.637471936643123183e-01
7.632156962528824362e-01
7.667308494448661360e-01
7.608390331268310991e-01
7.632034257054328696e-01
7.620080072432756646e-01
7.639026995748281479e-01
7.633348330855369568e-01
7.631912911310791969e-01
7.628303883597254975e-01
7.621292473748326746e-01
7.636653492227196693e-01
7.615714307874441591e-01
7.616032708436251131e-01
7.629643937572836432e-01
7.633628714829683304e-01
7.612249737605452093e-01
7.633154423907398956e-01
7.639385888352989706e-01
7.649657148867845535e-01
7.614969559013843314e-01
7.649062404409050497e-01
7.603792428970337358e-01
7.706400956958532333e-01
7.624191999435424583e-01
7.611780887469649093e-01
7.619182664901018587e-01
7.622127879410982576e-01
7.605710292235017267e-01
7.614584289491176383e-01
7.622536828741430792e-01
7.622938994318246841e-01
7.607625879347323927e-01
7.623402452096342818e-01
7.623393347486853155e-01
7.624681591987609863e-01
7.671846691519021988e-01
7.630956079810857773e-01
7.620970392599701881e-01
7.614286294206976669e-01
7.642845612019300017e-01
7.610456485301255736e-01
7.613037841394543204e-01
7.619695389643311723e-01
7.635431531816720963e-01
7.609762871637940629e-01
7.633541828021407349e-01
7.617336617782711761e-01
7.618090663105249183e-01
7.622028660029173119e-01
7.613046810030936751e-01
7.643556907773018105e-01
7.626884566619992478e-01
7.611696364358067068e-01
7.614228125661611779e-01
7.613663341850042121e-01
7.618768937885761483e-01
7.618764728307724221e-01
7.625476064160465750e-01
7.619239311665296777e-01
7.612269951030612436e-01
7.618818070739508119e-01
7.614147352054715379e-01
7.598977629095315933e-01
7.574419146403670311e-01
7.571531690657138380e-01
7.535565279424190077e-01
7.546932168304920641e-01
7.513420017436146514e-01
7.508087044581770453e-01
7.488004554063081297e-01
7.525561371818184631e-01
7.496284067630767378e-01
7.524370936676859634e-01
7.490680808201432006e-01
7.482132060453295930e-01
7.486524978652596696e-01
7.491884242743254152e-01
7.487143296748399734e-01
7.484083458781242149e-01
7.494854815304279327e-01
7.488324018195271492e-01
7.519756464287639108e-01
7.522496933117508444e-01
7.526968242600560188e-01
7.535888582468033281e-01
7.497223215177655220e-01
7.487452983856200950e-01
7.491762690246105416e-01
7.486552836373447928e-01
7.494056485593318939e-01
7.484420837834477869e-01
7.489793328568339348e-01
7.480253143236040847e-01
7.483519241213798523e-01
7.512294672429561393e-01
7.486406723037362099e-01
7.496718300506473032e-01
7.488668670877813849e-01
7.512630240991711172e-01
7.488764755427836928e-01
7.481347901746631113e-01
7.492848876863718033e-01
7.498736800625920296e-01
7.490898407995700836e-01
7.492610936984419601e-01
7.480617117136716399e-01
7.498293885961174743e-01
7.480730893090367095e-01
7.496228294447064844e-01
7.479293122887611389e-01
7.492197990417480691e-01
7.480276627466082573e-01
7.496145622804760711e-01
7.480489563196897063e-01
7.489147629588842614e-01
7.486249579116701636e-01
7.496469279751181158e-01
7.480287237092853037e-01
7.479755636304616928e-01
7.489044491201639620e-01
7.496408775448799577e-01
7.505606021732091904e-01
7.495460378006100211e-01
7.480156270787119421e-01
7.477931128814816475e-01
7.499794997274875641e-01
7.521969279274344222e-01
7.519513338804244551e-01
7.472682489082217439e-01
7.493238534778356996e-01
7.479371864348649535e-01
7.484544247388840166e-01
7.477614548057317512e-01
7.497862711548805015e-01
7.474901815876364708e-01
7.440515765920281410e-01
7.436957202851772752e-01
7.431061852723359618e-01
7.433721551671623740e-01
7.427356952801347223e-01
7.406335933133959548e-01
7.412334384396672693e-01
7.398716371506453005e-01
7.412650419399142709e-01
7.401339296251535638e-01
7.399958880618214829e-01
7.414023095741868463e-01
7.409132855013013108e-01
7.400931607931852119e-01
7.384151058271527512e-01
7.396594334393740144e-01
7.386214429512619750e-01
7.392771385610104051e-01
7.450724450871348825e-01
7.483449418097734007e-01
7.391464378684758918e-01
7.383627858012914436e-01
7.398727944120764288e-01
7.387860378250479254e-01
7.391882019117475000e-01
7.398376850411295669e-01
7.416799321770668474e-01
7.429737074300646338e-01
7.398576512932777405e-01
7.396055480465293375e-01
7.400260785594582336e-01
7.401672992855310440e-01
7.405169110745191130e-01
7.398697597905993240e-01
7.392157435417174849e-01
7.422105899080634339e-01
7.402912186458706634e-01
7.390717763453722444e-01
7.392573446035385354e-01
7.393006002530455589e-01
7.394607149064540419e-01
7.411470636725425720e-01
7.390956275165081468e-01
7.408627836033702119e-01
7.395355936139822450e-01
7.391469893977046235e-01
7.388388575986027940e-01
7.401411436498165353e-01
7.398945000022649765e-01
7.390967363491653952e-01
7.395794352516531500e-01
7.402497407048940214e-01
7.405229622498155084e-01
7.396769065409898314e-01
7.394645638763904794e-01
7.390039650723337905e-01
7.393920492380857690e-01
7.404661383479833603e-01
7.401778314262628111e-01
7.399920793250203133e-01
7.394361512735485586e-01
7.417091274634003417e-01
7.397612664848566277e-01
7.402703406289219412e-01
7.398506516590714899e-01
7.391950771212577598e-01
7.388611901551485062e-01
7.393940879032016023e-01
7.390379413962364641e-01
7.405132479965687020e-01
7.410144815221428871e-01
7.416596518829464690e-01
7.398825086653232352e-01
7.410271145403385384e-01
7.394841777160763296e-01
7.397141393274069276e-01
7.392128104344010131e-01
7.396559655666351540e-01
7.395560277625918832e-01
7.397791918367147002e-01
7.403089676052332369e-01
7.396857837215066178e-01
7.399458209052681701e-01
7.396883718669414742e-01
7.397975672036409822e-01
7.390334591269492881e-01
7.402045629918575509e-01
7.403079625219106674e-01
7.388833364471792953e-01
7.391661932691931947e-01
7.396515745669602904e-01
7.400759691372513771e-01
7.400163602083921210e-01
7.389732742682099120e-01
7.403156088665128198e-01
7.405513402074574980e-01
7.397070687264204469e-01
7.398704858496785164e-01
7.398206325247883575e-01
7.400081198662519233e-01
7.387174936011433601e-01
7.396341582760215250e-01
7.440812991932034270e-01
7.393039919435977492e-01
7.398818954825401306e-01
7.396628536283970101e-01
7.393982522189617157e-01
7.392176289111376253e-01
7.401304608210921288e-01
7.408458588644861731e-01
7.413670800626277479e-01
7.427851872518658194e-01
7.396594582125544104e-01
7.398369198665022406e-01
7.406764103099703345e-01
7.391575723886489868e-01
7.396319253370166047e-01
7.383900633081793563e-01
7.389661358669400437e-01
7.399282824248075707e-01
7.398214571177958998e-01
7.387671131640672906e-01
7.397562179714440855e-01
7.393584819510579109e-01
7.399310987442732079e-01
7.390889899805188623e-01
7.421321945264935938e-01
7.386063311249018160e-01
7.394844256341457367e-01
7.397555027157067808e-01
7.391037343069910559e-01
7.399768473580479178e-01
7.406925097107887046e-01
7.395597808063030243e-01
7.393840031698346582e-01
7.411165315657853858e-01
7.422152876853942427e-01
7.389292584732174429e-01
7.393868856132030931e-01
7.401626411825418250e-01
7.407259657979011758e-01
7.413763904944061789e-01
7.393442716449498686e-01
7.395908327773212942e-01
7.396091338247060554e-01
7.426365833729505761e-01
7.386904742568731752e-01
7.398129370063543098e-01
7.396714184433221817e-01
7.410500669851899369e-01
7.420523250475525856e-01
7.391154574230313079e-01
7.401964137330651061e-01
7.406713077798485756e-01
7.393181072548031807e-01
7.403132205829023871e-01
7.398061806336044821e-01
7.394809469580649886e-01
7.397754030302167161e-01
7.396219348534941451e-01
7.416095452383160147e-01
7.402819851413369179e-01
7.411357169970870240e-01
7.402948925271630731e-01
7.396035104990005271e-01
7.409054597839712653e-01
7.393501976504921469e-01
7.390405666083097458e-01
7.401000211015343888e-01
7.396772563457488792e-01
7.402916727587580681e-01
7.412604348734020965e-01
7.397888666018843651e-01
7.410097697749733481e-01
7.393453683704137580e-01
7.396756714209914430e-01
7.393924199044704659e-01
7.406493194401264635e-01
7.388597186654806137e-01
7.400296850129961523e-01
7.395008238032459991e-01
7.408347468823194282e-01
7.393307751044631004e-01
7.392563007771968397e-01
7.390687098726630433e-01
7.391259048134088960e-01
7.414353325963020103e-01
7.399731481447815451e-01
7.406846901401877847e-01
7.395163297653197798e-01
7.415412992238998857e-01
7.389569897204637527e-01
7.391771979629992995e-01
7.389650177210569382e-01
7.387076439335942268e-01
7.396130174398422019e-01
7.403280356898903625e-01
7.381560109555721505e-01
7.393721362575889078e-01
7.391413761302828567e-01
7.400433002039790154e-01
7.399652166292071120e-01
7.412872955203055891e-01
7.402851682156323943e-01
7.405424451455473456e-01
7.403386248275637405e-01
7.411946287378669007e-01
7.401966221630573717e-01
7.398716250434518305e-01
7.407115202397107634e-01
7.391326444223522696e-01
7.417164484038949457e-01
7.403661113232373747e-01
7.404416795819998010e-01
7.401661563664674315e-01
7.399098074063659158e-01
7.402342170476913230e-01
7.410819303244352563e-01
7.393161326646804365e-01
7.396522052586078644e-01
7.396222887560724990e-01
7.398245267570018324e-01
7.411676287651062234e-01
7.397691696882248147e-01
7.390040909871459229e-01
7.399745434522628784e-01
7.389573991298675759e-01
7.412760047242045180e-01
7.401062207296490447e-01
7.391407711431383643e-01
7.414608623832463774e-01
7.457476582378148589e-01
7.395968001335859743e-01
7.425890656188129935e-01
7.396941537037491354e-01
7.421040255576372147e-01
7.396746339276433213e-01
7.408571463078260644e-01
7.397688336670398268e-01
7.393307525664567503e-01
7.400702059268950972e-01
7.396629588678479417e-01
7.408212119713425414e-01
7.411185687407850775e-01
7.423215875402092712e-01
7.395741991698742135e-01
7.399849323555827141e-01
7.410690069198608843e-01
7.428376913070678933e-01
7.394391790032386336e-01
7.392446778714656386e-01
7.474133389070629629e-01
7.394849667325615883e-01
7.394944850355387178e-01
7.447265658527613130e-01
7.394141662865877374e-01
7.391645686700940576e-01
7.395659161731600317e-01
7.408423943445086035e-01
7.404717281460762024e-01
7.387697830796241538e-01
7.402919765561819521e-01
7.399486523121595605e-01
7.392702991142868774e-01
7.426120746880769952e-01
7.433778734877705130e-01
7.406491907313466072e-01
7.391530951485038026e-01
7.396070040762424691e-01
7.393091430887579474e-01
7.396640218794345856e-01
7.414043270051479118e-01
7.402323650196194205e-01
7.404297048225998434e-01
7.403522124513983727e-01
7.403413461521267669e-01
7.399598130956291930e-01
7.397742945700883643e-01
7.390275370329618676e-01
7.404125200584530386e-01
7.392621701583266258e-01
7.403435518965124640e-01
7.398798141628504244e-01
7.400531290099024995e-01
7.394033133983611839e-01
7.397103499621152656e-01
7.404964381828904596e-01
7.401625955477356689e-01
7.390369953587651031e-01
7.383205169811845048e-01
7.394265269860624823e-01
7.399276454001665337e-01
7.397493856027722581e-01
7.406722033396363480e-01
7.399296365678310616e-01
7.418097188696265443e-01
7.397811384871602058e-01
7.400013227015733719e-01
7.400448575615883318e-01
7.397163461893796477e-01
7.394183171913027985e-01
7.433647766709328142e-01
7.387903271242975967e-01
7.398865817114710364e-01
7.396430324763059172e-01
7.395491153001785278e-01
7.398265367373824120e-01
7.397286795079708321e-01
7.396057505160570367e-01
7.392465369775891304e-01
7.391967622563242468e-01
7.401850074529647827e-01
7.391102923080324905e-01
7.399178329855203851e-01
7.391842370852828026e-01
7.410851042717695458e-01
7.392917234450578912e-01
7.396351868286729081e-01
7.418683147057890670e-01
7.421075467020272765e-01
7.396642465144396272e-01
7.415361478924751282e-01
7.397996688261627707e-01
7.408973500132560730e-01
7.419923096895217896e-01
7.396532129496335983e-01
7.416641741991043535e-01
