4.031787272691726542e+01
1.815248059928417135e+01
1.089980367422103846e+01
9.262823131680487876e+00
7.978449553251266479e+00
6.850352747738361003e+00
6.054484584927559254e+00
5.646912947297096252e+00
5.250475478172302424e+00
5.014519622921943309e+00
4.829245375096798298e+00
4.567763200402259471e+00
4.464985501766205012e+00
4.277823430299759089e+00
4.223954136669635595e+00
4.116954633593559620e+00
4.045861898362636211e+00
3.983501085638999850e+00
3.911165449023246588e+00
3.876571403443813235e+00
3.827286483347415835e+00
3.779689787328243344e+00
3.734400522708893000e+00
3.697246985137462527e+00
3.683268457651138306e+00
3.657911126315593897e+00
3.627270466089248746e+00
3.623580932617187500e+00
3.609384833276271909e+00
3.590889057517051786e+00
3.578692281246185214e+00
3.576776149868964971e+00
3.564441521465778528e+00
3.555748249590396703e+00
3.538250623643398374e+00
3.540292450785636813e+00
3.534028163552284330e+00
3.534354789555072873e+00
3.532331278920173734e+00
3.520576341450214475e+00
3.509149732440710157e+00
3.504407982528209509e+00
3.505684763193130493e+00
3.492031744122505277e+00
3.483632406592369168e+00
3.480989561229944407e+00
3.470738922059536158e+00
3.469876246899366468e+00
3.469883738458156675e+00
3.465827101469039828e+00
3.457943690568208606e+00
3.456235455721616834e+00
3.458651770651340662e+00
3.450602266192436041e+00
3.450086607038974851e+00
3.438799940794706522e+00
3.438714279234409421e+00
3.433882676064968109e+00
3.429639680683612912e+00
3.431631779670715421e+00
3.424922724068165003e+00
3.426781439036131083e+00
3.421096040308475583e+00
3.421493034809827805e+00
3.419818113744258703e+00
3.418096072971820831e+00
3.418903712183237076e+00
3.420233757793903262e+00
3.417816799134016037e+00
3.421783413738012314e+00
3.417818357795476825e+00
3.419583507627248942e+00
3.416839368641376495e+00
3.417032886296510696e+00
3.420571491122245789e+00
3.416359204798936844e+00
3.416804926097392947e+00
3.417523929476737887e+00
3.416149225085973740e+00
3.417064216732978998e+00
3.415192413330077947e+00
3.415661108493805109e+00
3.416922799497842611e+00
3.416976283490657629e+00
3.414774870872497647e+00
3.416244071722030817e+00
3.417834966629743398e+00
3.417437322437763214e+00
3.415160865336656748e+00
3.417895087599754245e+00
3.417707750201225192e+00
3.415511653572321116e+00
3.416193936765194117e+00
3.416208554059267044e+00
3.415325277298689066e+00
3.413881188631057828e+00
3.414873471856117337e+00
3.413411573320627390e+00
3.413204067200422465e+00
3.415296953916549860e+00
3.413572320342063815e+00
3.415240867435932248e+00
3.414003095030784696e+00
3.412587940692901611e+00
3.417060548067092807e+00
3.413415770977735519e+00
3.416578788310289383e+00
3.412337981164455414e+00
3.412665570527315229e+00
3.414466218650340945e+00
3.414802183210849940e+00
3.409368436038493932e+00
3.406325066089630038e+00
3.401453972607851206e+00
3.395480787754058927e+00
3.395136538147926153e+00
3.389669796824455350e+00
3.389876890182494940e+00
3.387438318133354276e+00
3.388200743496418088e+00
3.387224089354276657e+00
3.385673934221267611e+00
3.387421292811632068e+00
3.386689595878124237e+00
3.384346681088209241e+00
3.387186263501644312e+00
3.386132536828518003e+00
3.384525357931852163e+00
3.385548523068428128e+00
3.384127772599458517e+00
3.386444839090108960e+00
3.386803597956896006e+00
3.385847353935241610e+00
3.385472141951322733e+00
3.388104281574487509e+00
3.384517592936754138e+00
3.383872409164905726e+00
3.388542790710926234e+00
3.384742651134729385e+00
3.388079233467578888e+00
3.386884559690952479e+00
3.388256997615099131e+00
3.386175002157687963e+00
3.383879335969686597e+00
3.386195802688598544e+00
3.386679948121309458e+00
3.385854379087686716e+00
3.385324764996767044e+00
3.383632684499025434e+00
3.385377018898725332e+00
3.384899605065584183e+00
3.385108476132154376e+00
3.384610769152641474e+00
3.383747587352991193e+00
3.385285711288452237e+00
3.385968278348445715e+00
3.384533705562353223e+00
3.384311760216951459e+00
3.384092116355895907e+00
3.385178796947002411e+00
3.385239321738481522e+00
3.384641227126121699e+00
3.385628300160169690e+00
3.385164704173803329e+00
3.386010241508484064e+00
3.384992770105600179e+00
3.385260516405105502e+00
3.384267870336771011e+00
3.386870425939560114e+00
3.386359964311123072e+00
3.384663620591163546e+00
3.383986449241638272e+00
3.385027503222227008e+00
3.384352430701255798e+00
3.384126251190900714e+00
3.384920465946197332e+00
3.385862081497907461e+00
3.385786948353052050e+00
3.386835562437772840e+00
3.385171872377395808e+00
3.385374859720468699e+00
3.384917382150888443e+00
3.385073491185903727e+00
3.385745376348495483e+00
3.384985321015119730e+00
3.386694324761629016e+00
3.386547855287790121e+00
3.386466100066900076e+00
3.386334043741226374e+00
3.384827908873558222e+00
3.384625858068466275e+00
3.386420656740665613e+00
3.387849736213683904e+00
3.385170415043830872e+00
3.383685597032308756e+00
3.386395468562841238e+00
3.388161558657884598e+00
3.384539645910263239e+00
3.383408878743648707e+00
3.383799726516008466e+00
3.383803736418485641e+00
3.387102078646421432e+00
3.384085100144147873e+00
3.387297342717647375e+00
3.384614348411560059e+00
3.384585486352443606e+00
3.385192064195871264e+00
3.387034810334443868e+00
3.384452155977487386e+00
3.384288213402032675e+00
3.383890229463577093e+00
3.387105433642864316e+00
3.384337833523750394e+00
3.385349203646183192e+00
3.385047089308500290e+00
3.384618911892175674e+00
3.383191049098968506e+00
3.386749863624572754e+00
3.385179113596677780e+00
3.385766248404979528e+00
3.385193202644586563e+00
3.387257050722837448e+00
3.386297525465488345e+00
3.385766045004129587e+00
3.384606446325778784e+00
3.386566676199436188e+00
3.385190529376268298e+00
3.385228390991687597e+00
3.385296896845102488e+00
3.385560014843940646e+00
3.384477091580629260e+00
3.384197590500116259e+00
3.385352484881877899e+00
3.386680110543966116e+00
3.384505419433117002e+00
3.386136585474014193e+00
3.384919152408838450e+00
3.385620247572660446e+00
3.386022537946701050e+00
3.386022578179836096e+00
3.385953462868928732e+00
3.386549554765224457e+00
3.385881393402814687e+00
3.384751125425100149e+00
3.384334582090377630e+00
3.385347898304462255e+00
3.385438722372055231e+00
3.384993706643581568e+00
3.384720762819051654e+00
3.383687565475702375e+00
3.385730572789907633e+00
3.385104464739561170e+00
3.386822604387998759e+00
3.384658150374889374e+00
3.384204655140638174e+00
3.383582465350627899e+00
3.385319459438323797e+00
3.385296829044818878e+00
3.385681016743183225e+00
3.385906457155942739e+00
3.384491304308176129e+00
3.384378596395253957e+00
3.384351857751608073e+00
3.387221460789441974e+00
3.384942623227834790e+00
3.385318420082330526e+00
3.385491116344928830e+00
3.385041455179452985e+00
3.384985972940921961e+00
3.386361414194106967e+00
3.385464098304510117e+00
3.385241736471653162e+00
3.385607719421386719e+00
3.386009993404150098e+00
3.386142947524786173e+00
3.384639359265565695e+00
3.385843157768249512e+00
3.386195677518844427e+00
3.385888732969760895e+00
3.384122151881456375e+00
3.388711746782064438e+00
3.384721816331148325e+00
3.385053848475217730e+00
3.383949873596429736e+00
3.383834189921617330e+00
3.385102333128452212e+00
3.383896196633577436e+00
3.384726300835609436e+00
3.384992121160030454e+00
3.384870316088199438e+00
3.384552805125713437e+00
3.385475176572799505e+00
3.385329538583755404e+00
3.386467932164669126e+00
3.385567104071378619e+00
3.384784776717424393e+00
3.386993062496185480e+00
3.385388815402984530e+00
3.383863018453121096e+00
3.384077059477567762e+00
3.389725647121667684e+00
3.389674396067857920e+00
3.391352126002311618e+00
3.389647854864597409e+00
3.389024215936660589e+00
3.391095405071973712e+00
3.393270239979028879e+00
3.391420673578977585e+00
3.389903335273265927e+00
3.389836368709802539e+00
3.390270363539457321e+00
3.389575333893299014e+00
3.392103815078735263e+00
3.390767682343721390e+00
3.393147463351488202e+00
3.391083685308694751e+00
3.389932616055011838e+00
3.391899733245372861e+00
3.391439177095890045e+00
3.391016107797622858e+00
3.388886385411024271e+00
3.389711985737085431e+00
3.390639447420835673e+00
3.391640127450227915e+00
3.390627763420343221e+00
3.390870185196399600e+00
3.390815878659486859e+00
3.390961573272943674e+00
3.390489118546247571e+00
3.389275747537612737e+00
3.390928839147091090e+00
3.389427348226308645e+00
3.390527361631393344e+00
3.392887476086616338e+00
3.389415436983108432e+00
3.389212177693843753e+00
3.393620085716247736e+00
3.392337863147258936e+00
3.390835410356521695e+00
3.391451537609100342e+00
3.390284560620784760e+00
3.389505445957183838e+00
3.391228486597538172e+00
3.389588828384876074e+00
3.390862876176834018e+00
3.391074886918068021e+00
3.389995469152927487e+00
3.389624401926994324e+00
3.390969619154930115e+00
3.390475853532552541e+00
3.393337048590183258e+00
3.390559111535549341e+00
3.389624693989753634e+00
3.389930237084627151e+00
3.391180127859115601e+00
3.389673486351966858e+00
3.389560933411121191e+00
3.389817607402801691e+00
3.390203877538442434e+00
3.389658643305301755e+00
3.390930448472500025e+00
3.391383628547191442e+00
3.390325705707073034e+00
3.390120632201433004e+00
3.391888888180255801e+00
3.390326830744743170e+00
3.388808757066726685e+00
3.391001695394515902e+00
3.390466426312923609e+00
3.391281961649656118e+00
3.390062735974788577e+00
3.389680160582065671e+00
3.392111975699663162e+00
3.389856103807687759e+00
3.388950915634632022e+00
3.389645426720380605e+00
3.389921174198389231e+00
3.390301141142844976e+00
3.391316506266593755e+00
3.391530435532331467e+00
3.390467935055494486e+00
3.391363918781280518e+00
3.391896262019872488e+00
3.391882465034723459e+00
3.392727584391832529e+00
3.390603966265916647e+00
3.390538042783737271e+00
3.388576371967792600e+00
3.391654101014137446e+00
3.390751568973064511e+00
3.389924301207065671e+00
3.390521433204412460e+00
3.391115609556436539e+00
3.391107138991356074e+00
3.390191497653722852e+00
3.392453572154045194e+00
3.390807081758976160e+00
3.390167724341154099e+00
3.391881650686264127e+00
3.389918855577707113e+00
3.390725789964199155e+00
3.392714315652847201e+00
3.389766360819339575e+00
3.390721148997545065e+00
3.391053512692451477e+00
3.390242338180541992e+00
3.390315458923578440e+00
3.390208484232425601e+00
3.390259825438261210e+00
3.389613355696201147e+00
3.391289794445037753e+00
3.390560731291770935e+00
3.391869889944791883e+00
3.392953699827194303e+00
3.390714024752378375e+00
3.390394300967455088e+00
3.391592141985893427e+00
3.389993964135646909e+00
3.389389473199844183e+00
3.390855365991592318e+00
3.390081110596656622e+00
3.390657765418291003e+00
3.391755717247724622e+00
3.390738834440708338e+00
3.390568342059850693e+00
3.389479041099548340e+00
3.393517918139695944e+00
3.391877736151218237e+00
3.389540178328752429e+00
3.389769511669874280e+00
3.390054999291896909e+00
3.389570590853691279e+00
3.391773335635662079e+00
3.394585478305816473e+00
3.390948905050754636e+00
3.390230256319045843e+00
3.391643766313791275e+00
3.390109358727932065e+00
3.391772767156362445e+00
3.389232178032398402e+00
3.390799064934253870e+00
3.390407794713973910e+00
3.392643588036298841e+00
3.389350698888301761e+00
3.390947290509939371e+00
3.390100888907909393e+00
3.391586060076952069e+00
3.390457530319690882e+00
3.389567542821168900e+00
3.390371435880660922e+00
3.389914940297603430e+00
3.389889293164014994e+00
3.391496348381042303e+00
3.389088721573352725e+00
3.391476144641637713e+00
3.389267374575138270e+00
3.390827126055955709e+00
3.394544274359941660e+00
3.390031088888645350e+00
3.389323852211236776e+00
3.390012738108635126e+00
3.391337892413139432e+00
3.389919836074113846e+00
3.391807588934898199e+00
3.391981866210699081e+00
3.388660560548305334e+00
3.392275474220514120e+00
3.390245011448860257e+00
3.389646857976913452e+00
3.390261691808700739e+00
3.390319283306598486e+00
3.390707787126302719e+00
3.390468157082795919e+00
3.390166629850864588e+00
3.390359270572662176e+00
3.389968797564506531e+00
3.391919849067926318e+00
3.391861087828874410e+00
3.391744714230298996e+00
3.391697473824024200e+00
3.390219952166080297e+00
3.390385543555021197e+00
3.390019098669290631e+00
3.390412704646587283e+00
3.389313318580389200e+00
3.389940648525953115e+00
3.391524606198072611e+00
3.390783084928989499e+00
3.391848117113113403e+00
3.389674303680658252e+00
3.391063687950372607e+00
3.391279578953981577e+00
3.389766389876604169e+00
3.393141746520996094e+00
3.390302677452564417e+00
3.390719528496265234e+00
3.390607951581478208e+00
3.390559086203575045e+00
3.390036237239837824e+00
3.390397548675537109e+00
3.390838412195444018e+00
3.390527715533971698e+00
3.393570302426815122e+00
3.391772846877574743e+00
3.392760704457759680e+00
3.390098270773887812e+00
3.389066947251558215e+00
3.390184608101844965e+00
3.391130109876394183e+00
3.392621659487486063e+00
3.389139124006033121e+00
3.389388079941272558e+00
3.388733252882957458e+00
3.393670475482940763e+00
3.389108471572399139e+00
3.390119352191686808e+00
3.390440440922975363e+00
3.390561258792877286e+00
3.390445154160261154e+00
3.390438099205494105e+00
3.391216311603784561e+00
3.389949068427085876e+00
3.391055210679769338e+00
3.391113573312759311e+00
3.390168935060501099e+00
3.391108351200819104e+00
3.390738526731729596e+00
3.389070672541856677e+00
3.389341393113136203e+00
3.389860854297876536e+00
3.390060058981180013e+00
3.389153470098972498e+00
3.390903015434742152e+00
3.390929360687732874e+00
3.391054828464985071e+00
3.390052752196788699e+00
3.390299038589000613e+00
3.390104316174983978e+00
3.390646346658468424e+00
3.390621685981750399e+00
3.392263392359018415e+00
3.390817972272634595e+00
3.390588495880365372e+00
3.393026269227266134e+00
3.389967904984950930e+00
3.391197723150253474e+00
3.390704584866762072e+00
3.389896216243505567e+00
3.390420763194561093e+00
3.391953576356172562e+00
3.389139857888221918e+00
3.390973493456840515e+00
3.389943943172693430e+00
3.390026214718818487e+00
3.394463624805212021e+00
3.390250330418348224e+00
3.389385851472616284e+00
3.392325238883495242e+00
3.390708197653293787e+00
3.389809881150722681e+00
3.391264072805642904e+00
3.389588402956724256e+00
3.389760001003742307e+00
3.390435909479856402e+00
3.389285915344953715e+00
3.389814461767673315e+00
3.390853361040353953e+00
3.390951675176620661e+00
3.391200588643550784e+00
3.389828762412071317e+00
3.389787575602531522e+00
3.389913222193718045e+00
3.388957723230123342e+00
3.390295282751321970e+00
3.389556724578142166e+00
3.390741647034883677e+00
3.389791797101497473e+00
3.388967359066009433e+00
3.391215208172797979e+00
3.389762389659881414e+00
3.392070762813091278e+00
3.391051898896694006e+00
3.390287766605615705e+00
3.390428276360034854e+00
3.390396601706743063e+00
3.390462966263294131e+00
3.393093796074390323e+00
3.390474616736173452e+00
3.388727357983589261e+00
3.390731897205114365e+00
3.390009110420942218e+00
3.390876033157110392e+00
3.391220743954181494e+00
3.390698794275522232e+00
3.389035038650035858e+00
3.389131054282188416e+00
3.390179987996816635e+00
3.389425306767225088e+00
3.390259814262390314e+00
3.391726303845643997e+00
