4.031787272691726542e+01
1.815248059928417135e+01
1.089980367422103846e+01
9.262823131680487876e+00
7.978449553251266479e+00
6.850352747738361003e+00
6.054484584927559254e+00
5.646912947297096252e+00
5.250475478172302424e+00
5.014519622921943309e+00
4.829245375096798298e+00
4.567763200402259471e+00
4.464985501766205012e+00
4.277823430299759089e+00
4.223954136669635595e+00
4.116954633593559620e+00
4.045861898362636211e+00
3.983501085638999850e+00
3.911165449023246588e+00
3.876571403443813235e+00
3.827286483347415835e+00
3.779689787328243344e+00
3.734400522708893000e+00
3.697246985137462527e+00
3.683268457651138306e+00
3.657911126315593897e+00
3.627270466089248746e+00
3.623580932617187500e+00
3.609384833276271909e+00
3.590889057517051786e+00
3.578692281246185214e+00
3.576776149868964971e+00
3.564441521465778528e+00
3.555748249590396703e+00
3.538250623643398374e+00
3.540292450785636813e+00
3.534028163552284330e+00
3.534354789555072873e+00
3.532331278920173734e+00
3.520576341450214475e+00
3.509149732440710157e+00
3.504407982528209509e+00
3.505684763193130493e+00
3.492031744122505277e+00
3.483632406592369168e+00
3.480989561229944407e+00
3.470738922059536158e+00
3.469876246899366468e+00
3.469883738458156675e+00
3.465827101469039828e+00
3.457943690568208606e+00
3.456235455721616834e+00
3.458651770651340662e+00
3.450602266192436041e+00
3.450086607038974851e+00
3.438799940794706522e+00
3.438714279234409421e+00
3.433882676064968109e+00
3.429639680683612912e+00
3.431631779670715421e+00
3.424922724068165003e+00
3.426781439036131083e+00
3.421096040308475583e+00
3.421493034809827805e+00
3.419818113744258703e+00
3.418096072971820831e+00
3.418903712183237076e+00
3.420233757793903262e+00
3.417816799134016037e+00
3.421783413738012314e+00
3.417818357795476825e+00
3.419583507627248942e+00
3.416839368641376495e+00
3.417032886296510696e+00
3.420571491122245789e+00
3.416359204798936844e+00
3.416804926097392947e+00
3.417523929476737887e+00
3.416149225085973740e+00
3.417064216732978998e+00
3.415192413330077947e+00
3.415661108493805109e+00
3.416922799497842611e+00
3.416976283490657629e+00
3.414774870872497647e+00
3.416244071722030817e+00
3.417834966629743398e+00
3.417437322437763214e+00
3.415160865336656748e+00
3.417895087599754245e+00
3.417707750201225192e+00
3.415511653572321116e+00
3.416193936765194117e+00
3.416208554059267044e+00
3.415325277298689066e+00
3.413881188631057828e+00
3.414873471856117337e+00
3.413411573320627390e+00
3.413204067200422465e+00
3.415296953916549860e+00
3.413572320342063815e+00
3.415240867435932248e+00
3.414003095030784696e+00
3.412587940692901611e+00
3.417060548067092807e+00
3.413415770977735519e+00
3.416578788310289383e+00
3.412337981164455414e+00
3.412665570527315229e+00
3.414466218650340945e+00
3.414802183210849940e+00
3.409368436038493932e+00
3.406325066089630038e+00
3.401453972607851206e+00
3.395480787754058927e+00
3.395136538147926153e+00
3.389669796824455350e+00
3.389876890182494940e+00
3.387438318133354276e+00
3.388200743496418088e+00
3.387224089354276657e+00
3.385673934221267611e+00
3.387421292811632068e+00
3.386689595878124237e+00
3.384346681088209241e+00
3.387186263501644312e+00
3.386132536828518003e+00
3.384525357931852163e+00
3.385548523068428128e+00
3.384127772599458517e+00
3.386444839090108960e+00
3.386803597956896006e+00
3.385847353935241610e+00
3.385472141951322733e+00
3.388104281574487509e+00
3.384517592936754138e+00
3.383872409164905726e+00
3.388542790710926234e+00
3.384742651134729385e+00
3.388079233467578888e+00
3.386884559690952479e+00
3.388256997615099131e+00
3.386175002157687963e+00
3.383879335969686597e+00
3.386195802688598544e+00
3.386679948121309458e+00
3.385854379087686716e+00
3.385324764996767044e+00
3.383632684499025434e+00
3.385377018898725332e+00
3.384899605065584183e+00
3.385108476132154376e+00
3.384610769152641474e+00
3.383747587352991193e+00
3.385285711288452237e+00
3.385968278348445715e+00
3.384533705562353223e+00
3.384311760216951459e+00
3.384092116355895907e+00
3.385178796947002411e+00
3.385239321738481522e+00
3.384641227126121699e+00
3.385628300160169690e+00
3.385164704173803329e+00
3.386010241508484064e+00
3.384992770105600179e+00
3.385260516405105502e+00
3.384267870336771011e+00
3.386870425939560114e+00
3.386359964311123072e+00
3.384663620591163546e+00
3.383986449241638272e+00
3.385027503222227008e+00
3.384352430701255798e+00
3.384126251190900714e+00
3.384920465946197332e+00
3.385862081497907461e+00
3.385786948353052050e+00
3.386835562437772840e+00
3.385171872377395808e+00
3.385374859720468699e+00
3.384917382150888443e+00
3.385073491185903727e+00
3.385745376348495483e+00
3.384985321015119730e+00
3.386694324761629016e+00
3.386547855287790121e+00
3.386466100066900076e+00
3.386334043741226374e+00
3.384827908873558222e+00
3.384625858068466275e+00
3.386420656740665613e+00
3.387849736213683904e+00
3.385170415043830872e+00
3.383685597032308756e+00
3.386395468562841238e+00
3.388161558657884598e+00
3.384539645910263239e+00
3.383408878743648707e+00
3.383799726516008466e+00
3.383803736418485641e+00
3.387102078646421432e+00
3.384085100144147873e+00
3.387297342717647375e+00
3.384614348411560059e+00
3.384585486352443606e+00
3.385192064195871264e+00
3.387034810334443868e+00
3.384452155977487386e+00
3.384288213402032675e+00
3.383890229463577093e+00
3.387105433642864316e+00
3.384337833523750394e+00
3.385349203646183192e+00
3.385047089308500290e+00
3.384618911892175674e+00
3.383191049098968506e+00
3.386749863624572754e+00
3.385179113596677780e+00
3.385766248404979528e+00
3.385193202644586563e+00
3.387257050722837448e+00
3.386297525465488345e+00
3.385766045004129587e+00
3.384606446325778784e+00
3.386566676199436188e+00
3.385190529376268298e+00
3.385228390991687597e+00
3.385296896845102488e+00
3.385560014843940646e+00
3.384477091580629260e+00
3.384197590500116259e+00
3.385352484881877899e+00
3.386680110543966116e+00
3.384505419433117002e+00
3.386136585474014193e+00
3.384919152408838450e+00
3.385620247572660446e+00
3.386022537946701050e+00
3.386022578179836096e+00
3.385953462868928732e+00
3.386549554765224457e+00
3.385881393402814687e+00
3.384751125425100149e+00
3.384334582090377630e+00
3.385347898304462255e+00
3.385438722372055231e+00
3.384993706643581568e+00
3.384720762819051654e+00
3.383687565475702375e+00
3.385730572789907633e+00
3.385104464739561170e+00
3.386822604387998759e+00
3.384658150374889374e+00
3.384204655140638174e+00
3.383582465350627899e+00
3.385319459438323797e+00
3.385296829044818878e+00
3.385681016743183225e+00
3.385906457155942739e+00
3.384491304308176129e+00
3.384378596395253957e+00
3.384351857751608073e+00
3.387221460789441974e+00
3.384942623227834790e+00
3.385318420082330526e+00
3.385491116344928830e+00
3.385041455179452985e+00
3.384985972940921961e+00
3.386361414194106967e+00
3.385464098304510117e+00
3.385241736471653162e+00
3.385607719421386719e+00
3.386009993404150098e+00
3.386142947524786173e+00
3.384639359265565695e+00
3.385843157768249512e+00
3.386195677518844427e+00
3.385888732969760895e+00
3.384122151881456375e+00
3.388711746782064438e+00
3.384721816331148325e+00
3.385053848475217730e+00
3.383949873596429736e+00
3.383834189921617330e+00
3.385102333128452212e+00
3.383896196633577436e+00
3.384726300835609436e+00
3.384992121160030454e+00
3.384870316088199438e+00
3.384552805125713437e+00
3.385475176572799505e+00
3.385329538583755404e+00
3.386467932164669126e+00
3.385567104071378619e+00
3.384784776717424393e+00
3.386993062496185480e+00
3.385388815402984530e+00
3.383863018453121096e+00
3.384077059477567762e+00
3.384409695863723755e+00
3.384355285018682657e+00
3.386037529259920298e+00
3.384330855309963138e+00
3.383707982301712214e+00
3.385777845233678640e+00
3.387949808686971487e+00
3.386104708909988492e+00
3.384590270370245069e+00
3.384524776041507810e+00
3.384954261779784979e+00
3.384259312599897207e+00
3.386785981059074579e+00
3.385456103086471380e+00
3.387832270562648684e+00
3.385768035054206759e+00
3.384618754684924902e+00
3.386583465337753118e+00
3.386122158169746488e+00
3.385703389346599756e+00
3.383569173514842987e+00
3.384397895634174258e+00
3.385324662178754718e+00
3.386325499415397733e+00
3.385311274230480283e+00
3.385555317997932523e+00
3.385499127954244791e+00
3.385642993450164617e+00
3.385174510627984912e+00
3.383961018919944941e+00
3.385611119121313184e+00
3.384112438559532254e+00
3.385214104503392996e+00
3.387568928301334381e+00
3.384102769941091715e+00
3.383899174630641937e+00
3.388301916420459747e+00
3.387020702660083593e+00
3.385519355535507202e+00
3.386135704815387726e+00
3.384975955635309397e+00
3.384188853949308573e+00
3.385912300646304995e+00
3.384274750202894033e+00
3.385545860230922521e+00
3.385758679360151291e+00
3.384683322161436081e+00
3.384309602528810412e+00
3.385656146705150693e+00
3.385166221112013041e+00
3.388024235516786664e+00
3.385246179252862753e+00
3.384307937324047000e+00
3.384615125507116407e+00
3.385863780975341797e+00
3.384361246228217990e+00
3.384246718883514582e+00
3.384506443142890841e+00
3.384892624616623102e+00
3.384345122426748453e+00
3.385613791644573212e+00
3.386067477613687426e+00
3.385010624676942914e+00
3.384808527678251355e+00
3.386581971496343435e+00
3.385015824437141330e+00
3.383496220409869970e+00
3.385691335797309964e+00
3.385157098621129901e+00
3.385971581190824420e+00
3.384751933068037122e+00
3.384369280934333979e+00
3.386797636002301992e+00
3.384547799825668335e+00
3.383639571070671259e+00
3.384333852678537369e+00
3.384612913429736913e+00
3.384993775933980764e+00
3.386005888879298986e+00
3.386221320927143008e+00
3.385156811028719126e+00
3.386053996533155530e+00
3.386584272980690091e+00
3.386569639295339496e+00
3.387414128333330332e+00
3.385288192331791013e+00
3.385227853059768588e+00
3.383267158269882113e+00
3.386343815177679240e+00
3.385440229624509634e+00
3.384610699117183596e+00
3.385208886116743088e+00
3.385801943391561597e+00
3.385792516171932220e+00
3.384878875315189273e+00
3.387137403339147479e+00
3.385490356385707944e+00
3.384852416068315328e+00
3.386566442251205622e+00
3.384605743736028849e+00
3.385409449040889918e+00
3.387398546934127896e+00
3.384457316994667231e+00
3.385410398244857788e+00
3.385745043307542890e+00
3.384933051466942011e+00
3.385002017766237437e+00
3.384895857423543930e+00
3.384949092566967188e+00
3.384303170442580999e+00
3.385979540646076202e+00
3.385249967128038495e+00
3.386558425426483332e+00
3.387644208967685699e+00
3.385400449484586627e+00
3.385082744807005106e+00
3.386281686276197522e+00
3.384682282805442810e+00
3.384077399224042715e+00
3.385540559142827810e+00
3.384769883006811142e+00
3.385345514118671240e+00
3.386440782994031728e+00
3.385426589101553141e+00
3.385254171490669428e+00
3.384163947403430850e+00
3.388202225416898639e+00
3.386564201116561978e+00
3.384227520972490133e+00
3.384455783665180295e+00
3.384742205590009601e+00
3.384260435402393519e+00
3.386460828781127752e+00
3.389266665279865087e+00
3.385629976540803998e+00
3.384914520382880987e+00
3.386329016834497274e+00
3.384793841838836581e+00
3.386459757387638270e+00
3.383916362375020803e+00
3.385483294725418091e+00
3.385095157474279581e+00
3.387325508147478015e+00
3.384034606069326490e+00
3.385632638633251368e+00
3.384788180887698950e+00
3.386268831789493561e+00
3.385140877962112604e+00
3.384254691749811084e+00
3.385059025138616562e+00
3.384604264050722122e+00
3.384574106335640042e+00
3.386183963716030032e+00
3.383774311840534121e+00
3.386158218979835599e+00
3.383954469114542007e+00
3.385516453534364700e+00
3.389229826629161835e+00
3.384717240184545339e+00
3.384014073759317398e+00
3.384702817350626169e+00
3.386027023196220398e+00
3.384613825380802243e+00
3.386492738127708346e+00
3.386669547855853946e+00
3.383353001624345602e+00
3.386961553245782852e+00
3.384937141835689722e+00
3.384335996210575015e+00
3.384953595697879791e+00
3.385006251931190313e+00
3.385390642285346807e+00
3.385157953202724279e+00
3.384860340505838394e+00
3.385046978294849573e+00
3.384658329933881937e+00
3.386609093099832712e+00
3.386552748084068476e+00
3.386433997750282199e+00
3.386382528394460856e+00
3.384912523627281011e+00
3.385079624503851026e+00
3.384703507274389178e+00
3.385101137310266406e+00
3.384002726525068283e+00
3.384626833349466235e+00
3.386213674396276296e+00
3.385466220974922003e+00
3.386530917882919489e+00
3.384359613060951233e+00
3.385751712322234930e+00
3.385966984927654355e+00
3.384453341364860535e+00
3.387828494608402075e+00
3.384991826862096875e+00
3.385408889502286911e+00
3.385293887555599124e+00
3.385249792784452261e+00
3.384726940095424741e+00
3.385081109404564081e+00
3.385523081570863901e+00
3.385216529667377294e+00
3.388258051872253596e+00
3.386457281559705823e+00
3.387448434531688868e+00
3.384787087142467676e+00
3.383755294978618711e+00
3.384870003163814367e+00
3.385813459008931936e+00
3.387307140976190567e+00
3.383827794343233109e+00
3.384071510285139084e+00
3.383418346196413129e+00
3.388356122374534429e+00
3.383796602487564087e+00
3.384803286939859213e+00
3.385127875953912735e+00
3.385246171057224362e+00
3.385133747011423111e+00
3.385125060379505335e+00
3.385903675109148026e+00
3.384634619951248258e+00
3.385741816461086184e+00
3.385807329416274936e+00
3.384856987744569778e+00
3.385796409845352350e+00
3.385426752269268036e+00
3.383759435266256332e+00
3.384031874686479480e+00
3.384548055380582898e+00
3.384744491428136826e+00
3.383841998130082906e+00
3.385590893775224597e+00
3.385617342591285883e+00
3.385744617879390628e+00
3.384743971377611071e+00
3.384989340603351771e+00
3.384797057509422391e+00
3.385338029265403836e+00
3.385313090682029902e+00
3.386955993622541516e+00
3.385507470369339078e+00
3.385280779004097074e+00
3.387710838764905752e+00
3.384654642641544253e+00
3.385884988307952703e+00
3.385390003770589740e+00
3.384588278084993185e+00
3.385110396146774114e+00
3.386639011651277453e+00
3.383828888088464826e+00
3.385661041736602872e+00
3.384633351862430750e+00
3.384717609733343124e+00
3.389154682308435529e+00
3.384940731525420965e+00
3.384071560949087232e+00
3.387013833969831467e+00
3.385397676378488541e+00
3.384496908634901047e+00
3.385948292911052704e+00
3.384274610877036960e+00
3.384445373713970362e+00
3.385123872011900126e+00
3.383976615965366364e+00
3.384496624022722333e+00
3.385542373359203161e+00
3.385641303658485590e+00
3.385890288650989621e+00
3.384519213438033969e+00
3.384478810429572881e+00
3.384598343819379629e+00
3.383644467592239469e+00
3.384986325353383840e+00
3.384244198352098554e+00
3.385432243347167969e+00
3.384478718042373657e+00
3.383657942712306799e+00
3.385903190821409225e+00
3.384451369941234411e+00
3.386764305084943860e+00
3.385745711624622345e+00
3.384976398199796677e+00
3.385120029002428144e+00
3.385085602104664027e+00
3.385152638703584849e+00
3.387785066664219080e+00
3.385164902359247385e+00
3.383416438102722079e+00
3.385422852635383784e+00
3.384699740260839640e+00
3.385564207285642446e+00
3.385909681022167383e+00
3.385390524566173731e+00
3.383726505190133960e+00
3.383823268115520477e+00
3.384873465448618113e+00
3.384113758802413940e+00
3.384949010610580622e+00
3.386414261907339185e+00
