4.508814587593078471e+01
2.144028441905975413e+01
1.414286724030971598e+01
1.103330388069152868e+01
9.199858126044272666e+00
7.597558780014514568e+00
6.521485848724841716e+00
5.793329225480556843e+00
5.176261050999164226e+00
4.615908721089363453e+00
4.256816980242729365e+00
3.802847161144017996e+00
3.541676633059978485e+00
3.244084681570529760e+00
2.971216202527284800e+00
2.756383352726698099e+00
2.584968943893909632e+00
2.436328880488872528e+00
2.340456102043390274e+00
2.207245407998561948e+00
2.092290317267179400e+00
1.996018648147583008e+00
1.909687554091215045e+00
1.819619813188910529e+00
1.742561228945851415e+00
1.670208666101097972e+00
1.599806517362594604e+00
1.544588316604495137e+00
1.499227264523506076e+00
1.471978008374571711e+00
1.449772145599126816e+00
1.418409508466720537e+00
1.405835267528891652e+00
1.391588486731052399e+00
1.392952731251716703e+00
1.372978218644857362e+00
1.365636315569281667e+00
1.363357903063297183e+00
1.351303312554955394e+00
1.342126908153295606e+00
1.343667768314480870e+00
1.342468477040529296e+00
1.344292239844798953e+00
1.331890099495649293e+00
1.332028160616755441e+00
1.326369170099496841e+00
1.321689030528068631e+00
1.322913482412695796e+00
1.315669002011418343e+00
1.315666994825005487e+00
1.305665862932801291e+00
1.287848523631691888e+00
1.282392789423465684e+00
1.271121486276388213e+00
1.266279885545372963e+00
1.259261830523610071e+00
1.256904522329568952e+00
1.253011327981948808e+00
1.247808939218521207e+00
1.246597800776362508e+00
1.237402115762233690e+00
1.242053987458348274e+00
1.243155771866440773e+00
1.237845636531710536e+00
1.237946968898177236e+00
1.241952399164438336e+00
1.237711265683174133e+00
1.237637156248092563e+00
1.235677909478545278e+00
1.235221141949295998e+00
1.234554123878478959e+00
1.236756422743201300e+00
1.235165385901928037e+00
1.235039891675114632e+00
1.236788459494710057e+00
1.236326925083994777e+00
1.237277755886316388e+00
1.236042817309498831e+00
1.231711499765515416e+00
1.232234997302293689e+00
1.235106338560581163e+00
1.234802501648664563e+00
1.234107740223407745e+00
1.232232464477419853e+00
1.238330556452274411e+00
1.231751738861203149e+00
1.236000429093837782e+00
1.232114939391613095e+00
1.233306910097599074e+00
1.232212581485509828e+00
1.236493065208196684e+00
1.232416972890496343e+00
1.231422358006238893e+00
1.230784067139029547e+00
1.232372742891311601e+00
1.233359091728925661e+00
1.236236738041043282e+00
1.231559626385569484e+00
1.231154385209083602e+00
1.230363212525844574e+00
1.231607647985220044e+00
1.231000706180930049e+00
1.231108332052826881e+00
1.232979081943631261e+00
1.230004924908280284e+00
1.232051036879420192e+00
1.231201467290520712e+00
1.230933739989996001e+00
1.233835851401090533e+00
1.230956831201911017e+00
1.229228537157177836e+00
1.231928209587931589e+00
1.231595094501972243e+00
1.231760222464799881e+00
1.231777868792414576e+00
1.233089231327176183e+00
1.231343984603881836e+00
1.231288815662264780e+00
1.231266884505748838e+00
1.231393371894955679e+00
1.231567708402871997e+00
1.230851434171199799e+00
1.232541783526539758e+00
1.232114302739500955e+00
1.232339193299412772e+00
1.231194004043936641e+00
1.230866644904017537e+00
1.233297857269644693e+00
1.231730300933122635e+00
1.229972971975803464e+00
1.231116048619151027e+00
1.231122170016169637e+00
1.231207014247775122e+00
1.231645403057336718e+00
1.229617686197161719e+00
1.230374699085950763e+00
1.232089341059327214e+00
1.230269720032811209e+00
1.231877500563860028e+00
1.229938885942101434e+00
1.231058030202984765e+00
1.230192859843373343e+00
1.229880338162183673e+00
1.230482089892029673e+00
1.231331870704889253e+00
1.230998944491147995e+00
1.229894868656992823e+00
1.229364171624183655e+00
1.228996683284640401e+00
1.229791125655174344e+00
1.228797401487827345e+00
1.229830623790621802e+00
1.228216959163546562e+00
1.227922809496521994e+00
1.228164343535900205e+00
1.227829568088054657e+00
1.226906460523605302e+00
1.227304071187973022e+00
1.227555519714951471e+00
1.227603215724229813e+00
1.227082639560103328e+00
1.228028969466686160e+00
1.227086792886257216e+00
1.228335149213671595e+00
1.227623460441827685e+00
1.226222583651542575e+00
1.226914056017994969e+00
1.227544941753148988e+00
1.227405256778001830e+00
1.227896660566329956e+00
1.226443037763238042e+00
1.227643479034304708e+00
1.228220153972506612e+00
1.227354352176189378e+00
1.227201836556196302e+00
1.227363206446170807e+00
1.227179574221372693e+00
1.226701780036091760e+00
1.227720097079873174e+00
1.227222644165158361e+00
1.227235188335180194e+00
1.226485782116651491e+00
1.226617598533630282e+00
1.227326814830303148e+00
1.227181398123502687e+00
1.226475698128342673e+00
1.226767565682530314e+00
1.227114592120051473e+00
1.226087126508355052e+00
1.227922939881682440e+00
1.231241511180996895e+00
1.227284263074398085e+00
1.228303529694676488e+00
1.227417045459151312e+00
1.228979561850428670e+00
1.226755993813276380e+00
1.227771565318107605e+00
1.226878964155912355e+00
1.227692925184965089e+00
1.226685293018817902e+00
1.228134203329682261e+00
1.226902314648032233e+00
1.227129093557596251e+00
1.227551909536123365e+00
1.227801561355590820e+00
1.226636868342757314e+00
1.226413729786872908e+00
1.228029358386993453e+00
1.227958798781037419e+00
1.226886499673128128e+00
1.226733624190092131e+00
1.227412408217787743e+00
1.225694680586457253e+00
1.226029749214649245e+00
1.227678230777382806e+00
1.226045114919543266e+00
1.225937385112047195e+00
1.224803265184164047e+00
1.225014660879969686e+00
1.224557895958423570e+00
1.224599801748990968e+00
1.224479015171527907e+00
1.223741010949015662e+00
1.223710130155086562e+00
1.224407006800174669e+00
1.224906203895807177e+00
1.223005855455994606e+00
1.223288526758551598e+00
1.221220605075359344e+00
1.220709252730011851e+00
1.220763215422630221e+00
1.224529246240854352e+00
1.221879181265830949e+00
1.220219251140952199e+00
1.220170666277408555e+00
1.220036666467785746e+00
1.220814437046647161e+00
1.220502440258860677e+00
1.219681519269943282e+00
1.220640596002340317e+00
1.220174988359212787e+00
1.219748102501034825e+00
1.220284877344965935e+00
1.220421781018376395e+00
1.220449650660157204e+00
1.220155236124992326e+00
1.219905918464064598e+00
1.222363655641675040e+00
1.218648321181535765e+00
1.220338189601898105e+00
1.219424568116664886e+00
1.219153036549687430e+00
1.220199103280901864e+00
1.220340351760387465e+00
1.219924408197402999e+00
1.221149879321455911e+00
1.219153177738189653e+00
1.220301341265439987e+00
1.217869078367948443e+00
1.217938211187720388e+00
1.217573543265461966e+00
1.218186518177390099e+00
1.216224972903728441e+00
1.217094550654292062e+00
1.216739631444215819e+00
1.216623769327998206e+00
1.216146829351782754e+00
1.216078388318419412e+00
1.215905361250043004e+00
1.215771652758121490e+00
1.216464330255985216e+00
1.216677621379494756e+00
1.215871723368763924e+00
1.215427430346608162e+00
1.217233625054359392e+00
1.216387878358364150e+00
1.216055747866630510e+00
1.216061475127935498e+00
1.215169594809413001e+00
1.216414693370461375e+00
1.215539034828543752e+00
1.215879122540354684e+00
1.216593249887228056e+00
1.213859062641859055e+00
1.215539781004190356e+00
1.214550653472542763e+00
1.215111341327428818e+00
1.214003976434469223e+00
1.212919120863080069e+00
1.213472769036889165e+00
1.212224556133151054e+00
1.212846792861819178e+00
1.212976351380348206e+00
1.213359279558062553e+00
1.212365218997001559e+00
1.212194350734353110e+00
1.212608660385012582e+00
1.212963537126779512e+00
1.212776098400354385e+00
1.213812498748302549e+00
1.212932005152106196e+00
1.212911951169371561e+00
1.212136866524815559e+00
1.214053758606314704e+00
1.213657846301793963e+00
1.212651385739445642e+00
1.213543511554598719e+00
1.213315315544605255e+00
1.212230074405670210e+00
1.212428185716271312e+00
1.212908338382840068e+00
1.212273553386330693e+00
1.213532410934567540e+00
1.212136219441890761e+00
1.213173871114850089e+00
1.212828247994184538e+00
1.212308039516210467e+00
1.214321312308311418e+00
1.212615723162889569e+00
1.212920233607292175e+00
1.212445200234651521e+00
1.212231786549091250e+00
1.211621669307351157e+00
1.213216331973671958e+00
1.211853525787591979e+00
1.212656489759683653e+00
1.213831785321235701e+00
1.212212216854095415e+00
1.212496294453740076e+00
1.213209019973874092e+00
1.212699958309531256e+00
1.212804732844233513e+00
1.211919896677136510e+00
1.212416447326540858e+00
1.211686630547046617e+00
1.213717658072710037e+00
1.211559023335575969e+00
1.212534772604703992e+00
1.212548951432108835e+00
1.212503984197974116e+00
1.213239450752735094e+00
1.214431690797209695e+00
1.212215704098343894e+00
1.212260693684220403e+00
1.212996665388345718e+00
1.214497333019971759e+00
1.213142077624797865e+00
1.213227393478155225e+00
1.211599340289831073e+00
1.213629373908042819e+00
1.212043014913797290e+00
1.212880035862326622e+00
1.212885971367359206e+00
1.212586624175310046e+00
1.211678919941186816e+00
1.212604483217000872e+00
1.212722438946366221e+00
1.213555397093295962e+00
1.213385160267353102e+00
1.212148835510015399e+00
1.212084406241774603e+00
1.212536743283271878e+00
1.212471424788236662e+00
1.212651714310049922e+00
1.213557355850934938e+00
1.212573688849806874e+00
1.212246157974004701e+00
1.211845451220870062e+00
1.213924236595630646e+00
1.212069243192672729e+00
1.212546102702617645e+00
1.212302631884813353e+00
1.212710985168814704e+00
1.213832691684365361e+00
1.213404849544167607e+00
1.211845057830214456e+00
1.212538836151361377e+00
1.212097736075520515e+00
1.213113394752144858e+00
1.211979207396507219e+00
1.212599183991551310e+00
1.213577767089009329e+00
1.212613137811422437e+00
1.213326060026884035e+00
1.212224744260311127e+00
1.212396471947431609e+00
1.212480626255273863e+00
1.212734454497695014e+00
1.212403352186083749e+00
1.212120696529745967e+00
1.211941755190491632e+00
1.213436793163418681e+00
1.212975003942847296e+00
1.212716183066368192e+00
1.212356735020875931e+00
1.213322249799966723e+00
1.212112689763307660e+00
1.211044040322303728e+00
1.212108076363801912e+00
1.212004236504435450e+00
1.213956519961357117e+00
1.212156301736831754e+00
1.213190481811761812e+00
1.212056127563118979e+00
1.214050525054335639e+00
1.212590967118740037e+00
1.212051296234130771e+00
1.212457290664315179e+00
1.211305152997374623e+00
1.212676002830266997e+00
1.211634222418069839e+00
1.212239597365260213e+00
1.212781998887658030e+00
1.212238340452313379e+00
1.213160881400108249e+00
1.212055898830294520e+00
1.211867442354559898e+00
1.213821132481098131e+00
1.211938480660319284e+00
1.213252107426524118e+00
1.211765156313777014e+00
1.213363001495599836e+00
1.212533977255225270e+00
1.212673682719469070e+00
1.212845165282487869e+00
1.213338472321629613e+00
1.213579575344920114e+00
1.212243681401014239e+00
1.212303532660007566e+00
1.212514865025877908e+00
1.212400684878230051e+00
1.212115485593676656e+00
1.212540882825851485e+00
1.212078246846794993e+00
1.215538247674703642e+00
1.212819883599877357e+00
1.212550863251089961e+00
1.212533457949757532e+00
1.211806407570839017e+00
1.212795114517212003e+00
1.213638890534639359e+00
1.213008721172809556e+00
1.212541709840297743e+00
1.213202413916587785e+00
1.211666026711463839e+00
1.213147624954581172e+00
1.211310455203056247e+00
1.213695039227604910e+00
1.213913846388459117e+00
1.212760127708315760e+00
1.212665522471070290e+00
1.212126611545681909e+00
1.212318365275859788e+00
1.212720907106995538e+00
1.211719506233930543e+00
1.211652186512947038e+00
1.212483961507678121e+00
1.211765915900468782e+00
1.213191147521138102e+00
1.211452786624431566e+00
1.212352021038532346e+00
1.214230240508914038e+00
1.212485862150788352e+00
1.213816533237695783e+00
1.212465751916170120e+00
1.212910614535212428e+00
1.212631283700466245e+00
1.212200324237346694e+00
1.213009640574455261e+00
1.213359602540731386e+00
1.212585024908185094e+00
1.212909132987260774e+00
1.212996799498796463e+00
1.213582983240485191e+00
1.211799508333206266e+00
1.211097029969096184e+00
1.210688920691609383e+00
1.212959834560751959e+00
1.211582747474312827e+00
1.210049189254641444e+00
1.208983787521719977e+00
1.209035356342792467e+00
1.209427217394113629e+00
1.208382342755794481e+00
1.210083855316042900e+00
1.209565128013491586e+00
1.208493533730506941e+00
1.207936840876936868e+00
1.207874500378966376e+00
1.207856795191764920e+00
1.209990346059203192e+00
1.208281975239515305e+00
1.210700752213597298e+00
1.209675435349345296e+00
1.207200128585100174e+00
1.207616648450493768e+00
1.208096918836236044e+00
1.207387287169694901e+00
1.208449118584394411e+00
1.209069532155990556e+00
1.208449936658144042e+00
1.207623500376939774e+00
1.209925459697842598e+00
1.210383153334259942e+00
1.207584021613001823e+00
1.208735021948814436e+00
1.208797343447804540e+00
1.208331704884767488e+00
1.208139537647366479e+00
1.206935528665781021e+00
1.208297101035714194e+00
1.208132039755582809e+00
1.208187402039766267e+00
1.208979326486587569e+00
1.207862212136387781e+00
1.208374201506376311e+00
1.208120837807655334e+00
1.207449296116828830e+00
1.207924232259392827e+00
1.209066929295659065e+00
1.208319303393363908e+00
1.209197367727756545e+00
1.208690451830625623e+00
1.209454357996583074e+00
1.207136319950222969e+00
1.208501483127474740e+00
1.207247908040881113e+00
1.208272570371627719e+00
1.208567050099372819e+00
1.207367405667901128e+00
1.208681328222155571e+00
1.207245761156082065e+00
1.209053327888250262e+00
1.208053041622042745e+00
1.208619752898812294e+00
1.208554707095026881e+00
1.208145363628864377e+00
1.207149994000792592e+00
1.208741160109639168e+00
1.208334796875715211e+00
1.208450238034129098e+00
1.207781908661127002e+00
1.207574882730841681e+00
1.208770504593849271e+00
1.207452633976936252e+00
1.207368402928113982e+00
1.208357869088649839e+00
1.208502274379134267e+00
1.208750936388969466e+00
1.209642252326011747e+00
1.207878199592232749e+00
1.207390803471207530e+00
1.207998501881957010e+00
1.207311952114105136e+00
1.207431369647383734e+00
1.208067945763468654e+00
1.208810011669993356e+00
1.207505761459469751e+00
1.207641439884901136e+00
1.207439857721328780e+00
1.207504919543862298e+00
1.207202725484967321e+00
1.208616959676146463e+00
1.208841219916939824e+00
1.208761458098888353e+00
1.207395180687308223e+00
1.208145912736654282e+00
1.208217915520072072e+00
1.208045360445976213e+00
1.208107792213559240e+00
1.208222434297204106e+00
1.208034813031554133e+00
1.208571836724877446e+00
1.209454631805420011e+00
1.208384306356310889e+00
1.207773468270897821e+00
1.208408485352993056e+00
1.207500046864151910e+00
1.208308389037847430e+00
1.208078851923346519e+00
1.208567068353295415e+00
1.208237073570489928e+00
1.207449425011873245e+00
1.208328228816390126e+00
1.207566307112574622e+00
1.207965026423335031e+00
1.207973035797476724e+00
1.207161623612046153e+00
1.208228082582354590e+00
1.208420204371214002e+00
1.207531464099883989e+00
1.208149363473057791e+00
1.208728088065981865e+00
1.208980871364474297e+00
1.208077532052993730e+00
1.207463831081986516e+00
1.207715140283107669e+00
1.208000907301902682e+00
1.208221539855003357e+00
1.209144864231348038e+00
