4.508814587593078471e+01
2.144028441905975413e+01
1.414286724030971598e+01
1.103330388069152868e+01
9.199858126044272666e+00
7.597558780014514568e+00
6.521485848724841716e+00
5.793329225480556843e+00
5.176261050999164226e+00
4.615908721089363453e+00
4.256816980242729365e+00
3.802847161144017996e+00
3.541676633059978485e+00
3.244084681570529760e+00
2.971216202527284800e+00
2.756383352726698099e+00
2.584968943893909632e+00
2.436328880488872528e+00
2.340456102043390274e+00
2.207245407998561948e+00
2.092290317267179400e+00
1.996018648147583008e+00
1.909687554091215045e+00
1.819619813188910529e+00
1.742561228945851415e+00
1.670208666101097972e+00
1.599806517362594604e+00
1.544588316604495137e+00
1.499227264523506076e+00
1.471978008374571711e+00
1.449772145599126816e+00
1.418409508466720537e+00
1.405835267528891652e+00
1.391588486731052399e+00
1.392952731251716703e+00
1.372978218644857362e+00
1.365636315569281667e+00
1.363357903063297183e+00
1.351303312554955394e+00
1.342126908153295606e+00
1.343667768314480870e+00
1.342468477040529296e+00
1.344292239844798953e+00
1.331890099495649293e+00
1.332028160616755441e+00
1.326369170099496841e+00
1.321689030528068631e+00
1.322913482412695796e+00
1.315669002011418343e+00
1.315666994825005487e+00
1.305665862932801291e+00
1.287848523631691888e+00
1.282392789423465684e+00
1.271121486276388213e+00
1.266279885545372963e+00
1.259261830523610071e+00
1.256904522329568952e+00
1.253011327981948808e+00
1.247808939218521207e+00
1.246597800776362508e+00
1.237402115762233690e+00
1.242053987458348274e+00
1.243155771866440773e+00
1.237845636531710536e+00
1.237946968898177236e+00
1.241952399164438336e+00
1.237711265683174133e+00
1.237637156248092563e+00
1.235677909478545278e+00
1.235221141949295998e+00
1.234554123878478959e+00
1.236756422743201300e+00
1.235165385901928037e+00
1.235039891675114632e+00
1.236788459494710057e+00
1.236326925083994777e+00
1.237277755886316388e+00
1.236042817309498831e+00
1.231711499765515416e+00
1.232234997302293689e+00
1.235106338560581163e+00
1.234802501648664563e+00
1.234107740223407745e+00
1.232232464477419853e+00
1.238330556452274411e+00
1.231751738861203149e+00
1.236000429093837782e+00
1.232114939391613095e+00
1.233306910097599074e+00
1.232212581485509828e+00
1.236493065208196684e+00
1.232416972890496343e+00
1.231422358006238893e+00
1.230784067139029547e+00
1.232372742891311601e+00
1.233359091728925661e+00
1.236236738041043282e+00
1.231559626385569484e+00
1.231154385209083602e+00
1.230363212525844574e+00
1.231607647985220044e+00
1.231000706180930049e+00
1.231108332052826881e+00
1.232979081943631261e+00
1.230004924908280284e+00
1.232051036879420192e+00
1.231201467290520712e+00
1.230933739989996001e+00
1.233835851401090533e+00
1.230956831201911017e+00
1.229228537157177836e+00
1.231928209587931589e+00
1.231595094501972243e+00
1.231760222464799881e+00
1.231777868792414576e+00
1.233089231327176183e+00
1.231343984603881836e+00
1.231288815662264780e+00
1.231266884505748838e+00
1.231393371894955679e+00
1.231567708402871997e+00
1.230851434171199799e+00
1.232541783526539758e+00
1.232114302739500955e+00
1.232339193299412772e+00
1.231194004043936641e+00
1.230866644904017537e+00
1.233297857269644693e+00
1.231730300933122635e+00
1.229972971975803464e+00
1.231116048619151027e+00
1.231122170016169637e+00
1.231207014247775122e+00
1.231645403057336718e+00
1.229617686197161719e+00
1.230374699085950763e+00
1.232089341059327214e+00
1.230269720032811209e+00
1.231877500563860028e+00
1.229938885942101434e+00
1.231058030202984765e+00
1.230192859843373343e+00
1.229880338162183673e+00
1.230482089892029673e+00
1.231331870704889253e+00
1.230998944491147995e+00
1.229894868656992823e+00
1.229364171624183655e+00
1.228996683284640401e+00
1.229791125655174344e+00
1.228797401487827345e+00
1.229830623790621802e+00
1.228216959163546562e+00
1.227922809496521994e+00
1.228164343535900205e+00
1.227829568088054657e+00
1.226906460523605302e+00
1.227304071187973022e+00
1.227555519714951471e+00
1.227603215724229813e+00
1.227082639560103328e+00
1.228028969466686160e+00
1.227086792886257216e+00
1.228335149213671595e+00
1.227623460441827685e+00
1.226222583651542575e+00
1.226914056017994969e+00
1.227544941753148988e+00
1.227405256778001830e+00
1.227896660566329956e+00
1.226443037763238042e+00
1.227643479034304708e+00
1.228220153972506612e+00
1.227354352176189378e+00
1.227201836556196302e+00
1.227363206446170807e+00
1.227179574221372693e+00
1.226701780036091760e+00
1.227720097079873174e+00
1.227222644165158361e+00
1.227235188335180194e+00
1.226485782116651491e+00
1.226617598533630282e+00
1.227326814830303148e+00
1.227181398123502687e+00
1.226475698128342673e+00
1.226767565682530314e+00
1.227114592120051473e+00
1.226087126508355052e+00
1.227922939881682440e+00
1.231241511180996895e+00
1.227284263074398085e+00
1.228303529694676488e+00
1.227417045459151312e+00
1.228979561850428670e+00
1.226755993813276380e+00
1.227771565318107605e+00
1.226878964155912355e+00
1.227692925184965089e+00
1.226685293018817902e+00
1.228134203329682261e+00
1.226902314648032233e+00
1.227129093557596251e+00
1.227551909536123365e+00
1.227801561355590820e+00
1.226636868342757314e+00
1.226413729786872908e+00
1.228029358386993453e+00
1.227958798781037419e+00
1.226886499673128128e+00
1.226733624190092131e+00
1.227412408217787743e+00
1.225694680586457253e+00
1.226029749214649245e+00
1.227678230777382806e+00
1.226045114919543266e+00
1.225937385112047195e+00
1.224803265184164047e+00
1.225014660879969686e+00
1.224557895958423570e+00
1.224599801748990968e+00
1.224479015171527907e+00
1.223741010949015662e+00
1.223710130155086562e+00
1.224407006800174669e+00
1.224906203895807177e+00
1.223005855455994606e+00
1.223288526758551598e+00
1.221220605075359344e+00
1.220709252730011851e+00
1.220763215422630221e+00
1.224529246240854352e+00
1.221879181265830949e+00
1.220219251140952199e+00
1.220170666277408555e+00
1.220036666467785746e+00
1.220814437046647161e+00
1.220502440258860677e+00
1.219681519269943282e+00
1.220640596002340317e+00
1.220174988359212787e+00
1.219748102501034825e+00
1.220284877344965935e+00
1.220421781018376395e+00
1.220449650660157204e+00
1.220155236124992326e+00
1.219905918464064598e+00
1.222363655641675040e+00
1.218648321181535765e+00
1.220338189601898105e+00
1.219424568116664886e+00
1.219153036549687430e+00
1.220199103280901864e+00
1.220340351760387465e+00
1.219924408197402999e+00
1.221149879321455911e+00
1.219153177738189653e+00
1.220301341265439987e+00
1.217869078367948443e+00
1.217938211187720388e+00
1.217573543265461966e+00
1.218186518177390099e+00
1.216224972903728441e+00
1.217094550654292062e+00
1.216739631444215819e+00
1.216623769327998206e+00
1.216146829351782754e+00
1.216078388318419412e+00
1.215905361250043004e+00
1.215771652758121490e+00
1.216464330255985216e+00
1.216677621379494756e+00
1.215871723368763924e+00
1.215427430346608162e+00
1.217233625054359392e+00
1.216387878358364150e+00
1.216055747866630510e+00
1.216061475127935498e+00
1.215169594809413001e+00
1.216414693370461375e+00
1.215539034828543752e+00
1.215879122540354684e+00
1.216593249887228056e+00
1.213859062641859055e+00
1.215539781004190356e+00
1.214550653472542763e+00
1.215111341327428818e+00
1.214003976434469223e+00
1.212919120863080069e+00
1.213472769036889165e+00
1.212224556133151054e+00
1.212846792861819178e+00
1.212976351380348206e+00
1.213359279558062553e+00
1.212365218997001559e+00
1.212194350734353110e+00
1.212608660385012582e+00
1.212963537126779512e+00
1.212776098400354385e+00
1.213812498748302549e+00
1.213786285743117421e+00
1.213765433430671781e+00
1.212990618869662196e+00
1.214907443895935968e+00
1.214511907473206476e+00
1.213505560532212257e+00
1.214396044984459966e+00
1.214168845117092221e+00
1.213083578273653984e+00
1.213282212987542241e+00
1.213763436675071805e+00
1.213128577545285136e+00
1.214387951418757439e+00
1.212990676611661822e+00
1.214028912410139993e+00
1.213683707639575005e+00
1.213162345811724663e+00
1.215176915749907494e+00
1.213469114899635271e+00
1.213774354383349463e+00
1.213300401344895363e+00
1.213087268918752626e+00
1.212476424872875214e+00
1.214070706069469541e+00
1.212707430496811956e+00
1.213509903848171145e+00
1.214685375615954355e+00
1.213065519183874175e+00
1.213350339233875363e+00
1.214062480628490537e+00
1.213553257286548615e+00
1.213658307120204061e+00
1.212773779034614474e+00
1.213269535079598338e+00
1.212539131939411208e+00
1.214567700773477643e+00
1.212412126734852880e+00
1.213388484343886464e+00
1.213401557877659798e+00
1.213354508578777358e+00
1.214091261103749320e+00
1.215281686931848570e+00
1.213066890090704009e+00
1.213113187253475278e+00
1.213848486915230840e+00
1.215351818874478296e+00
1.213995922356843948e+00
1.214082751050591380e+00
1.212452517822384834e+00
1.214483333006501242e+00
1.212897319719195455e+00
1.213730773329734891e+00
1.213737532496452332e+00
1.213436434790492013e+00
1.212532975524663881e+00
1.213457711786031679e+00
1.213576287776231721e+00
1.214407528936862990e+00
1.214235097169876099e+00
1.213000531122088388e+00
1.212935056537389755e+00
1.213389607518911451e+00
1.213321648538112640e+00
1.213503441214561551e+00
1.214407738670706838e+00
1.213423657789826304e+00
1.213098055496811822e+00
1.212695055082440465e+00
1.214773100242018788e+00
1.212921921908855394e+00
1.213397137448191554e+00
1.213154018297791570e+00
1.213562594726681709e+00
1.214681747928261668e+00
1.214254473149776414e+00
1.212695718556642488e+00
1.213390183448791459e+00
1.212950119748711586e+00
1.213965478911995799e+00
1.212830740585923106e+00
1.213453539460897401e+00
1.214432242885231883e+00
1.213465360552072436e+00
1.214178302884101779e+00
1.213076836988329799e+00
1.213249273970723241e+00
1.213333153724670321e+00
1.213587839156389236e+00
1.213256066292524249e+00
1.212974334135651588e+00
1.212794662266969636e+00
1.214290517568588301e+00
1.213826114684343427e+00
1.213568943738937422e+00
1.213208438828587532e+00
1.214173303544521243e+00
1.212962772324681193e+00
1.211897732317447574e+00
1.212961822748184204e+00
1.212855363264679909e+00
1.214808213338255838e+00
1.213008802756667226e+00
1.214041916653513908e+00
1.212908176705241203e+00
1.214898377656936646e+00
1.213438929617404849e+00
1.212900210171937943e+00
1.213307334855198816e+00
1.212153313681483269e+00
1.213524968177080110e+00
1.212481069564819380e+00
1.213089820370078176e+00
1.213634035736322447e+00
1.213084600493311793e+00
1.214010702818632215e+00
1.212904082238674075e+00
1.212719165161252111e+00
1.214670946821570396e+00
1.212788955122232393e+00
1.214101468771696002e+00
1.212616239488124803e+00
1.214212919771671340e+00
1.213383013382554054e+00
1.213523548841476396e+00
1.213695600256323726e+00
1.214188736677169755e+00
1.214428480714559555e+00
1.213092656061053320e+00
1.213154466077685401e+00
1.213366386666894003e+00
1.213251161575317427e+00
1.212965752929449081e+00
1.213389027118682906e+00
1.212927840277552516e+00
1.216387102752924054e+00
1.213666118308901698e+00
1.213397794961929232e+00
1.213380413502454847e+00
1.212652068212628276e+00
1.213641244545578868e+00
1.214484321326017469e+00
1.213853168487548873e+00
1.213386352732777507e+00
1.214045987278222993e+00
1.212512196227908179e+00
1.213991191983222917e+00
1.212156930565833957e+00
1.214537978172302246e+00
1.214758016914129213e+00
1.213605271652340889e+00
1.213512541726231575e+00
1.212971629574894905e+00
1.213163134083151906e+00
1.213563242927193642e+00
1.212564205378293902e+00
1.212493856251239732e+00
1.213323174789547876e+00
1.212607738375663713e+00
1.214028477296233088e+00
1.212291444465517953e+00
1.213192126899957701e+00
1.215068244934081942e+00
1.213327922299504369e+00
1.214655292034149126e+00
1.213303317502141043e+00
1.213748071715235799e+00
1.213466608896851540e+00
1.213038812205195383e+00
1.213844487443566322e+00
1.214194823428988546e+00
1.213419991359114603e+00
1.213744611665606543e+00
1.213831788301467984e+00
1.214415314793586775e+00
1.212631459534168288e+00
1.211927472800016448e+00
1.211518956348299980e+00
1.213785585388541310e+00
1.212410048767924353e+00
1.210876995325088412e+00
1.209813742712140039e+00
1.209864877536892980e+00
1.210258169844746545e+00
1.209212360903620720e+00
1.210916396602988332e+00
1.210399558022618338e+00
1.209325281158089682e+00
1.208771151304244951e+00
1.208707857131958052e+00
1.208689351379871324e+00
1.210823021456599147e+00
1.209114582836627871e+00
1.211532082408666611e+00
1.210508279874920934e+00
1.208035133406519801e+00
1.208450978621840477e+00
1.208933168277144476e+00
1.208221907541155771e+00
1.209284754842519849e+00
1.209904896095395088e+00
1.209286922216415316e+00
1.208459340408444493e+00
1.210763332247734025e+00
1.211222640797495753e+00
1.208422115072607994e+00
1.209572502970695407e+00
1.209636046364903406e+00
1.209170823916792870e+00
1.208978616818785712e+00
1.207774989306926727e+00
1.209134953841566995e+00
1.208970915898680776e+00
1.209025574102997824e+00
1.209818079695105464e+00
1.208701694011688144e+00
1.209213162586092905e+00
1.208959870785474733e+00
1.208287989348173053e+00
1.208763441815972284e+00
1.209906896576285362e+00
1.209158723056316331e+00
1.210037050768733025e+00
1.209530188143253415e+00
1.210294755548238843e+00
1.207976947724819228e+00
1.209341238439083144e+00
1.208087925612926439e+00
1.209112639352679208e+00
1.209407947957515717e+00
1.208206519857049077e+00
1.209521287307143256e+00
1.208086683601141020e+00
1.209892997145652682e+00
1.208892656117677600e+00
1.209458667412400157e+00
1.209394098818302066e+00
1.208984684199094772e+00
1.207988623157143504e+00
1.209580125659704297e+00
1.209172604605555534e+00
1.209289067238569215e+00
1.208620075508952230e+00
1.208413874357938678e+00
1.209607097506523177e+00
1.208291755244135901e+00
1.208207039907574609e+00
1.209196236729621843e+00
1.209340299293398813e+00
1.209588766470551580e+00
1.210481340065598488e+00
1.208718315511941865e+00
1.208231379464268729e+00
1.208838647976517633e+00
1.208151012286543757e+00
1.208270307257771403e+00
1.208906910195946649e+00
1.209647675231099173e+00
1.208342937752604485e+00
1.208480909094214351e+00
1.208279262110590890e+00
1.208343038707971662e+00
1.208040175214409873e+00
1.209453217685222626e+00
1.209679438546299890e+00
1.209598281979560763e+00
1.208232723549008458e+00
1.208983650058507830e+00
1.209055364504456609e+00
1.208881451562046960e+00
1.208945116028189659e+00
1.209060736373066991e+00
1.208871155232191130e+00
1.209409737586975009e+00
1.210295597463846295e+00
1.209223425388336270e+00
1.208612665906548589e+00
1.209247639402747154e+00
1.208339222148060887e+00
1.209148406237363860e+00
1.208918376639485315e+00
1.209405431151389987e+00
1.209074233472347215e+00
1.208288191258907407e+00
1.209166838601231531e+00
1.208404985070228532e+00
1.208803529292345136e+00
1.208812534436583430e+00
1.207997616007923991e+00
1.209065631404519170e+00
1.209257094189524651e+00
1.208368174731731415e+00
1.208986488357186362e+00
1.209565155580639928e+00
1.209817879647016481e+00
1.208915022760629565e+00
1.208301633223891169e+00
1.208552363887429149e+00
1.208837927505373999e+00
1.209059520438313440e+00
1.209983484447002322e+00
