8.017742778062820719e+01
4.256131271719932840e+01
2.566242118477821421e+01
1.714086106121539999e+01
1.255708036124706339e+01
9.921918752789498086e+00
8.345113404095172882e+00
7.412153534591197968e+00
6.589633665978908539e+00
6.039055626094341100e+00
5.461373949050903676e+00
5.049513265490531921e+00
4.426347291469573619e+00
4.104020297527313232e+00
3.731705821305513204e+00
3.366841049492359073e+00
3.047726444154977621e+00
2.821014942228794009e+00
2.551718182116746725e+00
2.347022425383329391e+00
2.159048828482627691e+00
2.021157862246036441e+00
1.846219491586089223e+00
1.749364663287997335e+00
1.629954775422811419e+00
1.498588186129927724e+00
1.449287522956729024e+00
1.363860644027590663e+00
1.287685319036245390e+00
1.224308112636208534e+00
1.195542126521468074e+00
1.151949914544820874e+00
1.099436174705624492e+00
1.068577934801578477e+00
1.055052140355110080e+00
1.043626935780048282e+00
1.025138562172651202e+00
1.004246059060096785e+00
9.668256063014268875e-01
9.424301896244287047e-01
9.048018176108598709e-01
8.733131222426890883e-01
8.379895204678178278e-01
8.147959996014833006e-01
8.131618170067668183e-01
7.980491328984499200e-01
7.806439353153109550e-01
7.769373178482055220e-01
7.635448902845383135e-01
7.385938080027699693e-01
7.133219972252845542e-01
7.104143870994448218e-01
7.131693676114082558e-01
6.950108684599399789e-01
6.936705557629465613e-01
6.956189505755900893e-01
6.964953053742647393e-01
6.858774522319436295e-01
6.741135392338037935e-01
6.730060167610645294e-01
6.775365171954035315e-01
6.618502041324972884e-01
6.722985055297613366e-01
6.656650923192500846e-01
6.694427860900760141e-01
6.552140552550553831e-01
6.496254717931151390e-01
6.583387546241283861e-01
6.567057179287075774e-01
6.505762491375207679e-01
6.443905694410204665e-01
6.483106961473822372e-01
6.420890733599662337e-01
6.317760305479168670e-01
6.412860326468944328e-01
6.341536305844783783e-01
6.321726908907294717e-01
6.259879183024168459e-01
6.248836295679212061e-01
6.174914663657545821e-01
6.183589911088347435e-01
6.176489571109413657e-01
6.191252429038286431e-01
6.184012610465288162e-01
6.101612884551286253e-01
6.128695392981171608e-01
6.120390841737389787e-01
6.141260655596851858e-01
6.121785541996359603e-01
6.152584038674830946e-01
6.119015783071517500e-01
6.131269259378313574e-01
6.047234900295734850e-01
5.978201176971197350e-01
5.862797120586037414e-01
5.884609544649720414e-01
5.786265864968299644e-01
5.762068113312125428e-01
5.611386815086006896e-01
5.479249635711311850e-01
5.467864194884896056e-01
5.427338352426887003e-01
5.356095241382717864e-01
5.312250122427940591e-01
5.281700637191534264e-01
5.285818878561258094e-01
5.334362566471100298e-01
5.311556749045849291e-01
5.344663068652153459e-01
5.302544614300132020e-01
5.280270636081695335e-01
5.248456187546253204e-01
5.260521594434977022e-01
5.243916884064674377e-01
5.210899915546178818e-01
5.215451618656515853e-01
5.315692584961653200e-01
5.228066967800260034e-01
5.229017985984683037e-01
5.215232826769351515e-01
5.217723330482840760e-01
5.169619644060731156e-01
5.137909373268485513e-01
5.157164329662918822e-01
5.185360509902239290e-01
5.133323792368174043e-01
5.138348232954740302e-01
5.104918012395500693e-01
5.086361512541770491e-01
5.089216260239481926e-01
5.078388554975390434e-01
5.078964417800306830e-01
5.089288519695400748e-01
5.077894320711493492e-01
5.044379098340868728e-01
5.054009089246391806e-01
5.041129117831587569e-01
5.033325973898172823e-01
5.041974794119596925e-01
5.021785082295536773e-01
4.974650425836443790e-01
4.990703765302896278e-01
4.963550694286823495e-01
4.985176773741841205e-01
4.952794127166271210e-01
4.963355984538793675e-01
4.960421524941921456e-01
4.968396963551640622e-01
4.992677710950374492e-01
4.963835339993238338e-01
4.979432228952646033e-01
4.939830115064978711e-01
4.954292511567473523e-01
4.980629246681928524e-01
4.969495644792914502e-01
4.938413389027118683e-01
4.943018265068531147e-01
4.921989118680357711e-01
4.913129521533846633e-01
4.906229363754391892e-01
4.935213273391127475e-01
4.884216777980327495e-01
4.908285550773143768e-01
4.892952287569641845e-01
4.888668186962604745e-01
4.889585932716727368e-01
4.881339045241475105e-01
4.882370688021183125e-01
4.917204383760690467e-01
4.895252354443073162e-01
4.885455746203660743e-01
4.867772495374083630e-01
4.851056488230824359e-01
4.872231677174568287e-01
4.835049940273165592e-01
4.836301293224096187e-01
4.821963505819439888e-01
4.842638783156871796e-01
4.815904846414923446e-01
4.804362246766686328e-01
4.819096783176064491e-01
4.845537031069397926e-01
4.821660358458757512e-01
4.814617061987519486e-01
4.810339752584695816e-01
4.823810612782836182e-01
4.802149208262562752e-01
4.801739066839217918e-01
4.813484944403171317e-01
4.813677003607154115e-01
4.809315582737326844e-01
4.804461255669593700e-01
4.811714693903922924e-01
4.825892921537160984e-01
4.816465273499488942e-01
4.805172558873891941e-01
4.796177256852388604e-01
4.813257209956646188e-01
4.812086146324873193e-01
4.821104682981968148e-01
4.811769520863890537e-01
4.817953418940305599e-01
4.812625225633382908e-01
4.796778360381722672e-01
4.808735698461532593e-01
4.811379816383123398e-01
4.824118411168455967e-01
4.798081491142511257e-01
4.794973663985729329e-01
4.810165863484144322e-01
4.829618131741881260e-01
4.804214568808674590e-01
4.790347473695873992e-01
4.827109323814511299e-01
4.801191190257668717e-01
4.822388537228107230e-01
4.789329359307885059e-01
4.801447002217173465e-01
4.798962293192744477e-01
4.791855905205011368e-01
4.791095728054642899e-01
4.806141259148716816e-01
4.777262320742011181e-01
4.783069983124733082e-01
4.780613295733928680e-01
4.782473487779498322e-01
4.776085639372468217e-01
4.754356648772954941e-01
4.815614307299256325e-01
4.764424353837967141e-01
4.755950752645731194e-01
4.759439719840884431e-01
4.753833919763564841e-01
4.770327955484390259e-01
4.760025037452578767e-01
4.761347904801368491e-01
4.763577336445450894e-01
4.756766330450773461e-01
4.766614440828561561e-01
4.757414875552058442e-01
4.778924772515892871e-01
4.762574203312396892e-01
4.762362893670797348e-01
4.767243225127458794e-01
4.754419717937707901e-01
4.773553082719445007e-01
4.751868925988674275e-01
4.767260121181607357e-01
4.757760811597108730e-01
4.759457617998122947e-01
4.780942417681217083e-01
4.759274644777178875e-01
4.761323129758238681e-01
4.756584752351045720e-01
4.764586860314011796e-01
4.753422094509005547e-01
4.771786561235785706e-01
4.771645851433277130e-01
4.771623736247420089e-01
4.755857151001691707e-01
4.761129096150398254e-01
4.759865798056125419e-01
4.759457690641283878e-01
4.758926527574658394e-01
4.804268704727291950e-01
4.770991284400224464e-01
4.753714650869369507e-01
4.754691749811172374e-01
4.762151936069131120e-01
4.757952833548187987e-01
4.762675469741225465e-01
4.762869780883193238e-01
4.763348648324609025e-01
4.761815637350082508e-01
4.785960126668215020e-01
4.766860242933034786e-01
4.806761965155601501e-01
4.789340728893876076e-01
4.758706489577889664e-01
4.761653261259198300e-01
4.758278429508209229e-01
4.760672973468899616e-01
4.771152986213564873e-01
4.758936636149883048e-01
4.750995473936200364e-01
4.782772963866591676e-01
4.767041727900505066e-01
4.757590353488921897e-01
4.763393824920058028e-01
4.757985740900039784e-01
4.754279041662812233e-01
4.755351759493350872e-01
4.766321826726198085e-01
4.762255631387233845e-01
4.766357941552996635e-01
4.763296103104949220e-01
4.763779636472463830e-01
4.758977903053164260e-01
4.754926091060042159e-01
4.757417103275656811e-01
4.762879034504294284e-01
4.767561228945851326e-01
4.765054471790790558e-01
4.761341501027345768e-01
4.764292061328888050e-01
4.767562413588166126e-01
4.755215603858232720e-01
4.758611815050244331e-01
4.751222893595695718e-01
4.791436692699789779e-01
4.761837452650070079e-01
4.754430102184414864e-01
4.763641139492392762e-01
4.769822241738438384e-01
4.767565784975886234e-01
4.764263467863202317e-01
4.776678213849663845e-01
4.772244127467274444e-01
4.745360450819134934e-01
4.761598737910389678e-01
4.762894721701741441e-01
4.742708828300237767e-01
4.736937770619988330e-01
4.738943023607135041e-01
4.713765060529112594e-01
4.708882099017500655e-01
4.696037815883755684e-01
4.689740093424916156e-01
4.689910393208265305e-01
4.690742060542106850e-01
4.692059185355901829e-01
4.697957903146743885e-01
4.684921996667981148e-01
4.689655011519789918e-01
4.677195627242326514e-01
4.691025009378790855e-01
4.689111763611436001e-01
4.694118097424507252e-01
4.675351526588201745e-01
4.690310578793287499e-01
4.687800524756312592e-01
4.679353445768356101e-01
4.690786905586719624e-01
4.684814382344484329e-01
4.686379987746477349e-01
4.690080730244517437e-01
4.698318030685186275e-01
4.689080683514476044e-01
4.683721087872981803e-01
4.684949610382318497e-01
4.690008411183953507e-01
4.694370232522487862e-01
4.695233104750514141e-01
4.685008922591805680e-01
4.685043832287192345e-01
4.693084502592682616e-01
4.692255791276693233e-01
4.703056827187538369e-01
4.694788953289389388e-01
4.685511538758874162e-01
4.694967612624168507e-01
4.687056120485067479e-01
4.687296567484736665e-01
4.683243162930011971e-01
4.683926746249199025e-01
4.684653010219335667e-01
4.681325966492295154e-01
4.682738009840249904e-01
4.681894624605774657e-01
4.692785473540425079e-01
4.686907347291707771e-01
4.686880858615040668e-01
4.680862136185169331e-01
4.690259074792265670e-01
4.678196655586361885e-01
4.687481304630637391e-01
4.702053194865584151e-01
4.676716761663556321e-01
4.690420318394899479e-01
4.680533045902848244e-01
4.684472912922501564e-01
4.682034058496356010e-01
4.691309807822108269e-01
4.684468377381563187e-01
4.717656612396240456e-01
4.683335788547992595e-01
4.691574966534972080e-01
4.683125326409935951e-01
4.688152648508548959e-01
4.694835748523473740e-01
4.698712609708309285e-01
4.696712462231517060e-01
4.714446844533085601e-01
4.683578625321388467e-01
4.690725099295377509e-01
4.682179985567927472e-01
4.689102329313755146e-01
4.687909938395023457e-01
4.694688251242041810e-01
4.682331942021846771e-01
4.690428016707300918e-01
4.682486629113554732e-01
4.683422416448593251e-01
4.673342125490307919e-01
4.673768708482384793e-01
4.671529831364750751e-01
4.661346923559904210e-01
4.658408230170607567e-01
4.667910380288958772e-01
4.665704287588596233e-01
4.655397409573197587e-01
4.659498643130063900e-01
4.652033565565943940e-01
4.654557280242442863e-01
4.659425294026732223e-01
4.657898848876357301e-01
4.656334422528743966e-01
4.645009333267807738e-01
4.673302371054887661e-01
4.645697427913546562e-01
4.655079955235123523e-01
4.650274591520428547e-01
4.658251956105232128e-01
4.659486072137951629e-01
4.645949972793460003e-01
4.659768328070640342e-01
4.659386264160275681e-01
4.663263490423560365e-01
4.661107931286096462e-01
4.655313733965158463e-01
4.655206091701984406e-01
4.649876723065972106e-01
4.651564955711364746e-01
4.655404306948184856e-01
4.656750494614243507e-01
4.648677187040448078e-01
4.659599224105477333e-01
4.649729829281568638e-01
4.650469593703746574e-01
4.654816294088959805e-01
4.655870955437421688e-01
4.656039819121360890e-01
4.655054677277803421e-01
4.657495329156517982e-01
4.649478511884808651e-01
4.651066206395625957e-01
4.649009352549910434e-01
4.659349234774708970e-01
4.652341898530721886e-01
4.656468991190195195e-01
4.652674667537212150e-01
4.652703648433089145e-01
4.651962313801050186e-01
4.652120064944028632e-01
4.655915306881069915e-01
4.646041654050350189e-01
4.652351891621947511e-01
4.652503695338964240e-01
4.661067580804229005e-01
4.648738907650112884e-01
4.653621239587664715e-01
4.642978962510824203e-01
4.651614869013428466e-01
4.662866633385419624e-01
4.649575561285018699e-01
4.655046802014112250e-01
4.674354583024978860e-01
4.656414430588483588e-01
4.650729633867740631e-01
4.651617215946316497e-01
4.655692756175994762e-01
4.658817961812019570e-01
4.652539351955056190e-01
4.657174313440918811e-01
4.657413847744464874e-01
4.646838372573256493e-01
4.651386862620711105e-01
4.646668681874871476e-01
4.645757278427481429e-01
4.646552132442593464e-01
4.655819805338978767e-01
4.654916036874056084e-01
4.648775490000843780e-01
4.660837547853589058e-01
4.653139615431428067e-01
4.652577195316552894e-01
4.659803546965122223e-01
4.674476934596896172e-01
4.655220938846468814e-01
4.659851459786296113e-01
4.647583942860364914e-01
4.651802210137248039e-01
4.650211082771420479e-01
4.656240422278642432e-01
4.650683466345071904e-01
4.650125538930297009e-01
4.649545574560761674e-01
4.645349919795990212e-01
4.632511720061301963e-01
4.648137802258133777e-01
4.633223049342632405e-01
4.628373010084033123e-01
4.629359429702162854e-01
4.623043427243828662e-01
4.633834982290864213e-01
4.625810904428362957e-01
4.628268646076321713e-01
4.621210347861051670e-01
4.626967953518033028e-01
4.623724827542901039e-01
4.627568688243627326e-01
4.625211250036954658e-01
4.622618248686194420e-01
4.629050621762871853e-01
4.618774512782692909e-01
4.630957387387752422e-01
4.646590923890471236e-01
4.621694248169660457e-01
4.629525365307927132e-01
4.627913236618041992e-01
4.627605637535452954e-01
4.632089953869581445e-01
4.617761682718992122e-01
4.624640075489878654e-01
4.621480213478207366e-01
4.620796330273151398e-01
4.614323159679770692e-01
4.629737772047519684e-01
4.627919016405940278e-01
4.621095823124051205e-01
4.628110533580184205e-01
4.617519209161400906e-01
4.621323255822062381e-01
4.624612104147672875e-01
4.627201363444328197e-01
4.616853281855582969e-01
4.631430001929402462e-01
4.627259349450468795e-01
4.624125117436051480e-01
4.631049929186701886e-01
4.631502894684672578e-01
4.639569059014320151e-01
4.626995921134948730e-01
4.627493625506758912e-01
4.626053433865308651e-01
4.621841320767998695e-01
4.622972272336483002e-01
4.626108311116695626e-01
4.618168750777840725e-01
4.619843678548932187e-01
4.626105524599551932e-01
4.623127868399024010e-01
4.634162636473774799e-01
4.631425173953175323e-01
4.615645004436373933e-01
4.614051943644881248e-01
4.621198641136288754e-01
4.623705675825476868e-01
4.619685405865311401e-01
4.622068090364336856e-01
4.628803210332989582e-01
4.626555169001221879e-01
4.617682166397571453e-01
4.623234458267688751e-01
4.622744914144277795e-01
4.627151094377041085e-01
4.635643782094120979e-01
4.624322351068258508e-01
4.627760026603937038e-01
4.625842254608869553e-01
4.625789044424891694e-01
4.621692713350057380e-01
4.620727334171533807e-01
4.619822829961776622e-01
4.620895983651280292e-01
4.633383737877011521e-01
4.627021210268139617e-01
4.622739568352699502e-01
4.629975816234946362e-01
4.618888854980468528e-01
4.641627077013253944e-01
4.624797426164150016e-01
4.617459367960691230e-01
4.621778588742017635e-01
4.622017471119761467e-01
4.625002624467015044e-01
4.625675408169627190e-01
4.617831213399767876e-01
4.616939803585410340e-01
4.622538298368453757e-01
4.640948971733450668e-01
4.619071628898382409e-01
4.627844050526618846e-01
4.623302131891250388e-01
4.618469264358281978e-01
4.613508172333240509e-01
4.625217601656913535e-01
4.633402757346630207e-01
4.621025543659925683e-01
4.628374682739376800e-01
