8.017742778062820719e+01
4.256131271719932840e+01
2.566242118477821421e+01
1.714086106121539999e+01
1.255708036124706339e+01
9.921918752789498086e+00
8.345113404095172882e+00
7.412153534591197968e+00
6.589633665978908539e+00
6.039055626094341100e+00
5.461373949050903676e+00
5.049513265490531921e+00
4.426347291469573619e+00
4.104020297527313232e+00
3.731705821305513204e+00
3.366841049492359073e+00
3.047726444154977621e+00
2.821014942228794009e+00
2.551718182116746725e+00
2.347022425383329391e+00
2.159048828482627691e+00
2.021157862246036441e+00
1.846219491586089223e+00
1.749364663287997335e+00
1.629954775422811419e+00
1.498588186129927724e+00
1.449287522956729024e+00
1.363860644027590663e+00
1.287685319036245390e+00
1.224308112636208534e+00
1.195542126521468074e+00
1.151949914544820874e+00
1.099436174705624492e+00
1.068577934801578477e+00
1.055052140355110080e+00
1.043626935780048282e+00
1.025138562172651202e+00
1.004246059060096785e+00
9.668256063014268875e-01
9.424301896244287047e-01
9.048018176108598709e-01
8.733131222426890883e-01
8.379895204678178278e-01
8.147959996014833006e-01
8.131618170067668183e-01
7.980491328984499200e-01
7.806439353153109550e-01
7.769373178482055220e-01
7.635448902845383135e-01
7.385938080027699693e-01
7.133219972252845542e-01
7.104143870994448218e-01
7.131693676114082558e-01
6.950108684599399789e-01
6.936705557629465613e-01
6.956189505755900893e-01
6.964953053742647393e-01
6.858774522319436295e-01
6.741135392338037935e-01
6.730060167610645294e-01
6.775365171954035315e-01
6.618502041324972884e-01
6.722985055297613366e-01
6.656650923192500846e-01
6.694427860900760141e-01
6.552140552550553831e-01
6.496254717931151390e-01
6.583387546241283861e-01
6.567057179287075774e-01
6.505762491375207679e-01
6.443905694410204665e-01
6.483106961473822372e-01
6.420890733599662337e-01
6.317760305479168670e-01
6.412860326468944328e-01
6.341536305844783783e-01
6.321726908907294717e-01
6.259879183024168459e-01
6.248836295679212061e-01
6.174914663657545821e-01
6.183589911088347435e-01
6.176489571109413657e-01
6.191252429038286431e-01
6.184012610465288162e-01
6.101612884551286253e-01
6.128695392981171608e-01
6.120390841737389787e-01
6.141260655596851858e-01
6.121785541996359603e-01
6.152584038674830946e-01
6.119015783071517500e-01
6.131269259378313574e-01
6.047234900295734850e-01
5.978201176971197350e-01
5.862797120586037414e-01
5.884609544649720414e-01
5.786265864968299644e-01
5.762068113312125428e-01
5.611386815086006896e-01
5.479249635711311850e-01
5.467864194884896056e-01
5.427338352426887003e-01
5.356095241382717864e-01
5.312250122427940591e-01
5.281700637191534264e-01
5.285818878561258094e-01
5.334362566471100298e-01
5.311556749045849291e-01
5.344663068652153459e-01
5.302544614300132020e-01
5.280270636081695335e-01
5.248456187546253204e-01
5.260521594434977022e-01
5.243916884064674377e-01
5.210899915546178818e-01
5.215451618656515853e-01
5.315692584961653200e-01
5.228066967800260034e-01
5.229017985984683037e-01
5.215232826769351515e-01
5.217723330482840760e-01
5.169619644060731156e-01
5.137909373268485513e-01
5.157164329662918822e-01
5.185360509902239290e-01
5.133323792368174043e-01
5.138348232954740302e-01
5.104918012395500693e-01
5.086361512541770491e-01
5.089216260239481926e-01
5.078388554975390434e-01
5.078964417800306830e-01
5.089288519695400748e-01
5.077894320711493492e-01
5.044379098340868728e-01
5.054009089246391806e-01
5.041129117831587569e-01
5.033325973898172823e-01
5.041974794119596925e-01
5.021785082295536773e-01
4.974650425836443790e-01
4.990703765302896278e-01
4.963550694286823495e-01
4.985176773741841205e-01
4.952794127166271210e-01
4.963355984538793675e-01
4.960421524941921456e-01
4.968396963551640622e-01
4.992677710950374492e-01
4.963835339993238338e-01
4.979432228952646033e-01
4.939830115064978711e-01
4.954292511567473523e-01
4.980629246681928524e-01
4.969495644792914502e-01
4.938413389027118683e-01
4.943018265068531147e-01
4.921989118680357711e-01
4.913129521533846633e-01
4.906229363754391892e-01
4.935213273391127475e-01
4.884216777980327495e-01
4.908285550773143768e-01
4.892952287569641845e-01
4.888668186962604745e-01
4.889585932716727368e-01
4.881339045241475105e-01
4.882370688021183125e-01
4.917204383760690467e-01
4.895252354443073162e-01
4.885455746203660743e-01
4.867772495374083630e-01
4.851056488230824359e-01
4.872231677174568287e-01
4.835049940273165592e-01
4.836301293224096187e-01
4.821963505819439888e-01
4.842638783156871796e-01
4.815904846414923446e-01
4.804362246766686328e-01
4.819096783176064491e-01
4.845537031069397926e-01
4.821660358458757512e-01
4.814617061987519486e-01
4.810339752584695816e-01
4.823810612782836182e-01
4.802149208262562752e-01
4.801739066839217918e-01
4.813484944403171317e-01
4.813677003607154115e-01
4.809315582737326844e-01
4.804461255669593700e-01
4.811714693903922924e-01
4.825892921537160984e-01
4.816465273499488942e-01
4.805172558873891941e-01
4.796177256852388604e-01
4.813257209956646188e-01
4.812086146324873193e-01
4.821104682981968148e-01
4.811769520863890537e-01
4.817953418940305599e-01
4.812625225633382908e-01
4.796778360381722672e-01
4.808735698461532593e-01
4.811379816383123398e-01
4.824118411168455967e-01
4.798081491142511257e-01
4.794973663985729329e-01
4.810165863484144322e-01
4.829618131741881260e-01
4.804214568808674590e-01
4.790347473695873992e-01
4.827109323814511299e-01
4.801191190257668717e-01
4.822388537228107230e-01
4.789329359307885059e-01
4.801447002217173465e-01
4.798962293192744477e-01
4.791855905205011368e-01
4.791095728054642899e-01
4.806141259148716816e-01
4.777262320742011181e-01
4.783069983124733082e-01
4.780613295733928680e-01
4.782473487779498322e-01
4.776085639372468217e-01
4.754356648772954941e-01
4.815614307299256325e-01
4.764424353837967141e-01
4.755950752645731194e-01
4.759439719840884431e-01
4.753833919763564841e-01
4.770327955484390259e-01
4.760025037452578767e-01
4.761347904801368491e-01
4.763577336445450894e-01
4.756766330450773461e-01
4.766614440828561561e-01
4.757414875552058442e-01
4.778924772515892871e-01
4.762574203312396892e-01
4.762362893670797348e-01
4.767243225127458794e-01
4.754419717937707901e-01
4.773553082719445007e-01
4.751868925988674275e-01
4.767260121181607357e-01
4.757760811597108730e-01
4.759457617998122947e-01
4.780942417681217083e-01
4.759274644777178875e-01
4.761323129758238681e-01
4.756584752351045720e-01
4.764586860314011796e-01
4.753422094509005547e-01
4.771786561235785706e-01
4.771645851433277130e-01
4.771623736247420089e-01
4.755857151001691707e-01
4.761129096150398254e-01
4.759865798056125419e-01
4.759457690641283878e-01
4.758926527574658394e-01
4.804268704727291950e-01
4.770991284400224464e-01
4.753714650869369507e-01
4.754691749811172374e-01
4.762151936069131120e-01
4.757952833548187987e-01
4.762675469741225465e-01
4.762869780883193238e-01
4.763348648324609025e-01
4.761815637350082508e-01
4.785960126668215020e-01
4.766860242933034786e-01
4.806761965155601501e-01
4.789340728893876076e-01
4.758706489577889664e-01
4.761653261259198300e-01
4.758278429508209229e-01
4.760672973468899616e-01
4.771152986213564873e-01
4.758936636149883048e-01
4.750995473936200364e-01
4.782772963866591676e-01
4.767041727900505066e-01
4.757590353488921897e-01
4.763393824920058028e-01
4.757985740900039784e-01
4.754279041662812233e-01
4.755351759493350872e-01
4.766321826726198085e-01
4.762255631387233845e-01
4.766357941552996635e-01
4.763296103104949220e-01
4.763779636472463830e-01
4.758977903053164260e-01
4.754926091060042159e-01
4.757417103275656811e-01
4.760977176949381939e-01
4.765660090371966473e-01
4.763152576982975228e-01
4.759441601112485154e-01
4.762389563024044259e-01
4.765667183324694411e-01
4.753315836191177590e-01
4.756709907203912624e-01
4.749325755983591080e-01
4.789540978148579820e-01
4.759942488744854927e-01
4.752535056322813034e-01
4.761745778843760601e-01
4.767929906025528686e-01
4.765675136819481628e-01
4.762372585013509019e-01
4.774791242554783932e-01
4.770352410152554623e-01
4.743475234135985374e-01
4.759715493768453820e-01
4.761011574417352565e-01
4.740830181166529878e-01
4.735056620091199764e-01
4.737064311280846374e-01
4.711885219439864159e-01
4.706997646018862835e-01
4.694153219461441040e-01
4.687857218086719513e-01
4.688027868047356383e-01
4.688854701817035675e-01
4.690175898373126762e-01
4.696070361882448418e-01
4.683030361309647449e-01
4.687766890972852596e-01
4.675307428464293702e-01
4.689134981483221165e-01
4.687220651656389125e-01
4.692223817110061646e-01
4.673459090292453877e-01
4.688421528786420600e-01
4.685908732935786247e-01
4.677461242303252442e-01
4.688897781074047311e-01
4.682925114408135192e-01
4.684496611356735452e-01
4.688192626461386570e-01
4.696429828181862831e-01
4.687196929007768631e-01
4.681838469579815976e-01
4.683067299425601737e-01
4.688131298869848140e-01
4.692492023110389487e-01
4.693354506045580021e-01
4.683130431920289882e-01
4.683168940246105194e-01
4.691206341609358565e-01
4.690377335995435937e-01
4.701178301125764625e-01
4.692905398085713276e-01
4.683629350736737140e-01
4.693085482344031556e-01
4.685173803940415604e-01
4.685414107516407967e-01
4.681361431255936512e-01
4.682044101879000442e-01
4.682773534208536370e-01
4.679443528875708580e-01
4.680855585262179153e-01
4.680018134415149800e-01
4.690905531868338474e-01
4.685026792809366958e-01
4.685001365840434917e-01
4.678982103243470303e-01
4.688376689329743496e-01
4.676317917183041573e-01
4.685604782775044663e-01
4.700176512822508701e-01
4.674838561564683692e-01
4.688547080382704513e-01
4.678659101948142163e-01
4.682602912187576183e-01
4.680159917101264222e-01
4.689436435699462780e-01
4.682599082589149475e-01
4.715780312195420043e-01
4.681467909365892299e-01
4.689708020538091438e-01
4.681257158517837524e-01
4.686282575130462646e-01
4.692973738536238559e-01
4.696846049278974311e-01
4.694848388433456310e-01
4.712582176551222690e-01
4.681715084239840285e-01
4.688867012038827053e-01
4.680324429646134377e-01
4.687248922884464375e-01
4.686056450009346008e-01
4.692832602187991253e-01
4.680484069511294254e-01
4.688578711822629086e-01
4.680640017613768578e-01
4.681579509750008472e-01
4.671499976888299210e-01
4.671930067241191753e-01
4.669689193367957958e-01
4.659509418532252201e-01
4.656569363549351581e-01
4.666069949045777432e-01
4.663864908739924209e-01
4.653554370626807324e-01
4.657654596492648014e-01
4.650193214416503684e-01
4.652712317183613777e-01
4.657580669969320075e-01
4.656051432713866345e-01
4.654491607099771611e-01
4.643166141584515461e-01
4.671458473429083713e-01
4.643851650878786930e-01
4.653236655518412368e-01
4.648429078981280438e-01
4.656407952308654896e-01
4.657640421763062366e-01
4.644108027219772117e-01
4.657926546409726365e-01
4.657541969791054726e-01
4.661420604214072116e-01
4.659261921420693175e-01
4.653465980663895607e-01
4.653358772397041543e-01
4.648028355091810004e-01
4.649714972823858483e-01
4.653556114062666893e-01
4.654901174828410260e-01
4.646831054240465053e-01
4.657753258943557739e-01
4.647885117679834144e-01
4.648623704910278542e-01
4.652970168739557488e-01
4.654026940464973672e-01
4.654196234419941680e-01
4.653210217133164628e-01
4.655651304870843665e-01
4.647635873407125473e-01
4.649221716448664887e-01
4.647166369482874648e-01
4.657506145536899345e-01
4.650502178817987331e-01
4.654628360643983109e-01
4.650831138715147972e-01
4.650863185524940491e-01
4.650121644139290078e-01
4.650276904925704224e-01
4.654071146622300037e-01
4.644197678193450196e-01
4.650508202612400055e-01
4.650660621002316586e-01
4.659226289018988387e-01
4.646895088255405537e-01
4.651777138933539391e-01
4.641132429242134094e-01
4.649772776290774234e-01
4.661022631451487430e-01
4.647730289027094952e-01
4.653204698115587234e-01
4.672513311728835328e-01
4.654574841260910034e-01
4.648887889459729084e-01
4.649779768660664558e-01
4.653855146840214507e-01
4.656975613906979561e-01
4.650702079758047836e-01
4.655336756259202957e-01
4.655578723177313805e-01
4.644998364150524361e-01
4.649547666311263927e-01
4.644832635298371537e-01
4.643920941278338321e-01
4.644720705226063617e-01
4.653986692428588867e-01
4.653081160038709529e-01
4.646943764761090057e-01
4.659006375819444434e-01
4.651305373758077844e-01
4.650742793455719948e-01
4.657973049208521954e-01
4.672649662941694149e-01
4.653390593826770560e-01
4.658019371330738290e-01
4.645758658647537453e-01
4.649975892156362756e-01
4.648384714499115833e-01
4.654418170452118142e-01
4.648863667622208373e-01
4.648309553042054287e-01
4.647726427763700374e-01
4.643530881032347790e-01
4.630691973492503388e-01
4.646314900368452294e-01
4.631395775824785344e-01
4.626544611528515816e-01
4.627526011317968369e-01
4.621213346719741932e-01
4.631999984383582958e-01
4.623976711183786503e-01
4.626432538032531627e-01
4.619374440982937924e-01
4.625131990760564804e-01
4.621887803077697754e-01
4.625732591375708580e-01
4.623374678194522858e-01
4.620781812816858181e-01
4.627215068787336461e-01
4.616938401013612747e-01
4.629119399935007206e-01
4.644754255190491898e-01
4.619857113808393256e-01
4.627691369503736385e-01
4.626076990738511308e-01
4.625769928097724915e-01
4.630253197625279205e-01
4.615922771394252999e-01
4.622806923463940731e-01
4.619645042344927566e-01
4.618959933519363181e-01
4.612486390396952629e-01
4.627904364839195983e-01
4.626084588468074577e-01
4.619258714839816204e-01
4.626276627182960288e-01
4.615685699507593998e-01
4.619491057470440643e-01
4.622778002172708289e-01
4.625366417691111343e-01
4.615020824596285931e-01
4.629597267135977523e-01
4.625427527353167534e-01
4.622289558872580417e-01
4.629213346168398746e-01
4.629669904708862416e-01
4.637735258787870629e-01
4.625159796327352746e-01
4.625660682097077481e-01
4.624217798933386581e-01
4.620005417615175025e-01
4.621136561036109924e-01
4.624273208901286125e-01
4.616334881633520348e-01
4.618011483922600524e-01
4.624270400032400863e-01
4.621292836964130402e-01
4.632329782471060753e-01
4.629592532292008400e-01
4.613810712471604347e-01
4.612217649817466625e-01
4.619370993226766808e-01
4.621875623241066822e-01
4.617855256423354371e-01
4.620238495990633965e-01
4.626978280022740475e-01
4.624727027490734832e-01
4.615855282172560692e-01
4.621405325829982536e-01
4.620919540524482949e-01
4.625321526080369838e-01
4.633814895525574795e-01
4.622493591159582138e-01
4.625929106026888116e-01
4.624011160805821530e-01
4.623958112671971432e-01
4.619860755279660003e-01
4.618897059932350890e-01
4.617988850921392330e-01
4.619063636288046615e-01
4.631550565361976513e-01
4.625191494822502025e-01
4.620905295014381409e-01
4.628144761547446362e-01
4.617054881528019905e-01
4.639795266091823467e-01
4.622966686263680347e-01
4.615626828745007515e-01
4.619948467239737289e-01
4.620188778266310914e-01
4.623171901330351830e-01
4.623842973262071721e-01
4.615999037399888261e-01
4.615107474848628155e-01
4.620708260685205682e-01
4.639118503779172675e-01
4.617240471765399201e-01
4.626013102009892686e-01
4.621473656967282073e-01
4.616642285138368718e-01
4.611680395901203156e-01
4.623390203341841698e-01
4.631581878289580123e-01
4.619197787716984860e-01
4.626548551023006439e-01
