5.972800228595733785e+01
3.004530044198036265e+01
1.854806027412414693e+01
1.378995753824710846e+01
1.085403936207294429e+01
9.134018307924270275e+00
7.713117602467536749e+00
6.848500247299670995e+00
6.057945367693901240e+00
5.455606284737586797e+00
4.873570385575294317e+00
4.310423385351896286e+00
3.983784894645213903e+00
3.555474261194467633e+00
3.234849130362272174e+00
2.945448451489210306e+00
2.711041596531868159e+00
2.519407266378402621e+00
2.362309059500694364e+00
2.220208532363176168e+00
2.127934584766626447e+00
2.030761136859655203e+00
1.975342634320259139e+00
1.875312583893537610e+00
1.814624474570155188e+00
1.691700165718793780e+00
1.615730967372655869e+00
1.503329139947891191e+00
1.431262110173702196e+00
1.329360483214259148e+00
1.274894817546009973e+00
1.205671253427863077e+00
1.178682376071810811e+00
1.151938334852457002e+00
1.132281686738133342e+00
1.083267386257648512e+00
1.058565114811062857e+00
1.029221332073211759e+00
1.038445126637816518e+00
1.017706729844212621e+00
9.894194409251213518e-01
9.704726457595824751e-01
9.867341022938489470e-01
9.592928566038608773e-01
9.460106469690799935e-01
9.450331162661314011e-01
9.285563245415687783e-01
9.444035500288009422e-01
9.163203533738851769e-01
9.331979598850012048e-01
9.092801611870526823e-01
9.123122900724410789e-01
8.996528528630733934e-01
8.964891098439693451e-01
8.913194492459297624e-01
8.895662531256676164e-01
8.855833962559700456e-01
8.791584536433220132e-01
8.874074794352054818e-01
8.884572420269251092e-01
8.831754889339208381e-01
8.668685004115104231e-01
8.581809971481562105e-01
8.452298065647483316e-01
8.339556934311985747e-01
8.142739506438374519e-01
8.178260602056980355e-01
8.101704187691212145e-01
8.201425787061452644e-01
8.127510828897357431e-01
8.074716651812196000e-01
8.109337262809276359e-01
8.021515727043151411e-01
8.114257417619228363e-01
8.001147985458374468e-01
8.011638157069682631e-01
7.988221799954772218e-01
8.033805292099713835e-01
7.995596759021281752e-01
7.965522252023220506e-01
7.927607750520110352e-01
7.919572139158844726e-01
7.875763496384025064e-01
7.908780887722969277e-01
7.895610008388758150e-01
7.823082460090517998e-01
7.823610506951809151e-01
7.805513780564069526e-01
7.811139957979321702e-01
7.798360511660575867e-01
7.830210642889141592e-01
7.855963574722408804e-01
7.813073262572288735e-01
7.811386113986372726e-01
7.820977190509438293e-01
7.843483513221144454e-01
7.847200190648436768e-01
7.787886442616581695e-01
7.841456694528460281e-01
7.792937926948070304e-01
7.817371437326073869e-01
7.801166204735636711e-01
7.774257890880107436e-01
7.776890689507126586e-01
7.774465933442116228e-01
7.783318629488349405e-01
7.787031916901469009e-01
7.808706972748040709e-01
7.782810950651765092e-01
7.799629671499133110e-01
7.767947625368833986e-01
7.764749741181731224e-01
7.794256759807467461e-01
7.750355118885636774e-01
7.741218674927949905e-01
7.734595911577344385e-01
7.743387972936034425e-01
7.741362599655985388e-01
7.757625585421920045e-01
7.713297955691814645e-01
7.723244477063417879e-01
7.795163182541727798e-01
7.707937337458133920e-01
7.712073381990194321e-01
7.686938190832733886e-01
7.667785381898284403e-01
7.677779875695704970e-01
7.696776604279875755e-01
7.686524054035543951e-01
7.688255654647946358e-01
7.665237328037619591e-01
7.698544921353459580e-01
7.670122135430574861e-01
7.675933774560690370e-01
7.672956969588995424e-01
7.661335438489913496e-01
7.636999659240245597e-01
7.637471936643123183e-01
7.632156962528824362e-01
7.667308494448661360e-01
7.608390331268310991e-01
7.632034257054328696e-01
7.620080072432756646e-01
7.639026995748281479e-01
7.633348330855369568e-01
7.631912911310791969e-01
7.628303883597254975e-01
7.621292473748326746e-01
7.636653492227196693e-01
7.615714307874441591e-01
7.616032708436251131e-01
7.629643937572836432e-01
7.633628714829683304e-01
7.612249737605452093e-01
7.633154423907398956e-01
7.639385888352989706e-01
7.649657148867845535e-01
7.614969559013843314e-01
7.649062404409050497e-01
7.603792428970337358e-01
7.706400956958532333e-01
7.624191999435424583e-01
7.611780887469649093e-01
7.619182664901018587e-01
7.622127879410982576e-01
7.605710292235017267e-01
7.614584289491176383e-01
7.622536828741430792e-01
7.622938994318246841e-01
7.607625879347323927e-01
7.623402452096342818e-01
7.623393347486853155e-01
7.624681591987609863e-01
7.671846691519021988e-01
7.630956079810857773e-01
7.620970392599701881e-01
7.614286294206976669e-01
7.642845612019300017e-01
7.610456485301255736e-01
7.613037841394543204e-01
7.619695389643311723e-01
7.635431531816720963e-01
7.609762871637940629e-01
7.633541828021407349e-01
7.617336617782711761e-01
7.618090663105249183e-01
7.622028660029173119e-01
7.613046810030936751e-01
7.643556907773018105e-01
7.626884566619992478e-01
7.611696364358067068e-01
7.614228125661611779e-01
7.613663341850042121e-01
7.618768937885761483e-01
7.618764728307724221e-01
7.625476064160465750e-01
7.619239311665296777e-01
7.612269951030612436e-01
7.618818070739508119e-01
7.614147352054715379e-01
7.598977629095315933e-01
7.574419146403670311e-01
7.571531690657138380e-01
7.535565279424190077e-01
7.546932168304920641e-01
7.513420017436146514e-01
7.508087044581770453e-01
7.488004554063081297e-01
7.525561371818184631e-01
7.496284067630767378e-01
7.524370936676859634e-01
7.490680808201432006e-01
7.482132060453295930e-01
7.486524978652596696e-01
7.491884242743254152e-01
7.487143296748399734e-01
7.484083458781242149e-01
7.494854815304279327e-01
7.488324018195271492e-01
7.519756464287639108e-01
7.522496933117508444e-01
7.526968242600560188e-01
7.535888582468033281e-01
7.497223215177655220e-01
7.487452983856200950e-01
7.491762690246105416e-01
7.486552836373447928e-01
7.494056485593318939e-01
7.484420837834477869e-01
7.489793328568339348e-01
7.480253143236040847e-01
7.483519241213798523e-01
7.512294672429561393e-01
7.486406723037362099e-01
7.496718300506473032e-01
7.488668670877813849e-01
7.512630240991711172e-01
7.488764755427836928e-01
7.481347901746631113e-01
7.492848876863718033e-01
7.498736800625920296e-01
7.490898407995700836e-01
7.492610936984419601e-01
7.480617117136716399e-01
7.498293885961174743e-01
7.480730893090367095e-01
7.496228294447064844e-01
7.479293122887611389e-01
7.492197990417480691e-01
7.480276627466082573e-01
7.496145622804760711e-01
7.480489563196897063e-01
7.489147629588842614e-01
7.486249579116701636e-01
7.496469279751181158e-01
7.480287237092853037e-01
7.479755636304616928e-01
7.489044491201639620e-01
7.496408775448799577e-01
7.505606021732091904e-01
7.495460378006100211e-01
7.480156270787119421e-01
7.477931128814816475e-01
7.499794997274875641e-01
7.521969279274344222e-01
7.519513338804244551e-01
7.472682489082217439e-01
7.493238534778356996e-01
7.479371864348649535e-01
7.484544247388840166e-01
7.477614548057317512e-01
7.497862711548805015e-01
7.474901815876364708e-01
7.440515765920281410e-01
7.436957202851772752e-01
7.431061852723359618e-01
7.433721551671623740e-01
7.427356952801347223e-01
7.406335933133959548e-01
7.412334384396672693e-01
7.398716371506453005e-01
7.412650419399142709e-01
7.401339296251535638e-01
7.399958880618214829e-01
7.414023095741868463e-01
7.409132855013013108e-01
7.400931607931852119e-01
7.384151058271527512e-01
7.396594334393740144e-01
7.386214429512619750e-01
7.392771385610104051e-01
7.450724450871348825e-01
7.483449418097734007e-01
7.391464378684758918e-01
7.383627858012914436e-01
7.398727944120764288e-01
7.387860378250479254e-01
7.391882019117475000e-01
7.398376850411295669e-01
7.416799321770668474e-01
7.438493015244602713e-01
7.407348513603210227e-01
7.404814353212714195e-01
7.409029994159936905e-01
7.410430535674095154e-01
7.413928382098674552e-01
7.407455259934068170e-01
7.400923397392034087e-01
7.430873820558190346e-01
7.411690024659037812e-01
7.399487925693393198e-01
7.401335606351494567e-01
7.401774041354656219e-01
7.403380209580063820e-01
7.420255107805132644e-01
7.399732982739806175e-01
7.417393095791340318e-01
7.404126994311809318e-01
7.400252440944313781e-01
7.397158302366733107e-01
7.410185767337680307e-01
7.407716823741793410e-01
7.399741882458329423e-01
7.404568793252110925e-01
7.411273961886764017e-01
7.413995740935206413e-01
7.405534965917468515e-01
7.403424179181457010e-01
7.398805219680071321e-01
7.402690920978785005e-01
7.413429642096162064e-01
7.410552728921174781e-01
7.408688770607113616e-01
7.403130056336522102e-01
7.425861842930316925e-01
7.406390808522701485e-01
7.411474997177720514e-01
7.407278632745146751e-01
7.400728359818458113e-01
7.397396875545382278e-01
7.402710517868399398e-01
7.399164164438843949e-01
7.413907498121261597e-01
7.418929275125265566e-01
7.425370275974273460e-01
7.407600864768028037e-01
7.419045105576514976e-01
7.403623284772038460e-01
7.405923468992113845e-01
7.400912296026944670e-01
7.405338618904352410e-01
7.404339326545595901e-01
7.406569415703415649e-01
7.411866458132863045e-01
7.405626198276877847e-01
7.408232256770134194e-01
7.405660932883619818e-01
7.406758269295096175e-01
7.399112304672599283e-01
7.410806467756628768e-01
7.411852804943919182e-01
7.397610021755098852e-01
7.400425367057323900e-01
7.405274605378509012e-01
7.409515848383307901e-01
7.408922545611857924e-01
7.398507857695222345e-01
7.411928160116076914e-01
7.414275813847780450e-01
7.405842950567602667e-01
7.407477825880051103e-01
7.406979780644178391e-01
7.408855590969324334e-01
7.395949276164174302e-01
7.405117286369204965e-01
7.449589543044566886e-01
7.401813901960849762e-01
7.407591525465250237e-01
7.405400281772017701e-01
7.402753433212637679e-01
7.400950165465474129e-01
7.410069018602370994e-01
7.417224450036883354e-01
7.422434333711862564e-01
7.436622574925422224e-01
7.405362101271748543e-01
7.407143106684088707e-01
7.415520258247851881e-01
7.400347240269183891e-01
7.405091345310210738e-01
7.392681637778878434e-01
7.398433938622475114e-01
7.408061983063817246e-01
7.406990641728044000e-01
7.396452317014337030e-01
7.406336445361375587e-01
7.402356952428817971e-01
7.408092554658651796e-01
7.399661388248205407e-01
7.430085074156522751e-01
7.394831458106636557e-01
7.403610624372959359e-01
7.406325440853833708e-01
7.399804819375276344e-01
7.408543605357408302e-01
7.415700940415262954e-01
7.404366988688707574e-01
7.402613880112767220e-01
7.419939456507563813e-01
7.430924391373991966e-01
7.398069918155669722e-01
7.402640236541628838e-01
7.410395784303546174e-01
7.416033551096916643e-01
7.422532502561807188e-01
7.402218371629715188e-01
7.404679547995328681e-01
7.404865110293030739e-01
7.435130601748823898e-01
7.395678577944636567e-01
7.406892187893390211e-01
7.405471451580524223e-01
7.419266162440181223e-01
7.429295796900987625e-01
7.399930382147431596e-01
7.410734090954065323e-01
7.415468871593475786e-01
7.401953643187880738e-01
7.411908453330398050e-01
7.406830264255404028e-01
7.403582932427525964e-01
7.406522948294878006e-01
7.404997136443853822e-01
7.424860358238219993e-01
7.411585029214620146e-01
7.420121647417545763e-01
7.411712570115923659e-01
7.404811888933181541e-01
7.417809808626770751e-01
7.402263939380645530e-01
7.399179335683584435e-01
7.409767007455230203e-01
7.405541932210326639e-01
7.411686591804027557e-01
7.421381806954741034e-01
7.406652705743909104e-01
7.418855598196387735e-01
7.402219392359257188e-01
7.405531678348780122e-01
7.402697565034032090e-01
7.415267750620841980e-01
7.397379623726010323e-01
7.409069323912262917e-01
7.403783410787582175e-01
7.417108286172151566e-01
7.402085909619927628e-01
7.401334622874855551e-01
7.399459535256027731e-01
7.400023249909282175e-01
7.423119107261300087e-01
7.408497333526611328e-01
7.415610959753393683e-01
7.403929391875863075e-01
7.424182448536157386e-01
7.398340893909335358e-01
7.400543358176946418e-01
7.398427635431289451e-01
7.395845532417297807e-01
7.404903363436460273e-01
7.412045955657958762e-01
7.390329500660299811e-01
7.402489416301250014e-01
7.400180455297231674e-01
7.409188780933618768e-01
7.408418940380215867e-01
7.421633144840598106e-01
7.411599397659301980e-01
7.414190527051687241e-01
7.412153169512748496e-01
7.420713454484939575e-01
7.410734511911869493e-01
7.407478185370564017e-01
7.415873819962144342e-01
7.400089742615818533e-01
7.425927760079502615e-01
7.412417065352201462e-01
7.413181599229574648e-01
7.410425297915935738e-01
7.407862583175301996e-01
7.411115949973463568e-01
7.419584054499864800e-01
7.401932008564472421e-01
7.405292809009551558e-01
7.404996093362570253e-01
7.407016277313231978e-01
7.420442899689078109e-01
7.406472649425268617e-01
7.398822057992220369e-01
7.408508172258734259e-01
7.398347638547420058e-01
7.421535728499293327e-01
7.409832896664738655e-01
7.400181505829095396e-01
7.423374749720096366e-01
7.466253707185387389e-01
7.404736420139670372e-01
7.434660084545612335e-01
7.405700769275427309e-01
7.429797068238258584e-01
7.405513776466250420e-01
7.417328896000980887e-01
7.406453412026167138e-01
7.402076954022049904e-01
7.409474445506930573e-01
7.405403112992644532e-01
7.416983081027865854e-01
7.419958991929889169e-01
7.431987341493367927e-01
7.404522767290473428e-01
7.408617448061705080e-01
7.419458532705902609e-01
7.437150361016392486e-01
7.403158865869045036e-01
7.401213621720671432e-01
7.482903966680168883e-01
7.403619490563869698e-01
7.403714405372738838e-01
7.456028258427978006e-01
7.402904426679015604e-01
7.400410575792193413e-01
7.404424708336592165e-01
7.417183430865407212e-01
7.413484293967484984e-01
7.396470021456480470e-01
7.411693943664431350e-01
7.408261742442846520e-01
7.401475369930267112e-01
7.434879822656512705e-01
7.442548938095570055e-01
7.415254469960927963e-01
7.400299593806266563e-01
7.404836263507604821e-01
7.401858646422624366e-01
7.405407270416617393e-01
7.422811012715101464e-01
7.411093620583415476e-01
7.413067219778894934e-01
7.412285532802342924e-01
7.412181550636887106e-01
7.408374847844243494e-01
7.406505633145570311e-01
7.399040849879383597e-01
7.412891766056418641e-01
7.401388760656117949e-01
7.412200283259153810e-01
7.407561792060732841e-01
7.409292619675398317e-01
7.402791358530521615e-01
7.405867120251059532e-01
7.413730328902602418e-01
7.410395987331866996e-01
7.399144321680068970e-01
7.391964994370937569e-01
7.403032213449478594e-01
7.408040519803762436e-01
7.406249390915036201e-01
7.415475592017173323e-01
7.408051211386919022e-01
7.426857599988579972e-01
7.406563200056552887e-01
7.408775167539716211e-01
7.409206619486212730e-01
7.405914705246686713e-01
7.402943288907408714e-01
7.442413393408060518e-01
7.396662347018718719e-01
7.407626030966639741e-01
7.405190777033567873e-01
7.404239200055598991e-01
7.407018233090638670e-01
7.406036809086800066e-01
7.404807589948176894e-01
7.401209414005279763e-01
7.400720844045280966e-01
7.410594735294580016e-01
7.399844307452440040e-01
7.407920224592089431e-01
7.400584757328033669e-01
7.419597959145903809e-01
7.401668669655918631e-01
7.405105581507086532e-01
7.427430212497710960e-01
7.429816178977489693e-01
7.405388042330741660e-01
7.424098966643214448e-01
7.406753383576869521e-01
7.417726948857307212e-01
7.428675470873713493e-01
7.405290942639112250e-01
7.425395293161273225e-01
