3.029554175736848091e-03
3.040667565801413903e-03
3.120300398586550814e-03
3.104342944425297901e-03
3.171924624621169468e-03
3.194906224962323904e-03
3.151632682420313532e-03
3.185707815282512369e-03
3.188070224132388743e-03
3.216132924717385148e-03
3.265874370845267462e-03
3.298610794445266947e-03
3.349221788812428886e-03
3.373372802889207291e-03
3.451228406629524952e-03
3.457192079804371869e-03
3.489162769255926833e-03
3.536460988834733230e-03
3.601908556447597221e-03
3.629928214650135487e-03
3.681538645469118083e-03
3.708915760944364506e-03
3.765621109050698405e-03
3.844117622793419460e-03
3.873122499499004334e-03
3.903568407986313191e-03
3.916546586697222838e-03
3.975768129748757929e-03
3.999902968644164503e-03
4.057012444536667491e-03
4.084266888094134282e-03
4.122327954974025488e-03
4.149154147307853799e-03
4.201252492202911179e-03
4.211496590869501233e-03
4.251476685749366706e-03
4.268916076398454607e-03
4.312217688129749496e-03
4.299623555561992924e-03
4.371812296449206423e-03
4.376950483128893774e-03
4.447362029168289155e-03
4.525129367539193655e-03
4.642443879856727844e-03
4.748490899510215621e-03
4.805109890003223146e-03
4.873682379547971885e-03
4.910503243445418428e-03
4.932636498415377338e-03
4.974090064933989197e-03
4.991842657909728240e-03
4.991447816428263087e-03
5.003889635554514478e-03
4.970694724761415273e-03
4.961942363297566945e-03
4.958020082267466759e-03
4.980233233072795147e-03
5.022463186469395061e-03
5.019511099089868193e-03
5.039217587909661407e-03
5.061285078409127718e-03
5.072613879747223109e-03
5.072541862318757921e-03
5.078840776695870210e-03
5.090935817861463875e-03
5.098596772586461330e-03
5.102703224110882729e-03
5.111871866392903203e-03
5.110752464679535825e-03
5.124404690286609929e-03
5.116282006201800132e-03
5.126705678412691106e-03
5.114476734888739884e-03
5.132066679652780468e-03
5.131721385987475167e-03
5.125486983160953969e-03
5.135740149125922298e-03
5.142361378239002426e-03
5.144064110936596990e-03
5.141522524354513735e-03
5.146411516761872917e-03
5.144676238705870111e-03
5.146307742688804691e-03
5.145039611670653920e-03
5.145723301393445408e-03
5.149580961733591158e-03
5.152343373629264880e-03
5.157673559733666306e-03
5.153088551014661962e-03
5.152407962305005987e-03
5.153700671507976602e-03
5.153118488669861455e-03
5.157347262138500636e-03
5.160410035750828336e-03
5.156450576032511543e-03
5.150853391387500042e-03
5.157299571146722536e-03
5.162284766265656452e-03
5.158707960799801921e-03
5.159629449190105896e-03
5.166310713684651654e-03
5.161819692875724459e-03
5.159491677477490330e-03
5.156440366408787841e-03
5.161842165398411800e-03
5.158084275899454604e-03
5.157633993076160377e-03
5.157631715701427137e-03
5.163696149247698139e-03
5.167186050675809730e-03
5.168157631123904486e-03
5.175858973234426404e-03
5.185116860957350582e-03
5.212094081798568368e-03
5.238076848036144276e-03
5.263946480408776378e-03
5.272567408974282097e-03
5.280760274035856301e-03
5.288722558179870421e-03
5.291329644387587558e-03
5.291671899612993002e-03
5.301619743113406349e-03
5.298876525193918843e-03
5.302618256246205072e-03
5.303147091763093894e-03
5.302987656614277165e-03
5.304123002861160958e-03
5.302714782010298569e-03
5.302119880798272962e-03
5.304588038416113878e-03
5.300906671618576919e-03
5.306763395492452955e-03
5.308157466060947627e-03
5.306293252215254878e-03
5.307496456953231419e-03
5.309297662461176341e-03
5.312288200366310428e-03
5.307147708663251251e-03
5.309672615840099925e-03
5.314870162692386657e-03
5.310036327864508729e-03
5.308018968207761645e-03
5.311389151029288595e-03
5.313492169079836458e-03
5.311691301176324660e-03
5.315592027909587895e-03
5.313325540919322174e-03
5.314744662609882479e-03
5.314492943580262189e-03
5.318061665457207363e-03
5.317740591999608676e-03
5.312725830299314458e-03
5.312819669779855584e-03
5.313484287762548428e-03
5.312197229068260293e-03
5.317715858109295195e-03
5.315932171652093356e-03
5.315185907238628889e-03
5.315158316807355905e-03
5.314432535669766366e-03
5.314572626957669854e-03
5.315037668333388518e-03
5.314866754633840347e-03
5.316143174422904676e-03
5.315258678456303079e-03
5.312069877982139240e-03
5.316596916236449380e-03
5.319576823967509145e-03
5.314354930305853486e-03
5.313417594879865820e-03
5.314467253629118378e-03
5.315725445689168174e-03
5.315988713118713176e-03
5.313322345318738545e-03
5.313161997764837170e-03
5.313612433383241296e-03
5.313339331769384791e-03
5.313615770137403334e-03
5.316762063011992376e-03
5.314511847973335708e-03
5.313079399638809090e-03
5.313782063603866498e-03
5.312907822371926159e-03
5.314651071967091238e-03
5.313982121879235083e-03
5.313011015823576252e-03
5.313364700123201709e-03
5.311888828873634512e-03
5.311601006542332644e-03
5.311001370137092073e-03
5.317551731423009187e-03
5.313805137120652944e-03
5.313661393302027136e-03
5.317986696900334556e-03
5.314550816547125404e-03
5.318580572202335696e-03
5.319524083461146802e-03
5.316429864615201603e-03
5.312796923681162645e-03
5.316667689476162542e-03
5.312464517191983933e-03
5.315991153474896799e-03
5.315252776199486107e-03
5.313548087724484330e-03
5.313735670642927462e-03
5.312756505736615856e-03
5.317832251603249287e-03
5.316603452956769789e-03
5.314305918000172477e-03
5.314305025967769672e-03
5.320265718910377646e-03
5.319278451497666711e-03
5.315377539955079382e-03
5.316273884091060609e-03
5.314408233971334994e-03
5.316689571191091264e-03
5.315278979833237653e-03
5.320288553775753826e-03
5.314719214220530938e-03
5.317520734388380896e-03
5.315602247719652951e-03
5.314337258460000504e-03
5.317056924104690899e-03
5.317531334003433759e-03
5.315794820489827543e-03
5.316884924832265477e-03
5.314964533317834486e-03
5.315754059120081018e-03
5.314467733842320914e-03
5.317902796377893537e-03
5.314329045359045094e-03
5.311801303469110627e-03
5.311892848112620413e-03
5.317073351761791855e-03
5.315062253794166844e-03
5.313104666129220277e-03
5.311647926282603641e-03
5.313585697149392044e-03
5.309429064800497491e-03
5.312824295833707203e-03
5.314495846687350249e-03
5.319132673321291804e-03
5.318678377079777420e-03
5.320741259492933577e-03
5.316929763648658817e-03
5.319110276468563478e-03
5.317758141609374087e-03
5.318211470148525785e-03
5.318537043058313776e-03
5.315495733520947050e-03
5.315330464509315615e-03
5.312939004215877677e-03
5.314623331651091229e-03
5.317547742743044745e-03
5.314965244906488806e-03
5.316416702407877545e-03
5.315599656023550432e-03
5.316485285584348838e-03
5.312792106997222055e-03
5.315949459327384656e-03
5.316813789249863476e-03
5.318010158953256558e-03
5.318363616243004972e-03
5.314981947594788099e-03
5.316819406289141625e-03
5.318390880711376320e-03
5.320749759266618813e-03
5.318347403954248702e-03
5.313763728190678756e-03
5.317222337180282747e-03
5.315578503359574998e-03
5.317470525915269156e-03
5.317567216116004039e-03
5.315285392862278621e-03
5.318702738441061575e-03
5.315043550217524518e-03
5.317936043138615614e-03
5.315752231399528856e-03
5.322304934088606734e-03
5.319505967781879355e-03
5.320766325166914439e-03
5.316429972299374813e-03
5.316677708469797273e-03
5.316658275842200791e-03
5.317312793340534145e-03
5.317234384710900832e-03
5.322984739905223250e-03
5.316330589994322682e-03
5.318885215092450554e-03
5.315253144362941558e-03
5.318927533517125647e-03
5.316358228446916093e-03
5.316794270765967494e-03
5.318331482703797866e-03
5.319472828705329621e-03
5.316769225464668472e-03
5.316235002828762282e-03
5.316548336122650480e-03
5.316856071294751365e-03
5.315853108186274767e-03
5.315946458722464740e-03
5.319116960163228040e-03
5.314592321519739579e-03
5.317003517120610923e-03
5.316238902742043484e-03
5.317555509100202818e-03
5.320429294079076846e-03
5.315966850321274424e-03
5.313069766270927911e-03
5.311603678273968052e-03
5.316104953817557370e-03
5.316032831615302712e-03
5.317818783805705433e-03
5.311585130402818496e-03
5.315204696671571583e-03
5.315653805155307055e-03
5.313862510956823652e-03
5.316264292923733245e-03
5.317013246531132956e-03
5.312718391360249023e-03
5.317203277081716459e-03
5.314091290347278292e-03
5.314788811665494342e-03
5.314629094209521662e-03
5.316493721329607416e-03
5.314874152827542102e-03
5.316747428150847381e-03
5.318587490182835782e-03
5.314601799182127988e-03
5.314734829880762845e-03
5.317729749367572541e-03
5.314914997143205255e-03
5.313252688210923225e-03
5.318551363598089492e-03
5.312662481446750636e-03
5.313008614757563572e-03
5.318169429665431033e-03
5.317157345416489989e-03
5.316058087919373412e-03
5.315840950061101466e-03
5.308596242684870958e-03
5.316573286836501384e-03
5.316190543817355882e-03
5.314076738432049925e-03
5.317022958479356021e-03
5.316201338428072458e-03
5.312145444622729147e-03
5.314794383593834937e-03
5.313478247262537653e-03
5.309635782032274057e-03
5.312820374092553158e-03
5.312938167480752046e-03
5.316762829897925605e-03
5.315114304539747710e-03
5.316329724155366594e-03
5.312248271366115659e-03
5.314212881785351783e-03
5.311164466547779739e-03
5.311241712479386652e-03
5.313531735737342387e-03
5.316656929790042167e-03
5.316143538220785385e-03
5.315083166351541877e-03
5.312100563605781992e-03
5.306907529302407056e-03
5.311033417819998811e-03
5.312536891142372215e-03
5.310368753271177411e-03
5.309324596601073046e-03
5.310381244635209094e-03
5.310808103240560393e-03
5.310879611351992588e-03
5.314348184037953268e-03
5.308303252968471150e-03
5.311341646302025592e-03
5.311581154819578279e-03
5.308252853865269572e-03
5.307368439389392734e-03
5.310611121240071605e-03
5.309117704746313740e-03
5.311135825468227441e-03
5.309917693375609468e-03
5.311975631047971720e-03
5.312831469927914788e-03
5.313456001749728222e-03
5.315782738034613257e-03
5.310189677402377129e-03
5.309213198779616158e-03
5.310287640895694494e-03
5.311329949472564857e-03
5.313602698151953518e-03
5.312542847241275359e-03
5.313663709966931319e-03
5.314630741486326207e-03
5.312627159582916647e-03
5.316173203755170280e-03
5.316730406775604934e-03
5.315311826416290950e-03
5.315209823311306710e-03
5.313121245126240129e-03
5.316330240748357201e-03
5.315757713105995208e-03
5.309053637029137115e-03
5.310760173597372895e-03
5.308463724213651966e-03
5.309288804710377008e-03
5.313439077872317631e-03
5.312628205865621220e-03
5.310746293980627905e-03
5.310197694052476089e-03
5.310260906117037112e-03
5.310767520859372218e-03
5.311470803280826831e-03
5.309489081264473151e-03
5.313582014059648265e-03
5.311550384794827898e-03
5.310461604676674878e-03
5.311685238848440176e-03
5.312080129806417625e-03
5.314807430841029037e-03
5.311232058738823633e-03
5.312244121159892703e-03
5.314935305796098311e-03
5.312245483219157557e-03
5.314168184122535984e-03
5.315095315745565693e-03
5.315698504273313856e-03
5.313523825316223900e-03
5.312660007621161813e-03
5.313727600150741463e-03
5.312792072072624987e-03
5.310151449521072209e-03
5.312509670329745685e-03
5.318805050046648483e-03
5.318928066117223352e-03
5.315730384609196335e-03
5.314753306447528129e-03
5.315518175484612931e-03
5.313020116591360593e-03
5.315817642258480365e-03
5.315773400070611387e-03
5.312633991707116365e-03
5.318065131723415453e-03
5.316094339650590146e-03
5.314653590903617615e-03
5.312712627346627588e-03
5.317230190848931323e-03
5.316664202837273479e-03
5.312858994875569243e-03
5.312411580234766006e-03
5.310679855756461794e-03
5.315187609812710608e-03
5.312383919954299753e-03
5.314412720326800073e-03
5.317923071561381394e-03
5.312903593585360448e-03
5.310672540508676667e-03
5.314456565247383142e-03
5.313851298706140196e-03
5.309778638184070934e-03
5.309922079322859818e-03
5.310875173017847936e-03
5.306014904635958547e-03
5.314853742311243315e-03
5.312317841162439609e-03
5.307558336062357177e-03
5.313919673790223550e-03
5.307871903642080898e-03
5.310860573081300010e-03
5.308094740030355752e-03
5.313019188179168850e-03
5.317137618840206068e-03
5.310216656653210521e-03
5.306286484119482685e-03
5.312291090376675129e-03
5.310454974824097354e-03
5.310752047807909722e-03
5.308340939518529748e-03
5.310716922394931316e-03
5.314940033713355660e-03
5.307434513815679003e-03
5.305922018305864012e-03
5.315602186601609165e-03
5.311561626149341811e-03
5.310598402866162013e-03
5.313823241158388902e-03
5.310937525064218616e-03
5.316865189524832939e-03
5.317188097978942270e-03
5.314698554866481399e-03
5.311967321904376323e-03
5.312604243226814842e-03
5.313035343715455210e-03
5.313245742581784552e-03
5.310836654098238449e-03
5.310641683172434915e-03
5.314063814876135265e-03
5.309281466179527169e-03
5.309289759316016336e-03
5.316433883854188372e-03
5.315340244851540948e-03
5.311182013247162277e-03
5.312241869978607048e-03
5.315570624952669840e-03
5.312274162133689796e-03
5.311168039042968303e-03
5.311653818353079259e-03
5.314592219656332980e-03
5.316655142814851950e-03
5.314521268883254206e-03
5.311323987552895969e-03
5.316570647119078438e-03
5.314900903613306582e-03
5.314354537404142320e-03
5.311877321219071746e-03
5.316075099108275373e-03
5.312564072664826935e-03
5.315095795958768229e-03
5.311401472135912280e-03
5.313033409765921707e-03
5.312637661700136786e-03
5.314435012405738061e-03
5.313386340276338160e-03
5.306246202962938696e-03
5.311950128816534007e-03
5.311956652440131058e-03
5.311765825899783869e-03
5.311238302965648472e-03
5.309523281175643553e-03
5.312806625443045223e-03
5.315568741934839636e-03
5.311478790827095335e-03
5.312123951443936849e-03
5.312024275190197278e-03
5.310215515783056964e-03
5.308783546206541012e-03
5.309698487690184092e-03
5.307265225565060800e-03
5.308306550432462245e-03
5.308603656885679811e-03
5.307393241673707615e-03
5.310509909759275442e-03
5.307713104411959475e-03
5.315441415586974298e-03
5.313251643383409654e-03
5.312729171419050371e-03
5.314589354384224862e-03
5.307933226868044238e-03
5.310367712809238583e-03
5.314567084133159716e-03
5.310966998513322671e-03
5.312458820117172027e-03
5.310593749163672675e-03
5.308603859157301139e-03
5.308936379151418805e-03
5.309598689200356950e-03
5.314284561609383846e-03
5.311401998915244241e-03
5.310520900820847601e-03
5.312968502403236579e-03
5.315782738034613257e-03
5.313784586905967618e-03
5.314630978682543735e-03
5.312030308414250439e-03
5.309298855718225067e-03
5.317834374727681626e-03
5.310983702656812966e-03
5.310359677241649652e-03
5.310296481184195727e-03
5.309545266209169875e-03
5.308758646424394274e-03
5.314876658667344253e-03
5.313251567713450640e-03
5.308955813234206289e-03
5.312524455075617706e-03
5.309396988013759429e-03
5.313075483718421657e-03
5.309420559206046511e-03
5.312018752738368113e-03
5.311013820755760943e-03
5.306453528464771981e-03
5.306186647794674735e-03
5.311372723372187639e-03
5.308246152708306909e-03
5.311001006339211364e-03
5.310314611415378402e-03
5.308732679986860256e-03
5.309714842587709774e-03
5.310918210307135831e-03
5.309040965221356947e-03
5.309374730859417642e-03
5.311817581241484558e-03
5.311052431352436543e-03
5.308275579591281539e-03
5.308527780289296234e-03
5.307789874495938594e-03
5.306517901772167534e-03
5.311549347243271942e-03
5.310806691704783242e-03
5.312043502635787826e-03
