5.471070355270058350e-04
5.605765163636533543e-04
5.638889238980482549e-04
5.786292318589403511e-04
5.912073529543704353e-04
5.998504220769973472e-04
6.054295858120894774e-04
6.265077401621966125e-04
6.271457856200868481e-04
6.428408365536597774e-04
6.575401168447570378e-04
6.550163974679889872e-04
6.743424457454239452e-04
6.833647974417544468e-04
6.949575563339749351e-04
7.021770448773168244e-04
7.177272736953455023e-04
7.322073452087352052e-04
7.386723069430445538e-04
7.491366146496148066e-04
7.643391347301076600e-04
7.838344343326752572e-04
8.100992510662763813e-04
8.293242617583018728e-04
8.400358481594593762e-04
8.454815406366833486e-04
8.300813929963624322e-04
8.194330270271166011e-04
8.141221753248828897e-04
8.132971715895109810e-04
8.092989743090584160e-04
8.165823226590873240e-04
8.128298226438346102e-04
8.235864139351179109e-04
8.345932745214667669e-04
8.349708186869975179e-04
8.438492530331131568e-04
8.502162430886528238e-04
8.543675206965417384e-04
8.584711187722860338e-04
8.566775073632016064e-04
8.661167283207759759e-04
8.675457416757126556e-04
8.668305632454576188e-04
8.686642466273041940e-04
8.646065200082376102e-04
8.688197529409080310e-04
8.506585780196473500e-04
8.479140113195171146e-04
8.461398540021037185e-04
8.431580145042971708e-04
8.462946025247219950e-04
8.607827798186917572e-04
8.655603034640080729e-04
8.718479306480730667e-04
8.747317524466780014e-04
8.754181584663456089e-04
8.856086100422544188e-04
8.946546737206517936e-04
9.031941826833644882e-04
9.085147607038379430e-04
9.124765892920549959e-04
9.212332763127051728e-04
9.204963545926148506e-04
9.244811046301038438e-04
9.265136412068386128e-04
9.287366601711255498e-04
9.288082215789472901e-04
9.269548805605154701e-04
9.288051258408813304e-04
9.343045059722499424e-04
9.323050921011599495e-04
9.344973670522449972e-04
9.345801401650533514e-04
9.325266084488248886e-04
9.319743174273753105e-04
9.336965616967063180e-04
9.363369297716416916e-04
9.378611826832639270e-04
9.372301719849929214e-04
9.340217045973985954e-04
9.363636203488567627e-04
9.338119049061788463e-04
9.367471466248389333e-04
9.324071437731617845e-04
9.384616001625545540e-04
9.375953895869315602e-04
9.362119519209955321e-04
9.376330313898506791e-04
9.406748056790092526e-04
9.409010179297183207e-04
9.415932148840511001e-04
9.404946915310575129e-04
9.406184748513623855e-04
9.408702630025800101e-04
9.425362452020636262e-04
9.411001788976136812e-04
9.405450167832895897e-04
9.412450428499142142e-04
9.396793453561258719e-04
9.401961322510032481e-04
9.402957493875874206e-04
9.381340230902423648e-04
9.397298850672086918e-04
9.382915039168437509e-04
9.372129930852679753e-04
9.369798808620544150e-04
9.371946101964567571e-04
9.345401977043366060e-04
9.358882296510273157e-04
9.366551425046054430e-04
9.359792853501858407e-04
9.348340736323734745e-04
9.392707557708490857e-04
9.359510502690681754e-04
9.363460871099959842e-04
9.379921331856167378e-04
9.373732078529428908e-04
9.375558640385861942e-04
9.341013921584818015e-04
9.311545505624963187e-04
9.298125340137630267e-04
9.307585227361414365e-04
9.322564896137919060e-04
9.323674845290952579e-04
9.317969239418744326e-04
9.337422925455030054e-04
9.339916465251008265e-04
9.343139397969934656e-04
9.309864808528800495e-04
9.292529968661256568e-04
9.345646540168672800e-04
9.372508175147231668e-04
9.326271680038189732e-04
9.350209158583311798e-04
9.366683241751160970e-04
9.351367440103786283e-04
9.334078611573203964e-04
9.327491557996836708e-04
9.294386432884494060e-04
9.294657145801465525e-04
9.289135705330409110e-04
9.298238106566714340e-04
9.284048072004224671e-04
9.306736450525931797e-04
9.301320329541340687e-04
9.283421120926504521e-04
9.279249350583995259e-04
9.304010993218981163e-04
9.290346362831769945e-04
9.294635408878093152e-04
9.327575950010214218e-04
9.338158335594926463e-04
9.343744577563484199e-04
9.356270642456365532e-04
9.347679417260224433e-04
9.345646947622298761e-04
9.338408061012159599e-04
9.327501789812231653e-04
9.344129754026653462e-04
9.321816582087194330e-04
9.313187454608850679e-04
9.348983901872997670e-04
9.354298637845204645e-04
9.343256910142372145e-04
9.408204270584974872e-04
9.367549278977094435e-04
9.387805461301468096e-04
9.361797492601908743e-04
9.385384782945038751e-04
9.396480683790287437e-04
9.367083666802500375e-04
9.364445333631011160e-04
9.382853884744690297e-04
9.364620967971859283e-04
9.377648986628628770e-04
9.328173193352995874e-04
9.347606934170471721e-04
9.340040305687580258e-04
9.396717097843066292e-04
9.346251590613974258e-04
9.347274117317283526e-04
9.370607618620852225e-04
9.358339188111130863e-04
9.326831826911074824e-04
9.324937320343452008e-04
9.331090317573398135e-04
9.329950709798140885e-04
9.312742389738559506e-04
9.291203081374987743e-04
9.269269543437985487e-04
9.320924040366662449e-04
9.282712648200685873e-04
9.296139900470734357e-04
9.317439024016493498e-04
9.322863104898714958e-04
9.353311954328092249e-04
9.346387174446135976e-04
9.311666148278163529e-04
9.360573621961520985e-04
9.345302940346300168e-04
9.352802098874235526e-04
9.374609508085995913e-04
9.391962204972515316e-04
9.369628900458337522e-04
9.369721363327698348e-04
9.412301405973266810e-04
9.389110859046922780e-04
9.434094388780067241e-04
9.463226324442075565e-04
9.500871881755301295e-04
9.528857055556728007e-04
9.492197355939424814e-04
9.579743647918804051e-04
9.602416346751851527e-04
9.720815782202407501e-04
9.701163013232872107e-04
9.715358253743033422e-04
9.755027276696637273e-04
9.824388809647644372e-04
9.816149215112091476e-04
9.703068963062833063e-04
9.762847981619416022e-04
9.731941663631005213e-04
9.650276933825807646e-04
9.547186240524751849e-04
9.593483388016466268e-04
9.525660294457338967e-04
9.513058477750746967e-04
9.482177907557343350e-04
9.455483897909289660e-04
9.444357387110357887e-04
9.447505126445321366e-04
9.451511083170771816e-04
9.437347240236704455e-04
9.418628484127111950e-04
9.406016881257528873e-04
9.385658131577656604e-04
9.420619458978763067e-04
9.434311916265869947e-04
9.385295241372659369e-04
9.399816353834467009e-04
9.374698198371334218e-04
9.356067192129557519e-04
9.431580148884677762e-04
9.352454178952029473e-04
9.385707067849580415e-04
9.359454363220720986e-04
9.333117091955500872e-04
9.306283831392647482e-04
9.263169728001230613e-04
9.247746962500969165e-04
9.221417763910722204e-04
9.206080587318866016e-04
9.108177155212615617e-04
9.094240991544211500e-04
8.954257220466388823e-04
8.881670615664916330e-04
8.778692537816823894e-04
8.698054838532698124e-04
8.623628245914005674e-04
8.609010696090990461e-04
8.542333778677857047e-04
8.549068446882301725e-04
8.519940603946452463e-04
8.506884336384245909e-04
8.501316806359682232e-04
8.478533380184671408e-04
8.482917477522277988e-04
8.466356022836408080e-04
8.476910797980963252e-04
8.494181127389310425e-04
8.478956407998339707e-04
8.479664073092862530e-04
8.453737857053056793e-04
8.445498368018888435e-04
8.443762291790335873e-04
8.435122881564893760e-04
8.452229161775903559e-04
8.415760208663414449e-04
8.422807204624405131e-04
8.415281492489157678e-04
8.451027086266548870e-04
8.440996223725960156e-04
8.426249098192784438e-04
8.442554773864685991e-04
8.465864268146106476e-04
8.495861600749776265e-04
8.489918693157961094e-04
8.490965343298739971e-04
8.495712689182254983e-04
8.483425381200504489e-04
8.509267519912100831e-04
8.536826650015427948e-04
8.497770730173214836e-04
8.517262000168557496e-04
8.526619887561537759e-04
8.530108036211459400e-04
8.539102644135709418e-04
8.541094866814091802e-04
8.542808560378034816e-04
8.534858267012168870e-04
8.537522211554460011e-04
8.536865669157122759e-04
8.540625471141538366e-04
8.541708129996550269e-04
8.525334194928290820e-04
8.535290564395836988e-04
8.535044424206716506e-04
8.540263830582262234e-04
8.550972575903870382e-04
8.550238102543516799e-04
8.555361499020363702e-04
8.544536982299178124e-04
8.550411899705068425e-04
8.554602212825557000e-04
8.543063464458100715e-04
8.556024940844508819e-04
8.533901902410434993e-04
8.541206647350918285e-04
8.551978164177854048e-04
8.554817934054881768e-04
8.547529178031254560e-04
8.543725189156248234e-04
8.539036878573824218e-04
8.534150778359616890e-04
8.535906756151235165e-04
8.533018919479218745e-04
8.540411685316939621e-04
8.534599515769514472e-04
8.532994579582009465e-04
8.535724919056519866e-04
8.538828504242701022e-04
8.530850973329506814e-04
8.525030063537997627e-04
8.500450594510766678e-04
8.531015377229777879e-04
8.537105986761162058e-04
8.526070179868839184e-04
8.505233194227912246e-04
8.518123462636139958e-04
8.499968003889080354e-04
8.511876541888341741e-04
8.524921664502471902e-04
8.518220021869638437e-04
8.544849244572106251e-04
8.538438138202764311e-04
8.553558645871817134e-04
8.531765648513101258e-04
8.539610742445801882e-04
8.543066081983851983e-04
8.507348662533331879e-04
8.515616424119798683e-04
8.498080276694963252e-04
8.540544085917645134e-04
8.532315319826011763e-04
8.538478556147311100e-04
8.521320178260793909e-04
8.499398434651083811e-04
8.516922114722546688e-04
8.506500320436316325e-04
8.528642822057009177e-04
8.502226564814918675e-04
8.517247577401576130e-04
8.503817889504716732e-04
8.499684623529901945e-04
8.518970169461681074e-04
8.496044758430798972e-04
8.488644372846465991e-04
8.526782554326928438e-04
8.510355988619267226e-04
8.513847240465110666e-04
8.516082527421531701e-04
8.490551799695822410e-04
8.496185761032393419e-04
8.506613088684389151e-04
8.513461636539432654e-04
8.523854790837504187e-04
8.520864943420747078e-04
8.515320289006922828e-04
8.543551211914746091e-04
8.544735443138051995e-04
8.522228228684980856e-04
8.522439602529630065e-04
8.520934054104146050e-04
8.528001508238958195e-04
8.525273417035351010e-04
8.533843880286440470e-04
8.527140562364365906e-04
8.536391977031598365e-04
8.529058159183477983e-04
8.537215171600109898e-04
8.511071595421526364e-04
8.527597858119407171e-04
8.517053647665306926e-04
8.510572737577603913e-04
8.500803613060270002e-04
8.536916482626110813e-04
8.537455814803251997e-04
8.511284202540991394e-04
8.516949468685197427e-04
8.525011227902723910e-04
8.514352139172842726e-04
8.520508257788605771e-04
8.478537392875296064e-04
8.479612626615562910e-04
8.489127963912324265e-04
8.500455571265775213e-04
8.481609836962888515e-04
8.489648074828437313e-04
8.468491661915323199e-04
8.502231275997473858e-04
8.520391516867676035e-04
8.462605544991674399e-04
8.498246323142665936e-04
8.481806762574706227e-04
8.517222999216755635e-04
8.498146831698250242e-04
8.504747436745673916e-04
8.493614428516593979e-04
8.510844016200280315e-04
8.499188725181738846e-04
8.490363026794512259e-04
8.498666325976955921e-04
8.504362847816082215e-04
8.502628985297633552e-04
8.489032530633267232e-04
8.489732505040592731e-04
8.509331999448476857e-04
8.515206631273031018e-04
8.504757519403937987e-04
8.502674318151548505e-04
8.481472232233500108e-04
8.495939066051505940e-04
8.488564009894617336e-04
8.462326773951645226e-04
8.469304464597370973e-04
8.469571188470581330e-04
8.456618643322144635e-04
8.461319792331778011e-04
8.454310398519737212e-04
8.444441333267605149e-04
8.446395650025806390e-04
8.435735142484190440e-04
8.461711533527705321e-04
8.435675632426864684e-04
8.464772217848803848e-04
8.429397132204031074e-04
8.441680474788881838e-04
8.451434872768004208e-04
8.470158662021276107e-04
8.450167519185924686e-04
8.447669093584409200e-04
8.423341625530156741e-04
8.447004767731414610e-04
8.416705753916175819e-04
8.392109984924900346e-04
8.418202880420722501e-04
8.373318298254162507e-04
8.386580544538446919e-04
8.401063483688631312e-04
8.380063951335614764e-04
8.420585962085169306e-04
8.387584617594257214e-04
8.375646981221507520e-04
8.374551245651673959e-04
8.353206607353058427e-04
8.384882254176773348e-04
8.348462017238489786e-04
8.352222406756481870e-04
8.349663356057134955e-04
8.354787996722734533e-04
8.349903489943244061e-04
8.323318808834301741e-04
8.319518146890914068e-04
8.304427350594778328e-04
8.300347742988378307e-04
8.257507341113523146e-04
8.273030534837744199e-04
8.278072144094039252e-04
8.299543751491000876e-04
8.295218705825391659e-04
8.309534494401304549e-04
8.300182194943772846e-04
8.325440659973537983e-04
8.344299412783584557e-04
8.317466366861481003e-04
8.343076544406358586e-04
8.333553520060377412e-04
8.325565024279058413e-04
8.326760305862989774e-04
8.326077107994933396e-04
8.313291345984907821e-04
8.328460511620505496e-04
8.350049554792348793e-04
8.343298835825407661e-04
8.362534448679070703e-04
8.346221256942953914e-04
8.356379643373656801e-04
8.353638029802823006e-04
8.369860483071533746e-04
8.358414699614514099e-04
8.378715678190928667e-04
8.394888916882336637e-04
8.380952735024038485e-04
8.374824312340934263e-04
8.387007055716821924e-04
8.391189434405532449e-04
8.390799477638211535e-04
8.394594915444031358e-04
8.378554077353328900e-04
8.388765303607214957e-04
8.381725883737090044e-04
8.387545491132186943e-04
8.394797026994637928e-04
8.389616898057284267e-04
8.390357907046563923e-04
8.386929357584449463e-04
8.392075702431611934e-04
8.399647536862176129e-04
8.394188931561075368e-04
8.396805129450513267e-04
8.397355253691784821e-04
8.403975291003007875e-04
8.406258702962077223e-04
8.397566843996173702e-04
8.400166738283587403e-04
8.400658738537458486e-04
8.408979763771639703e-04
8.391153442062204704e-04
8.399582060519605658e-04
8.409259144173120148e-04
8.396697778152884418e-04
8.396131399422302344e-04
8.389163678657496782e-04
8.393894035179982676e-04
8.393196043471107043e-04
8.386243602217291265e-04
8.389667922529042482e-04
8.378100181289482428e-04
8.388310798181919381e-04
8.381685387575998685e-04
8.389926117160940045e-04
8.365943400349351794e-04
8.391204875806579800e-04
8.386402001633541875e-04
8.383662052438012324e-04
8.380270965062663890e-04
8.378293663554359011e-04
8.390871334995608777e-04
8.401154604143812104e-04
8.405786566072492860e-04
8.401464159760507538e-04
8.390606904868036725e-04
8.389349464778206528e-04
8.389667724259197929e-04
8.376637684705201753e-04
8.371751069716993005e-04
8.394707883780938573e-04
8.394067472181632183e-04
8.381194071262143769e-04
8.374490040296223231e-04
8.362560978639521419e-04
8.382190064367023730e-04
8.368277689442038319e-04
8.375443636396085129e-04
8.377372318136621981e-04
8.374475743039511361e-04
8.360898551472928592e-04
8.373227719857823104e-04
8.383014985156478794e-04
8.363418866792926998e-04
8.378997214094852314e-04
8.409672716879867515e-04
8.391194343857933269e-04
8.391980949454591393e-04
8.391525765546248078e-04
8.391763039981015027e-04
8.400174530834192844e-04
8.395262140766135851e-04
8.383611524550360411e-04
8.371610336325829415e-04
8.387653042518650182e-04
8.386095098103397028e-04
8.386778634303481816e-04
8.385048286072560586e-04
8.394956254051067152e-04
8.359915487744729251e-04
8.375477904337458096e-04
8.368903514565318108e-04
8.367141057533444620e-04
8.371277388505404381e-04
8.370677605853416026e-04
8.370071644094422957e-04
8.374902155992459008e-04
8.378012224056873968e-04
8.372218899239669554e-04
8.370194515009643727e-04
8.379787668673088774e-04
8.386188939766725959e-04
