1.503128165245056209e+02
8.103834924697875408e+01
4.825672266483307027e+01
3.049796773791313242e+01
2.068722853958606578e+01
1.574511899054050446e+01
1.258226003646850621e+01
1.094982351064681936e+01
9.750312525033951516e+00
8.663025215268135071e+00
8.000119501352310536e+00
7.548332712054252269e+00
6.851060141623020350e+00
6.238759635388850811e+00
5.893236534297466633e+00
5.283162787556648254e+00
4.975239893794059398e+00
4.632998370379209696e+00
4.228486350178718212e+00
3.962510821223259150e+00
3.627176395803689779e+00
3.389118093252181829e+00
3.228255953639745712e+00
2.990886008739471524e+00
2.786851873248815448e+00
2.556750759482383728e+00
2.418751081079244525e+00
2.273955292254686178e+00
2.159282229840755463e+00
2.026491793617606341e+00
1.930765828117728233e+00
1.782767444849014282e+00
1.742242353782057718e+00
1.674452654272317931e+00
1.592613969743251756e+00
1.511328241974115416e+00
1.469265734031796500e+00
1.375669388473033994e+00
1.336869664862752050e+00
1.249458870291709989e+00
1.208402270823717206e+00
1.154401093721389771e+00
1.119053497537970454e+00
1.074751186370849654e+00
1.038289450854062990e+00
1.005753043666481883e+00
9.964712612330913766e-01
9.588274801149964111e-01
9.242046387866139634e-01
9.023527137935161146e-01
9.000720787793398125e-01
8.774636363610625045e-01
8.639897031709551367e-01
8.812082013115286605e-01
8.694814877584576829e-01
8.562962315976619943e-01
8.347116749733686225e-01
8.544824512675404105e-01
8.370526980608701262e-01
8.241013443097472413e-01
8.273690937086939368e-01
8.293327448889613596e-01
8.232818551361560377e-01
8.150536693632602914e-01
8.175735412165522353e-01
8.297314262017607689e-01
8.234076652675866859e-01
8.077556740492581877e-01
8.107662893831729667e-01
8.019576014950871024e-01
7.907231157645583375e-01
7.756389224901795165e-01
7.665181348100305048e-01
7.618721891194581985e-01
7.588913353160023911e-01
7.502712059766054598e-01
7.612210603430866751e-01
7.595356004312634468e-01
7.654609438031911850e-01
7.394519029185175896e-01
7.398367432877421823e-01
7.337089788168669191e-01
7.544845949858427492e-01
7.054200248792767969e-01
7.083201324567198753e-01
6.986215827986598237e-01
7.115833448246121629e-01
6.992671784013509972e-01
6.974961550906300101e-01
6.952496271580457243e-01
7.092857653275131957e-01
7.034739058464765105e-01
6.873387549072503822e-01
6.886107150465250459e-01
6.971688915044069734e-01
6.858797634020448175e-01
6.852623069658875243e-01
7.027304137125611749e-01
6.969419235363603082e-01
6.944780675694346428e-01
6.924871858209371567e-01
6.996323263272643533e-01
6.830570293590426667e-01
6.816137373447418435e-01
6.973260732367634329e-01
6.855863288044929948e-01
6.837139697745442390e-01
6.866556799039245096e-01
6.829693891108036263e-01
6.933344062417745590e-01
6.807716501876711623e-01
6.826153084635734336e-01
6.925308007746935335e-01
6.729186683893203513e-01
6.766490237787365913e-01
6.579543914645910041e-01
6.673857575282454713e-01
6.474283978343009505e-01
6.428787471726536973e-01
6.353988643735647424e-01
6.311480635777115822e-01
6.274159904569387436e-01
6.186248097568750604e-01
6.334778673946857008e-01
6.131180733442306297e-01
6.126126168295741303e-01
6.064182825386523756e-01
6.082273479551076889e-01
5.943490376695990118e-01
6.093999592587351355e-01
5.933412605896591918e-01
6.095468604937195334e-01
5.914411166682839172e-01
5.890977935865521209e-01
5.942359119653701782e-01
5.889413377270102945e-01
5.917527684941887856e-01
5.913768215104937553e-01
5.915422420948743820e-01
5.981097398325800896e-01
5.934290846809744391e-01
5.950996419414877892e-01
5.953241869807243125e-01
5.865601561963558197e-01
5.874795649200678094e-01
5.924541754648089409e-01
5.878528984263539092e-01
5.908528843894600424e-01
5.886430770158768144e-01
5.887347249314188735e-01
5.845593011006713358e-01
5.910988772287965043e-01
5.835227802395820396e-01
5.853714900091290252e-01
5.852351369336247222e-01
5.842346319928765075e-01
5.938923209905624390e-01
5.933721324428915533e-01
5.873993428424000296e-01
5.807859847322106583e-01
5.865348942577839342e-01
5.898080822080373764e-01
5.832205979153514130e-01
5.907098483294248581e-01
5.853961195796728578e-01
5.839344933629035950e-01
5.863329716026782767e-01
5.830168614163995233e-01
5.827213481068611589e-01
5.844442380592227426e-01
5.904486991465092149e-01
5.847061999142170174e-01
5.846083486452698930e-01
5.922654941678047180e-01
5.807088082656264305e-01
5.826880546286702378e-01
5.827555825933814493e-01
5.816189613193273322e-01
5.861223338171839270e-01
5.879939503967761549e-01
5.863848393782973289e-01
5.909827491268515587e-01
5.878068143501877785e-01
5.845924101769923720e-01
5.849024180322885957e-01
5.899620944634079711e-01
5.867550043389201386e-01
5.853796122595668061e-01
5.898133270442486031e-01
5.887432061135768890e-01
5.853832641616463217e-01
5.839670959860085997e-01
5.888487499207257780e-01
5.865363845601677673e-01
5.824165510013699087e-01
5.817713281139731407e-01
5.870808418840169907e-01
5.821454314514994399e-01
5.807704510167240874e-01
5.853378476575017419e-01
5.844948936253786531e-01
5.866739800199866073e-01
5.855281805619597657e-01
5.851545805111527665e-01
5.934379538521170616e-01
5.858600249513983282e-01
5.876271443441509756e-01
5.834081521257757919e-01
5.891543146222829597e-01
5.865676891058683173e-01
5.846895750612020048e-01
5.811346162110566649e-01
5.836357343941926956e-01
5.811837365850806014e-01
5.809995213523506674e-01
5.844922788441181405e-01
5.808801498264074548e-01
5.878944961354136689e-01
5.793464649468660355e-01
5.799336396157741547e-01
5.790197746828198433e-01
5.775516225025058015e-01
5.808912452310324159e-01
5.829573629423976389e-01
5.798375502228736433e-01
5.770032046362757461e-01
5.797924978658557382e-01
5.896494157612324205e-01
5.811090089380741563e-01
5.807058336213231087e-01
5.835125058889388816e-01
5.793889557942748514e-01
5.805658435449003729e-01
5.810152310878038406e-01
5.783780800178647263e-01
5.780805330723524094e-01
5.794267412275075912e-01
5.797271488234401193e-01
5.779441738501190917e-01
5.858109293505548987e-01
5.833193395286798699e-01
5.862060766667127609e-01
5.818890582770108733e-01
5.784847425296902879e-01
5.775568177923560143e-01
5.771725704893470033e-01
5.768395435065031274e-01
5.850542914122343063e-01
5.812380090355873108e-01
5.815981969237327132e-01
5.831432158127427545e-01
5.768829330801963362e-01
5.790755365043878111e-01
5.791049884632230027e-01
5.812868505716324297e-01
5.799767611548304336e-01
5.815437743440270424e-01
5.787851521745324135e-01
5.774028843268752542e-01
5.787048729136585745e-01
5.793169269338249716e-01
5.830232847481966463e-01
5.803898729383945021e-01
5.796925865113735643e-01
5.794159244745969994e-01
5.811737542971968651e-01
5.777087379246950150e-01
5.880031190812587960e-01
5.833918161690234694e-01
5.804429002106189506e-01
5.818384544923901336e-01
5.788757374510169473e-01
5.797318773344158904e-01
5.809454141184687836e-01
5.847081318497657776e-01
5.843248419463634713e-01
5.755621379241346869e-01
5.790975308045744896e-01
5.784412717446685281e-01
5.831667557358741760e-01
5.755091521888970885e-01
5.794842120259999785e-01
5.755526801571250184e-01
5.729452781379222870e-01
5.733610060065984504e-01
5.736876264214515464e-01
5.737556297332048194e-01
5.772653842344880326e-01
5.707951074466108832e-01
5.742983544245362504e-01
5.707619266584516016e-01
5.749114448204636352e-01
5.740400826558470504e-01
5.762591658160090002e-01
5.717593494802712950e-01
5.712676933035254478e-01
5.777434453368186507e-01
5.738595755770802276e-01
5.776586269959806952e-01
5.756289128214120421e-01
5.719170980155467987e-01
5.756770944222807662e-01
5.737618871033192125e-01
5.750786725431680235e-01
5.710173072293400764e-01
5.745535528287291083e-01
5.714463027194142120e-01
5.729243045672773871e-01
5.715452831238507780e-01
5.721542222425342050e-01
5.749150790274143441e-01
5.837550519034266916e-01
5.724521324038505110e-01
5.720100002363324165e-01
5.717662015929818597e-01
5.751161338761449082e-01
5.739627575501800028e-01
5.729235040023923364e-01
5.753221927210688813e-01
5.740758016705512778e-01
5.728228824213147385e-01
5.764995135366917101e-01
5.741265917196869406e-01
5.723989630118012650e-01
5.687489805743097815e-01
5.724514171481132063e-01
5.690459603443741576e-01
5.711675509810447693e-01
5.659793591126799361e-01
5.692118009552359359e-01
5.726049011573195457e-01
5.713633839040994644e-01
5.671953709796071497e-01
5.715250276029110177e-01
5.676587205380201340e-01
5.696271928027272224e-01
5.691938541829586473e-01
5.685060581192373785e-01
5.708083651959896532e-01
5.686733167618512885e-01
5.712031513452530129e-01
5.692228587344289048e-01
5.747450303286314455e-01
5.678184812888502631e-01
5.688465083017945068e-01
5.685246808454393896e-01
5.680919179692864862e-01
5.679733183234929594e-01
5.725240048021078554e-01
5.740639030933379905e-01
5.689117794856428656e-01
5.688792783766984940e-01
5.776768548414110693e-01
5.690238412469625917e-01
5.707602934911847337e-01
5.788518009707331879e-01
5.678310425952076690e-01
5.674224311485887018e-01
5.678219571709632874e-01
5.734203243628144264e-01
5.689777409657835738e-01
5.700284039601684061e-01
5.717527264729141967e-01
5.710485504940152612e-01
5.732327183708548768e-01
5.663716316223144087e-01
5.686100266873836961e-01
5.719974257051945177e-01
5.696566833183169809e-01
5.680817516520619836e-01
5.690441230311990006e-01
5.680295512080192344e-01
5.691942954435944557e-01
5.702311564236879349e-01
5.701494218781590906e-01
5.689510516822338104e-01
5.688645221292972787e-01
5.683668727055192216e-01
5.689571464434266534e-01
5.696251634508371353e-01
5.706666165962814841e-01
5.711573462933301482e-01
5.672696530818939209e-01
5.689898831769824028e-01
5.707156995311379877e-01
5.698107717558741347e-01
5.719269875437020811e-01
5.685566930100321992e-01
5.686771782115102036e-01
5.662479674443602340e-01
5.647916978225111517e-01
5.666279755532741547e-01
5.693951979279517905e-01
5.651934381574392763e-01
5.673702292144298109e-01
5.647512961179017577e-01
5.681253382936120033e-01
5.618540981784463373e-01
5.667837999761105028e-01
5.648561516776681168e-01
5.626247424632311311e-01
5.660639137029648271e-01
5.639341145753860030e-01
5.615832809358834998e-01
5.705551085993647575e-01
5.652415372431278673e-01
5.640587883070111719e-01
5.631933460012078507e-01
5.684173662215471490e-01
5.636701289564370887e-01
5.657680055126548258e-01
5.687176872044801268e-01
5.653684070333838685e-01
5.632243365049361961e-01
5.672966444864868674e-01
5.651453742757439613e-01
5.627615483477711456e-01
5.638699738308787790e-01
5.621378706768155320e-01
5.627499632537364960e-01
5.663422463461756928e-01
5.654181869700550811e-01
5.601275049149989638e-01
5.675771832466125488e-01
5.638809842988848908e-01
5.642649460583925025e-01
5.642904086038470490e-01
5.662293076515197976e-01
5.650975570082664712e-01
5.641918912529945151e-01
5.626741027459501998e-01
5.642841387540101783e-01
5.634115487337112427e-01
5.649777829647064653e-01
5.630467884242534859e-01
5.631524153053760751e-01
5.641703940927982330e-01
5.652644798159599526e-01
5.653536709025501761e-01
5.639332538470626099e-01
5.642225168645381705e-01
5.694829113781452179e-01
5.619619995355605857e-01
5.635149624198675378e-01
5.643667036667465720e-01
5.652632322162389755e-01
5.630856869742274506e-01
5.655044658109545930e-01
5.620658364146947639e-01
5.644655976444482581e-01
5.630808100104331970e-01
5.625765375792980416e-01
5.635609315708279832e-01
5.641402801498770492e-01
5.635565206408500449e-01
5.643177879974246025e-01
5.684387302026152611e-01
5.699944902211427911e-01
5.616589831188321114e-01
5.632567657157778740e-01
5.627924015745520148e-01
5.628808280453085899e-01
5.642786400392652002e-01
5.639749316498636755e-01
5.660070734098553435e-01
5.606841370463371277e-01
5.652206938713788542e-01
5.599476395174860510e-01
5.571775287389755249e-01
5.505078740417956862e-01
5.467898223549128023e-01
5.425885835662483947e-01
5.397647036239504592e-01
5.528764115646481736e-01
5.340803463011980501e-01
5.344162518158555031e-01
5.344071866944432037e-01
5.357103578746318373e-01
5.284168744459748490e-01
5.335003055632114854e-01
5.341295555233955827e-01
5.277729727327823417e-01
5.265373080968857034e-01
5.244126282632350922e-01
5.243656050413847414e-01
5.258567726239562479e-01
5.265046071261167970e-01
5.205675667151808961e-01
5.214831294491887315e-01
5.178553545847535133e-01
5.165951168164610863e-01
5.153949845582246336e-01
5.170807454735040221e-01
5.139597309753298759e-01
5.235834885388612747e-01
5.183759758248924765e-01
5.155014304444194284e-01
5.163127982988953146e-01
5.137014318257570045e-01
5.147387240082025306e-01
5.126960787922143492e-01
5.212485019117594209e-01
5.127982772886753304e-01
5.157012803480028884e-01
5.181031513959168944e-01
5.121367363259196059e-01
5.111959984526037726e-01
5.173903524875640425e-01
5.125231072306632996e-01
5.146625952795147452e-01
5.125242410227656142e-01
5.113887453451753107e-01
5.153515800833702309e-01
5.147979697212576866e-01
5.197478743270039780e-01
5.124546760693192704e-01
5.119097018614411354e-01
5.110304979607462883e-01
5.135813143104315248e-01
5.131322495639324410e-01
5.125517103821038978e-01
5.189636042341589928e-01
5.137003644369542155e-01
5.134020673111081567e-01
5.120563879609107971e-01
5.137267174199223740e-01
5.115577103570103645e-01
5.121008250862360001e-01
5.114952294155955537e-01
5.125224480405450311e-01
5.140181815251707587e-01
5.137688288465142028e-01
5.131864504888653533e-01
5.117476621642709222e-01
5.112964253872632758e-01
5.108279047533870187e-01
5.123369695618749109e-01
5.101287027820944342e-01
5.087611149996519311e-01
5.107626115903258768e-01
5.116087174043059127e-01
5.049106426537036674e-01
5.070938449352979660e-01
5.075048848986625227e-01
5.102838568389416185e-01
5.059026665985584259e-01
5.055494721978902595e-01
5.055556915700435416e-01
5.073950372636317763e-01
5.074707414954900964e-01
5.081897512078284995e-01
5.088038528338074684e-01
5.047080924734472784e-01
5.057219123467803223e-01
5.056682735681533591e-01
5.068068429827690125e-01
5.062121320515871048e-01
5.059345472604036553e-01
5.067622836679219755e-01
5.067680573090911356e-01
5.047548541799187216e-01
5.091269113123416679e-01
5.064565902575850487e-01
5.071154873818158881e-01
5.072756087407469527e-01
5.044528031721711159e-01
5.059370797127484831e-01
5.067640414461493936e-01
5.078219713643192801e-01
5.076770696789025816e-01
5.112393671646714433e-01
5.059858927503227966e-01
5.090360458940267341e-01
5.081751082092523797e-01
5.051320409402251244e-01
5.054753491654991882e-01
5.059379216283559355e-01
5.064087426289916039e-01
5.109591798856853995e-01
5.053902478888631089e-01
5.104789258912205696e-01
5.075807871297002283e-01
5.066018292680383173e-01
5.066789921373129335e-01
5.089933974668383598e-01
5.054577404633164850e-01
5.060191452503204346e-01
5.083657711744308250e-01
5.079516051337122917e-01
5.055487791076302972e-01
5.070954278111458047e-01
5.071392059326171875e-01
5.047920351848006471e-01
5.095656216144561768e-01
5.065563915297388586e-01
5.081377474591135535e-01
5.053254166617989762e-01
5.047697931528091209e-01
5.064626881852746232e-01
5.074451172724365744e-01
