1.033315871834754915e+02
4.887829208374023438e+01
2.797990503311157084e+01
1.872603079974651408e+01
1.433601497411727976e+01
1.166991861760616267e+01
9.941678962111472728e+00
8.859655240178108571e+00
8.002606593072414398e+00
7.313334058225154699e+00
6.741104099154472173e+00
6.123167264461517156e+00
5.586981500685214819e+00
5.072289603948592962e+00
4.724620285630225958e+00
4.182705096155404867e+00
3.965159056335687549e+00
3.602433276176452814e+00
3.356263907253742129e+00
3.071908000111579717e+00
2.839316009730100454e+00
2.644211886823177426e+00
2.419177626073360621e+00
2.272011168301105499e+00
2.147965508326888262e+00
2.022537358477711766e+00
1.931638898327946663e+00
1.840251736342906952e+00
1.763477602973580360e+00
1.668574382364749864e+00
1.546710981428623288e+00
1.512928736582398459e+00
1.473467288911342710e+00
1.436957009881734804e+00
1.407094309106469154e+00
1.340391488373279483e+00
1.308331282436847598e+00
1.280809019133448690e+00
1.245666672661900565e+00
1.228702700138092130e+00
1.204730606824159667e+00
1.190989492461085320e+00
1.166305299475788981e+00
1.162072349712252706e+00
1.131137965619564145e+00
1.111629874631762549e+00
1.085977024957537562e+00
1.085099069401621819e+00
1.076871549338102252e+00
1.047882190346717923e+00
1.046524473279714540e+00
1.033293894305825189e+00
1.038259434327483133e+00
1.014098796248436019e+00
9.953749570995569229e-01
9.936595991253852622e-01
9.883522387593984826e-01
9.931042965501546416e-01
9.682644020766020265e-01
9.799512587487697601e-01
9.673166140913963540e-01
9.626944508403539880e-01
9.709794264286756293e-01
9.772005878388881905e-01
9.301754815503955331e-01
9.081753347069024818e-01
8.995220759883523209e-01
8.700448937714100328e-01
8.618722205981612650e-01
8.648519808426499145e-01
8.613714542239904182e-01
8.521661607548594031e-01
8.315528010949492232e-01
8.301909547299146652e-01
8.305229337885975394e-01
8.244395868852734122e-01
8.117140904068946838e-01
8.374355332925915718e-01
7.987027779221534951e-01
7.871173750609159470e-01
7.903908614069223848e-01
7.695925923064350638e-01
7.819815037772059885e-01
7.692761188372969627e-01
7.623535335063934548e-01
7.551200570538639800e-01
7.497708000242709891e-01
7.548217372968792915e-01
7.426421497017144935e-01
7.430730931460857169e-01
7.438952438533306122e-01
7.364567637443542036e-01
7.444928137585520300e-01
7.368705580011010170e-01
7.295530974864959939e-01
7.362926159054040687e-01
7.395203823223710504e-01
7.403775906190276368e-01
7.319436600431800111e-01
7.356501173228024992e-01
7.224784361198544058e-01
7.358294986188411713e-01
7.241275146603584068e-01
7.340379830449819121e-01
7.157539140433073488e-01
7.206287940964102301e-01
7.220100739970802817e-01
7.072391975671052933e-01
7.125965815037489381e-01
7.057635694742202537e-01
6.992004729807377306e-01
6.949814004823565705e-01
6.970230324193835703e-01
6.934192562475800514e-01
6.936976971104741319e-01
6.910592885687947273e-01
6.883067090064287630e-01
6.928093314170837846e-01
6.883454719558358414e-01
6.894892361015081406e-01
6.857700766995549202e-01
6.888639841228723082e-01
6.882532656192779097e-01
6.813236132264137712e-01
6.786777377128601074e-01
6.777860656380653159e-01
6.798241576179862022e-01
6.859313575550913811e-01
6.784940410405397859e-01
6.784782581031322257e-01
6.801538288593291792e-01
6.808092011138796584e-01
6.802247360348701033e-01
6.781400669366121070e-01
6.795715577900409698e-01
6.778053963556885941e-01
6.795787438750267029e-01
6.779563404619693978e-01
6.851544445380568504e-01
6.773417269811033981e-01
6.767270928248763084e-01
6.791219029575585875e-01
6.770705400034785493e-01
6.783164953812956810e-01
6.798823002725840059e-01
6.817940315231680870e-01
6.782305063679814339e-01
6.794146414846181647e-01
6.748979803174733894e-01
6.767145382240414841e-01
6.843970779329537901e-01
6.771411808207631333e-01
6.744359632954001205e-01
6.739436365664005502e-01
6.711982540786266549e-01
6.657204251736402734e-01
6.650477241724729316e-01
6.617393534630536811e-01
6.558767911046743393e-01
6.542258940637111220e-01
6.576029790565371957e-01
6.539255885407329050e-01
6.516065308824181557e-01
6.480097545310854468e-01
6.494288472458720207e-01
6.522839091718196647e-01
6.503092177212238534e-01
6.495597556233405623e-01
6.483658928424119727e-01
6.488270243629813416e-01
6.482790861278772132e-01
6.502796383574604988e-01
6.488869313150644746e-01
6.506960403174162355e-01
6.479634031653404014e-01
6.511562878265977350e-01
6.482293341308832391e-01
6.462687596678733382e-01
6.469233412295579688e-01
6.443419216200709787e-01
6.447242107242345810e-01
6.412976304069161193e-01
6.440601198002695593e-01
6.407406063750386016e-01
6.405001483857631905e-01
6.383012687787413819e-01
6.417164878919721094e-01
6.392276016995310783e-01
6.389005281031131522e-01
6.382219271734357324e-01
6.393565217033028159e-01
6.423802843317389932e-01
6.382950596511364205e-01
6.394310807809233665e-01
6.379544455558061600e-01
6.407364681363105774e-01
6.388919796794653161e-01
6.389990862458944099e-01
6.397445006296038628e-01
6.394664414227009264e-01
6.419718459248542342e-01
6.382234346121549162e-01
6.376932736486196074e-01
6.379702050238847955e-01
6.369298776611685975e-01
6.372196691110729727e-01
6.368567768484354463e-01
6.366443620994687302e-01
6.375775793567299843e-01
6.372673621401190314e-01
6.395601626485586388e-01
6.380715887993574365e-01
6.380862647667526755e-01
6.404757440090179665e-01
6.400933219119906425e-01
6.356554456055164559e-01
6.367118882015347925e-01
6.363769689574837463e-01
6.421900834888220055e-01
6.357204498723149078e-01
6.368150452151895013e-01
6.385209720581770387e-01
6.409341054037213103e-01
6.386179914698004723e-01
6.359232315793633683e-01
6.360476460307836755e-01
6.380437862128018889e-01
6.370418408885598627e-01
6.397133778780699220e-01
6.362855991348623785e-01
6.370690492913126945e-01
6.375443503260612710e-01
6.399548768997191939e-01
6.381701160222291724e-01
6.363476322963833587e-01
6.358435461297631264e-01
6.356694467365742174e-01
6.347855702042579651e-01
6.391487453132868035e-01
6.352731395512819512e-01
6.342362716794014421e-01
6.344985745847224745e-01
6.333359856158494727e-01
6.323554735630750878e-01
6.340063786134123580e-01
6.334606213495135307e-01
6.349362237378954887e-01
6.330474643036723137e-01
6.330705907195806059e-01
6.320061801001429780e-01
6.329230958595871703e-01
6.326580803841352907e-01
6.333942046388983949e-01
6.331033712252974732e-01
6.318406317383050697e-01
6.335623096674680710e-01
6.330978788435459581e-01
6.328587125986814277e-01
6.331319935619831307e-01
6.344832653179764970e-01
6.340113772079348786e-01
6.332175208255648169e-01
6.319959262385964616e-01
6.338506026193500009e-01
6.323689512908459154e-01
6.324425986036658065e-01
6.385180709883571115e-01
6.334162728860974756e-01
6.334950670599936995e-01
6.330537000671029313e-01
6.319698845967650636e-01
6.331702310591935667e-01
6.317344127222895844e-01
6.323674716055392997e-01
6.365192087367177454e-01
6.326707044616342035e-01
6.345653412863612175e-01
6.331667661666869895e-01
6.317379767075180785e-01
6.313563643023372141e-01
6.331009667366742644e-01
6.342105977237224579e-01
6.334708059206605180e-01
6.343918096274137053e-01
6.335081789642572625e-01
6.346304161474108918e-01
6.327616371214389579e-01
6.314762448891997337e-01
6.339397240430116875e-01
6.315279603004455566e-01
6.344368319958448854e-01
6.370695244520903078e-01
6.356681758537888749e-01
6.319488644599914329e-01
6.330587280914187209e-01
6.327872531488537566e-01
6.331294104456901550e-01
6.324157660827041116e-01
6.327539045363664849e-01
6.337040983140468375e-01
6.341793529689312425e-01
6.320893166586756262e-01
6.342694988474250062e-01
6.325510829687118752e-01
6.345727330073713812e-01
6.330122554674744162e-01
6.329191297292708906e-01
6.304438624531030211e-01
6.324222018942237122e-01
6.342913404107093367e-01
6.315393174067139848e-01
6.318508496508001837e-01
6.324892479926347288e-01
6.320201383903623071e-01
6.338019207119941489e-01
6.320673579350113425e-01
6.333001457154751046e-01
6.331940183416009393e-01
6.323930893093347994e-01
6.351420855149626510e-01
6.329497231170535532e-01
6.320779979228973167e-01
6.322485767304897308e-01
6.303560739383101685e-01
6.325906787067652193e-01
6.361731193959713204e-01
6.324194323271512541e-01
6.345605906099081039e-01
6.334902917966246383e-01
6.320870142430067284e-01
6.351997209712862968e-01
6.321801023557782617e-01
6.321463074535131899e-01
6.335368370637297630e-01
6.379574283957480940e-01
6.331150095909834352e-01
6.325021484866738541e-01
6.335957443341613260e-01
6.317484173923730850e-01
6.336399743333458456e-01
6.327824240550399271e-01
6.327106703072786775e-01
6.336829604580997977e-01
6.324781334027648194e-01
6.320606539025902526e-01
6.330408185720444170e-01
6.319993028417230096e-01
6.334485877305269241e-01
6.336405530571938005e-01
6.321157582104206529e-01
6.345315519720315933e-01
6.325954075902699980e-01
6.316905872896313445e-01
6.339705109596251997e-01
6.326777264475822449e-01
6.330655807629227416e-01
6.331036241725087610e-01
6.323602445423602836e-01
6.411138875409960747e-01
6.326109463348984496e-01
6.319126147776842339e-01
6.359329696744679961e-01
6.328965190798043761e-01
6.340618096292018890e-01
6.325600266456603560e-01
6.339582912623882294e-01
6.325321882963180764e-01
6.336740374565124068e-01
6.329922275617718697e-01
6.327618747949600442e-01
6.318191921338438544e-01
6.331681990996003151e-01
6.336002103984356149e-01
6.330117413774132284e-01
6.328900605440139771e-01
6.322528937831520812e-01
6.348542612046003120e-01
6.323924969881773439e-01
6.330165885388850944e-01
6.343767393380403963e-01
6.315858317539095879e-01
6.327631661668420282e-01
6.325164642184972763e-01
6.321761367842555490e-01
6.339764602482318434e-01
6.325115500018000381e-01
6.323427541181445566e-01
6.332101929932832940e-01
6.328735379502177238e-01
6.322451585903763327e-01
6.325353290885686874e-01
6.347296092659234779e-01
6.342707775533199532e-01
6.341084020212293115e-01
6.330482069402932899e-01
6.321983739733696428e-01
6.316624065861106141e-01
6.331493303179740462e-01
6.335948379710316658e-01
6.357368232682347742e-01
6.348093328997492790e-01
6.317134981974958929e-01
6.315273925662040488e-01
6.304076287895441499e-01
6.295186337083578110e-01
6.289327599108218703e-01
6.295116987079382165e-01
6.334987038746475729e-01
6.291930461302399635e-01
6.295348295941949335e-01
6.295604480430483374e-01
6.288473127409816010e-01
6.286246847361326440e-01
6.283431494608521239e-01
6.314215570688247459e-01
6.273297702893614325e-01
6.288659704849124399e-01
6.283582460135221925e-01
6.278707711026072502e-01
6.309302221983671410e-01
6.291989196091890557e-01
6.284878309816122055e-01
6.297478498890995979e-01
6.297945931553841081e-01
6.279287794604897499e-01
6.281685752794146094e-01
6.302746083587408288e-01
6.296868665143847688e-01
6.280579313635825667e-01
6.294058203697204812e-01
6.287279453128575835e-01
6.280917122960090193e-01
6.283462692052126375e-01
6.283277478069067001e-01
6.292435664683579954e-01
6.293659446761011855e-01
6.280495805665851083e-01
6.307800918817519920e-01
6.290035767480730566e-01
6.307300690561532530e-01
6.274854751303792222e-01
6.293134223669767380e-01
6.279738221317530122e-01
6.279984135180711746e-01
6.276892524212598357e-01
6.302736885845661163e-01
6.281723592430352721e-01
6.279653212055563705e-01
6.281657928600907770e-01
6.280206102877855523e-01
6.287993904203176276e-01
6.282083801925182343e-01
6.305632458999752554e-01
6.283553637564182059e-01
6.288341401144862397e-01
6.308217413723469225e-01
6.284533560276031050e-01
6.280238397419453111e-01
6.324763357639312522e-01
6.287520000711083190e-01
6.283880759030580077e-01
6.279420072212815729e-01
6.288069518283009307e-01
6.274247493594884428e-01
6.289061600342392699e-01
6.295064127072691473e-01
6.310685178264975326e-01
6.281173015013337135e-01
6.303505396470427957e-01
6.281957354396581206e-01
6.284248407930135283e-01
6.274867517873644607e-01
6.292486270889640076e-01
6.290482072159647720e-01
6.282338324934244600e-01
6.319796163588762283e-01
6.277634633705020395e-01
6.280785741284489188e-01
6.280380405485630479e-01
6.298942675814032111e-01
6.270547892898321596e-01
6.334002209827304108e-01
6.274252753704786523e-01
6.299723995849489944e-01
6.334196809679270013e-01
6.279398428276181665e-01
6.286147175356745498e-01
6.284883404150605202e-01
6.292105764150619507e-01
6.287779061123728308e-01
6.287386501207947731e-01
6.285678654909133689e-01
6.280474778264760749e-01
6.284609964117408021e-01
6.285872453823685424e-01
6.283655600622296555e-01
6.312747225165367126e-01
6.280900912359357324e-01
6.312495635822414908e-01
6.279315738007426040e-01
6.280974922701716423e-01
6.290839727967977302e-01
6.291939295828342660e-01
6.274809364229441133e-01
6.282484143972396629e-01
6.297438442707061768e-01
6.285003969445824845e-01
6.282919880002737489e-01
6.291058748960495217e-01
6.298040555790066497e-01
6.302138419821858850e-01
6.279733179137110266e-01
6.272133549675344977e-01
6.290562985464930312e-01
6.281014118343591912e-01
6.288067620247602685e-01
6.281885350123047607e-01
6.320609821006655249e-01
6.296550219878553900e-01
6.281996276229619980e-01
6.275145303457975166e-01
6.284166771918535677e-01
6.274914396926760674e-01
6.282538807019590887e-01
6.279384292662143485e-01
6.296214666217565536e-01
6.278431117534637451e-01
6.283185610547661337e-01
6.276395585387944953e-01
6.368524147197603957e-01
6.297456691041588561e-01
6.296123730018734488e-01
6.278427949175238165e-01
6.282725499942898306e-01
6.282391984015702757e-01
6.276968486607075182e-01
6.282490583136677298e-01
6.287690484896302223e-01
6.285768803209066391e-01
6.285960150882601294e-01
6.309103732928633690e-01
6.284616163000464883e-01
6.321137130260467973e-01
6.280537104234099610e-01
6.283071495592593703e-01
6.295788064599037170e-01
6.280565431341529337e-01
6.285504152998327987e-01
6.284907665103673935e-01
6.294282052665949312e-01
6.282055154442787170e-01
6.288859050720929655e-01
6.281440839171409385e-01
6.282856795936823113e-01
6.280834518373012987e-01
6.295056072995066643e-01
6.293884485960006270e-01
6.291720854118466599e-01
6.283002264797687975e-01
6.281984457746148109e-01
6.272329343482851982e-01
6.280880341306328551e-01
6.328282199800014940e-01
6.293142130598425865e-01
6.275377012789249420e-01
6.284664275124669519e-01
6.325579909607768059e-01
6.280408883467316628e-01
6.294791311025619285e-01
6.288193335756659952e-01
6.278327863663435426e-01
6.279792463406920211e-01
6.280748523771763070e-01
6.279281668365002123e-01
6.279506379738449828e-01
6.280650349333882776e-01
6.314459284767508507e-01
6.274675039574504343e-01
6.292403224855661614e-01
6.277507407590746658e-01
6.290462838485837427e-01
6.279520502313971075e-01
6.287264101207256095e-01
6.283531971275806427e-01
6.288770206272602525e-01
6.293247072026133537e-01
6.294272173196077125e-01
6.283197376877069917e-01
6.284041743725538032e-01
6.278450500220060793e-01
6.287377830594778061e-01
6.288942370563745943e-01
6.283469865098595397e-01
6.280615804716944695e-01
6.305285787209868875e-01
6.284285476431250572e-01
6.279892515391111152e-01
6.281855201348662820e-01
6.291788285598158836e-01
6.287110321223735587e-01
