7.926240897178649902e+01
3.591239515542984151e+01
1.881038855910301066e+01
1.436928215920925211e+01
1.147831394672393834e+01
9.682101514935492759e+00
8.700945110619068501e+00
7.681546396017074230e+00
7.026993386447429657e+00
6.477041220664977672e+00
5.972579881548881531e+00
5.393789467215538203e+00
5.144939216971397222e+00
4.820017446577549158e+00
4.432293938100338337e+00
4.209534296393394825e+00
3.926945764571428299e+00
3.719563241302966894e+00
3.547659119218587787e+00
3.396030668169260025e+00
3.146751248091459452e+00
2.991814557462930679e+00
2.804806067049503415e+00
2.698213883489370524e+00
2.567317229509353815e+00
2.398542687296867371e+00
2.316981780529022039e+00
2.204510091245174497e+00
2.133167794346809476e+00
2.060085225105285467e+00
1.945651670545339496e+00
1.858976767584681555e+00
1.785338978096842721e+00
1.726961719989776656e+00
1.675422450155019671e+00
1.624047629535198212e+00
1.567210563644766852e+00
1.535336253419518515e+00
1.511405470222234815e+00
1.459462210536003113e+00
1.477756337076425508e+00
1.438938286155462265e+00
1.429308095201849982e+00
1.444784432277083308e+00
1.405176281183958098e+00
1.373474042490124614e+00
1.388513986393809407e+00
1.367778227478265718e+00
1.370463971421122640e+00
1.370317891612649053e+00
1.363655316457152322e+00
1.343089662864804357e+00
1.344181819632649377e+00
1.321775112301111221e+00
1.297144345566630275e+00
1.246363865584135144e+00
1.265940403565764427e+00
1.217044844478368804e+00
1.196265041455626399e+00
1.200474777072668031e+00
1.183838485926389739e+00
1.182040400803089142e+00
1.160306668281555265e+00
1.178931615129113153e+00
1.167233387753367380e+00
1.172515986859798520e+00
1.167410807311534793e+00
1.147049773111939341e+00
1.157818042114377111e+00
1.148708195984363467e+00
1.164737355709075883e+00
1.155541769415140196e+00
1.160904363170266240e+00
1.143797713518142745e+00
1.149838851764798164e+00
1.148195647448301271e+00
1.143697194382548243e+00
1.147873015329241797e+00
1.144016104936599776e+00
1.139425489306449935e+00
1.143388269096612841e+00
1.131729434058070138e+00
1.126240098848938942e+00
1.128356991708278745e+00
1.131504200398921967e+00
1.128515537083149001e+00
1.126762261241674334e+00
1.121969044581055730e+00
1.116972083598375409e+00
1.115674751996994063e+00
1.118758663907647222e+00
1.115061269327998206e+00
1.119615810737013772e+00
1.124274294450879008e+00
1.117958039045333862e+00
1.114999267086386636e+00
1.117287347093224525e+00
1.116882149502635091e+00
1.115220131352543831e+00
1.116614902019500644e+00
1.116059027239680201e+00
1.121829687058925717e+00
1.115206985175609677e+00
1.120682016760110811e+00
1.122040762007236570e+00
1.113578164577484042e+00
1.115692860260605768e+00
1.121285650879144669e+00
1.117741215601563365e+00
1.111291123926639646e+00
1.113458637148141861e+00
1.115023653581738383e+00
1.112704367563128516e+00
1.110600463300943419e+00
1.117336651310324669e+00
1.116853249818086535e+00
1.112120154127478555e+00
1.110901155695319220e+00
1.109895136952400163e+00
1.104033943638205617e+00
1.102611787244677455e+00
1.106259978562593504e+00
1.105247943848371550e+00
1.099920095503330142e+00
1.102869272977113679e+00
1.104594263061881021e+00
1.103452510386705443e+00
1.100907263904809863e+00
1.101377686858177274e+00
1.100494432821869761e+00
1.102331613376736685e+00
1.099338405951857611e+00
1.102527741715312093e+00
1.098827262595295950e+00
1.098294960707426160e+00
1.101362198218703181e+00
1.099787791073322252e+00
1.103234755247831433e+00
1.099318090826272964e+00
1.097808795049786568e+00
1.107838376611471221e+00
1.102175795659422919e+00
1.099397464841604277e+00
1.097817894443869680e+00
1.102855951711535498e+00
1.103658398240804583e+00
1.101724316924810321e+00
1.102345603331923440e+00
1.099285348504781767e+00
1.100159997120499611e+00
1.100822700187563896e+00
1.100554137304425195e+00
1.098629133403301150e+00
1.097348080575466067e+00
1.100267914682626635e+00
1.100202230736613274e+00
1.098294109106063843e+00
1.097915760055184320e+00
1.101249941065907567e+00
1.099561481550335840e+00
1.099629250168800310e+00
1.101570962369442075e+00
1.099099751934409230e+00
1.101021988317370415e+00
1.101744852215051695e+00
1.099414555728435605e+00
1.100071982666850134e+00
1.101312619447708085e+00
1.098860701918602079e+00
1.100797317549586207e+00
1.100244249403476759e+00
1.098512439802288965e+00
1.097949983179569156e+00
1.102251910045743077e+00
1.095246976986527399e+00
1.088231419399380728e+00
1.087545986846089274e+00
1.087875427305698306e+00
1.090156888216733844e+00
1.088615130633115768e+00
1.093670355156064034e+00
1.090401687100529760e+00
1.087211766466498419e+00
1.087511296570301100e+00
1.088223332911729901e+00
1.087266410142183393e+00
1.085178976133465811e+00
1.083925199136138051e+00
1.081001944467425258e+00
1.080865359678864435e+00
1.081082011386752084e+00
1.081217817589640529e+00
1.085103403031826064e+00
1.079004950076341673e+00
1.080898247286677272e+00
1.079720628261566118e+00
1.081066292896866843e+00
1.080564104393124669e+00
1.078289639949798540e+00
1.083327191695570901e+00
1.078729665279388517e+00
1.079075978323817298e+00
1.081114963069558232e+00
1.078665791451931089e+00
1.078231486678123519e+00
1.081052119657397226e+00
1.080600769445300147e+00
1.076658444479107857e+00
1.079036877304315523e+00
1.078215568885207087e+00
1.077341110259294465e+00
1.078481505066156476e+00
1.078319816291332334e+00
1.083929513022303670e+00
1.077407742291689008e+00
1.079546179622411728e+00
1.078927307948470027e+00
1.078313691541552544e+00
1.083945769444107921e+00
1.077928736805915833e+00
1.078042580187320798e+00
1.080028669908642769e+00
1.077824555709958165e+00
1.078207628428935916e+00
1.077827528864145235e+00
1.077908249571919441e+00
1.080369819328188985e+00
1.078635172918438911e+00
1.079424475133418992e+00
1.077446931228041693e+00
1.081453185528516769e+00
1.077476910501718566e+00
1.076310912147164345e+00
1.077533074468374208e+00
1.079285232350230217e+00
1.077986857295036405e+00
1.078843626752495677e+00
1.077401470020413310e+00
1.077929274737834842e+00
1.078394731506705284e+00
1.079669063910841942e+00
1.077845655754208654e+00
1.077603771537542388e+00
1.076522783190011934e+00
1.078852970525622457e+00
1.078066150099039167e+00
1.080917270854115486e+00
1.076459813490509898e+00
1.080741631612181619e+00
1.078502835705876350e+00
1.077168698981404216e+00
1.077937116846442223e+00
1.076896316930651576e+00
1.077406982704997018e+00
1.077860531583428427e+00
1.078437924012541682e+00
1.078609179332852275e+00
1.078719178214669228e+00
1.078797524422407061e+00
1.078210438415408090e+00
1.079854531586170285e+00
1.078748534619808241e+00
1.077684412151575177e+00
1.078098384290933520e+00
1.078141574934124991e+00
1.081280589848756746e+00
1.079215149581432387e+00
1.078272870182991117e+00
1.079442808777093976e+00
1.076124145835638091e+00
1.077201693505048796e+00
1.077887356653809636e+00
1.077073731273412660e+00
1.075438291579484895e+00
1.079755910485982850e+00
1.069245242699980780e+00
1.069770995527505875e+00
1.068645215034484952e+00
1.068662556633353189e+00
1.069696694239973933e+00
1.069051144644618034e+00
1.070273680612444878e+00
1.070041389763355166e+00
1.068798863515257880e+00
1.068259928002953441e+00
1.070780649781227112e+00
1.068557038530707270e+00
1.071308871731162071e+00
1.068660602346062749e+00
1.070337073877453804e+00
1.068953735753893852e+00
1.071016930416226476e+00
1.068613152951002121e+00
1.068878259509801865e+00
1.068751546368002847e+00
1.068147741630673497e+00
1.069448467716574758e+00
1.068555511534214020e+00
1.070405730232596442e+00
1.068992892280220985e+00
1.068290279060602144e+00
1.068058118969201997e+00
1.069475999474525540e+00
1.069763143360614732e+00
1.068775958940386683e+00
1.071517569944262505e+00
1.068644060194492429e+00
1.068499340116977780e+00
1.068096486479043872e+00
1.068621896579861730e+00
1.067102025449276015e+00
1.069491574913263410e+00
1.068377283588051840e+00
1.069649298489093736e+00
1.068187357112765357e+00
1.070508058741688640e+00
1.069353768974542707e+00
1.069140755385160402e+00
1.071135366708040326e+00
1.074923306331038386e+00
1.068642785772681236e+00
1.069099811837077141e+00
1.069495633617043584e+00
1.067951083555817693e+00
1.067281563580036119e+00
1.068027780950069339e+00
1.067694879695773036e+00
1.068792108073830516e+00
1.069644204154610589e+00
1.067969506606459618e+00
1.069343064725398973e+00
1.070205840840935618e+00
1.067921445518732027e+00
1.071989146247506186e+00
1.069608513265848160e+00
1.067028218880295753e+00
1.070958114415407225e+00
1.067183985188603357e+00
1.068579854816198438e+00
1.069585680216550871e+00
1.068741640821099237e+00
1.068265352025628001e+00
1.067625287175178572e+00
1.067716681212186769e+00
1.068741673231124789e+00
1.069147336110472635e+00
1.068380234763026237e+00
1.069091691449284509e+00
1.069976720213890120e+00
1.072354977205395743e+00
1.068235554918646857e+00
1.068051783740520566e+00
1.068455786630511328e+00
1.068035791441798166e+00
1.067903097718954086e+00
1.068923537060618489e+00
1.065778157114982694e+00
1.065119132772088140e+00
1.064187842607498213e+00
1.064285405352711766e+00
1.064780779182910919e+00
1.062689423188567073e+00
1.064856745302677155e+00
1.063360652327537625e+00
1.062040259316563651e+00
1.061579525843262761e+00
1.062027330324053720e+00
1.061826616525650024e+00
1.061442093551158816e+00
1.061256359890103251e+00
1.062744549661874816e+00
1.061978586018085480e+00
1.062568079680204391e+00
1.062084924057125956e+00
1.061337942257523537e+00
1.063682107627391904e+00
1.062823253124952405e+00
1.060910979285836220e+00
1.061770568415522531e+00
1.061907625570893243e+00
1.062726249918341637e+00
1.066656741872429759e+00
1.061872849613428205e+00
1.063427133485674858e+00
1.061250780895352408e+00
1.060733407735824585e+00
1.062170380726456642e+00
1.060693387687206224e+00
1.062479998916387558e+00
1.062508876249194101e+00
1.061886405199766070e+00
1.061257252469658852e+00
1.062345718219876334e+00
1.062127910926938146e+00
1.061186985671520144e+00
1.061508831009268849e+00
1.064123639091849371e+00
1.062879208475351334e+00
1.060748235136270479e+00
1.062981309741735547e+00
1.063090777769684747e+00
1.061207611486315816e+00
1.062429070100188166e+00
1.065414474532008215e+00
1.062429191544651985e+00
1.062242429330944926e+00
1.060932277515530542e+00
1.061093727499246686e+00
1.061779223009943873e+00
1.062847415357828229e+00
1.061844455078244209e+00
1.062092193961143405e+00
1.060995814204215959e+00
1.061355942860245705e+00
1.062241596728563220e+00
1.061516204848885536e+00
1.062543196976184934e+00
1.062471459805965468e+00
1.062802062556147620e+00
1.063229465484619052e+00
1.061782341822981923e+00
1.062243529409170106e+00
1.060480041056871325e+00
1.061501043662428811e+00
1.061019518598914191e+00
1.060377153754234358e+00
1.061103271320462227e+00
1.060462317615747496e+00
1.059651999548077539e+00
1.060861956700682729e+00
1.063701621070504144e+00
1.060637049004435450e+00
1.059481038898229643e+00
1.059771687164902776e+00
1.059384419023990720e+00
1.058981953561306089e+00
1.060294550284743398e+00
1.060237514972686812e+00
1.060047089681029231e+00
1.060722367838025093e+00
1.059320362284779549e+00
1.060242585837841034e+00
1.060305428504943803e+00
1.059127537906169980e+00
1.059172770380973905e+00
1.059542372822761536e+00
1.059058987721800849e+00
1.060012681782245725e+00
1.060599653422832578e+00
1.058754412084817798e+00
1.059192529320716947e+00
1.058279791474342257e+00
1.060270919278264001e+00
1.059600361809134528e+00
1.060377294942736581e+00
1.060627620667219162e+00
1.058663579076528638e+00
1.062366573885083154e+00
1.059826641157269433e+00
1.059692723304033191e+00
1.061115902289748281e+00
1.061059205979108855e+00
1.060165669396519572e+00
1.059522284567356198e+00
1.060033316165208905e+00
1.060474934056401253e+00
1.061771738156676248e+00
1.059912826865911484e+00
1.061036184057593257e+00
1.059700817987322852e+00
1.059678754955530211e+00
1.058330291509628207e+00
1.059694698080420494e+00
1.059702992066740901e+00
1.059389668703079268e+00
1.062379738688469022e+00
1.059089953824877695e+00
1.059985284879803702e+00
1.059849960356950671e+00
1.060552949830889657e+00
1.059418971091508954e+00
1.059145771712064699e+00
1.062467657029628754e+00
1.060053630173206418e+00
1.060090516880154654e+00
1.058837190642953008e+00
1.059525067731738046e+00
1.058026132360100791e+00
1.060427141934633166e+00
1.059182883799075992e+00
1.057757392525672913e+00
1.057705241069197610e+00
1.058658223599195480e+00
1.058526946604251950e+00
1.058298152312636464e+00
1.057585424184799283e+00
1.058640793338418096e+00
1.056928259879350573e+00
1.057688946649432138e+00
1.057218670845031738e+00
1.058777590095996812e+00
1.057551040872931392e+00
1.057812099531292960e+00
1.057584737241268114e+00
1.057903601229190915e+00
1.058147826045751527e+00
1.057467291131615639e+00
1.057385658472776324e+00
1.057909830287098840e+00
1.058235611766576767e+00
1.058851687982678369e+00
1.057216303423047066e+00
1.058473640680313022e+00
1.059085407853126437e+00
1.057969684153795331e+00
1.057617053762078374e+00
1.056200693920254619e+00
1.058525430783629373e+00
1.058759493008256003e+00
1.058753122389316514e+00
1.058000519871711731e+00
1.058681610971689224e+00
1.056660617887973830e+00
1.060411333292722746e+00
1.056975078582763627e+00
1.057292328029870943e+00
1.058375142514705658e+00
1.058248726278543383e+00
1.060879042744636624e+00
1.056518044322729111e+00
1.057335669547319501e+00
1.056519180908799260e+00
1.056630185991525694e+00
1.056790978461503938e+00
1.060111722350120633e+00
1.058102905005216643e+00
1.056901746243238405e+00
1.057095315679907888e+00
1.057766723819077104e+00
1.057544840127229602e+00
1.058345706760883242e+00
1.057102698087692305e+00
1.057525114715099246e+00
1.057536340877413661e+00
1.059342653676867529e+00
1.058463713526725858e+00
1.057648018747568086e+00
1.057393711060285568e+00
1.056898896396160081e+00
1.059192856028676077e+00
1.058884815126657442e+00
1.058946908637881323e+00
1.057009898871183351e+00
1.057845668867230415e+00
1.056860714033245996e+00
1.060003235563635737e+00
1.061061356961727098e+00
1.056998960301279933e+00
1.057294735684990883e+00
1.057143695652484894e+00
1.057805797457695096e+00
1.059490838646888644e+00
1.058851045370101884e+00
1.057232244685292200e+00
1.057723540812730789e+00
1.057175961509347006e+00
1.059871683642268136e+00
1.058099795132875443e+00
1.057740083709359125e+00
1.058322563767433167e+00
1.057633467763662294e+00
1.059020279720425561e+00
1.057629189640283629e+00
1.058289666846394583e+00
1.057335761561989829e+00
1.057892353087663606e+00
1.057571482658386186e+00
1.056924660503864244e+00
1.058403648063540370e+00
1.058847450464963869e+00
1.059077993407845586e+00
1.058832488209009215e+00
1.058163114637136415e+00
1.057047209516167596e+00
1.058215448260307223e+00
1.058209033310413272e+00
1.057805357128381640e+00
1.058893914520740553e+00
1.058523692563176244e+00
1.057460666075348943e+00
1.058196924999356359e+00
1.057212229073047682e+00
1.059367760270834014e+00
1.058190696313977330e+00
1.060555744916200638e+00
1.057236778736114546e+00
1.058061704039573669e+00
1.057603919133544013e+00
1.058189216628670604e+00
1.057199178263545036e+00
