6.372897264957428121e+01
2.287278071343898844e+01
1.207426747381687093e+01
1.051214688718318868e+01
9.460546034574509378e+00
8.767709073424338584e+00
8.132363033294677024e+00
7.654756140708923517e+00
7.258917857706546961e+00
6.820809453725814819e+00
6.508214193582534612e+00
6.233315043151378632e+00
5.806164757907390950e+00
5.478187565505504786e+00
5.109602493047714411e+00
4.864946345984935583e+00
4.629167766869068501e+00
4.449341215193271637e+00
4.257959042489528834e+00
4.092183306813240051e+00
3.942157664895057589e+00
3.819913772493600757e+00
3.701441934704780667e+00
3.584330662339925588e+00
3.497248641401529134e+00
3.451171536743641077e+00
3.375295799225568771e+00
3.309055505692958921e+00
3.266412071138620199e+00
3.260131818056106745e+00
3.213323649764061152e+00
3.168775806576013654e+00
3.177639582753181369e+00
3.163586904853582293e+00
3.134077524393796832e+00
3.117476010322570712e+00
3.097268771380186081e+00
3.091047400981187909e+00
3.074680575728416354e+00
3.072397645562887192e+00
3.063016791641712366e+00
3.061106955260038287e+00
3.054861854016780676e+00
3.041897471249103369e+00
3.047221684455871493e+00
3.038890733569860281e+00
3.042951457947492777e+00
3.040550784766673953e+00
3.031232687830924810e+00
3.025766688585281194e+00
3.020279446989297956e+00
3.031856781244278043e+00
3.015455577522516251e+00
3.029170723259448916e+00
3.020842749625444412e+00
3.019157326221466153e+00
3.017583369463681997e+00
3.016311942785978140e+00
3.016202530264854520e+00
3.021564701199531466e+00
3.013652491569518865e+00
3.010571017116308035e+00
3.018432003259658991e+00
3.011141575872898102e+00
3.010472311079502195e+00
3.012298988550901502e+00
3.003631053119897754e+00
3.009097314625978292e+00
3.008349571377038956e+00
3.008253682404756546e+00
3.007636451721191317e+00
3.011489725857972921e+00
3.004181796312332065e+00
3.003809387981891454e+00
3.004338070005178274e+00
3.008121433854102911e+00
3.010361395031213583e+00
3.003452008962631314e+00
3.003536592423915685e+00
3.006113707274198354e+00
3.005597033351659952e+00
3.005389077216386706e+00
3.002570048719644724e+00
2.998914670199155807e+00
2.998862212151288897e+00
2.999578449130058111e+00
2.996825227886438459e+00
2.993300016969442368e+00
2.994448407739400686e+00
2.987629913538694559e+00
2.992241506278515040e+00
2.989108970016240985e+00
2.989100970327854156e+00
2.988758831471204580e+00
2.991375837475061417e+00
2.990523295104503543e+00
2.990662255883216769e+00
2.988564289361238302e+00
2.989422395080327810e+00
2.985778593271970927e+00
2.988115485012531103e+00
2.990055044740438372e+00
2.990294189006090342e+00
2.992626523226499469e+00
2.988755650818347931e+00
2.987744701653718860e+00
2.986306124925613315e+00
2.987303445488214582e+00
2.987318778783083051e+00
2.986572591960430234e+00
2.987826268374919714e+00
2.986644442379474462e+00
2.994053607434034259e+00
2.988062773644924341e+00
2.989267889410257339e+00
2.983930292725562872e+00
2.986757179349660785e+00
2.993026161193847567e+00
2.986360991746187299e+00
2.986410868167877375e+00
2.985969025641679764e+00
2.985812137275934308e+00
2.987883242219686597e+00
2.987391668558120550e+00
2.983963898569345297e+00
2.985914762318134130e+00
2.985134790092706769e+00
2.992571911215782254e+00
2.987630299478769125e+00
2.987185877561569392e+00
2.988883953541517258e+00
2.987471661716699423e+00
2.986998549848794759e+00
2.986989989131688894e+00
2.985264202207326800e+00
2.987844754755497156e+00
2.993781960755586447e+00
2.987038161605596542e+00
2.987478639930486679e+00
2.989869420975446612e+00
2.984615692496299655e+00
2.986024885624646963e+00
2.987146177887916476e+00
2.986666423082351862e+00
2.986546899378299535e+00
2.988242114335298627e+00
2.984836436063051046e+00
2.991102515161037534e+00
2.986586845666169943e+00
2.986137653142213910e+00
2.986499986052513211e+00
2.989829466491937815e+00
2.986144868284463794e+00
2.987960521131753922e+00
2.986490970104932696e+00
2.993204579502344309e+00
2.987226454168558032e+00
2.989080758392810733e+00
2.986447018384933649e+00
2.987350775301456540e+00
2.984957738965749563e+00
2.988146478682756513e+00
2.985171213001012624e+00
2.986198473721742630e+00
2.989647421985864639e+00
2.985316078364848913e+00
2.984537588804960340e+00
2.991352686285972506e+00
2.986283565312624066e+00
2.983658180385828196e+00
2.986001288145780475e+00
2.984260966628789813e+00
2.988574595749378116e+00
2.987594930082559497e+00
2.986839886754751205e+00
2.985093139857053934e+00
2.985180150717496872e+00
2.989030361175537109e+00
2.986225616931915461e+00
2.983704124391079127e+00
2.985325167328119367e+00
2.983906424790620626e+00
2.988286312669515610e+00
2.985748885571956723e+00
2.984341582655906766e+00
2.990000515431165518e+00
2.987339971959591001e+00
2.986414060741663157e+00
2.986815234273672015e+00
2.985550233721733004e+00
2.986216135323047638e+00
2.985431225597858340e+00
2.985900861024856745e+00
2.984675142914056778e+00
2.985529208928346723e+00
2.984877654165029703e+00
2.990935178846120923e+00
2.985675180703401654e+00
2.987468927353620352e+00
2.986039317399263204e+00
2.984277010709047495e+00
2.985940580815076739e+00
2.990998236835002988e+00
2.986213555186986834e+00
2.988519461452960879e+00
2.985486366599798380e+00
2.987158849835395813e+00
2.985642582178115845e+00
2.982752886414528071e+00
2.984957706928253351e+00
2.986189322918653577e+00
2.986230000853538513e+00
2.985435647517442614e+00
2.986063213646411807e+00
2.988401363044977277e+00
2.986004640907049090e+00
2.986257386207580744e+00
2.987846959382295609e+00
2.984475781023502527e+00
2.986319571733474731e+00
2.986178849637508570e+00
2.988793630897998987e+00
2.986371508985757650e+00
2.993183042854070663e+00
2.986114964634180247e+00
2.986086679250001819e+00
2.984692039340734571e+00
2.985759639739990146e+00
2.984199985116720022e+00
2.984458343684673221e+00
2.987668125331401914e+00
2.984290365874767481e+00
2.987487183511257083e+00
2.984985143691301523e+00
2.989046052843332468e+00
2.986052230745554148e+00
2.984644048660993754e+00
2.985083992779254736e+00
2.985789813846349894e+00
2.989973639696836383e+00
2.987115326523780645e+00
2.991053974628448575e+00
2.987011190503835678e+00
2.987310630083084284e+00
2.984074565023183911e+00
2.989679346978664221e+00
2.987426897883415311e+00
2.986597907543182551e+00
2.986542851477861582e+00
2.987272296100854874e+00
2.986437867581844152e+00
2.986111520975827993e+00
2.985748709738254458e+00
2.991482838243245901e+00
2.983032050728797735e+00
2.986861459165811361e+00
2.986467295885085971e+00
2.983825011551380246e+00
2.982834959775209516e+00
2.988673010468482882e+00
2.983270634710788904e+00
2.990105349570512772e+00
2.985370848327875137e+00
2.988656748831272303e+00
2.987896934896707712e+00
2.987979080528020859e+00
2.988968715816736399e+00
2.987991184741258799e+00
2.986025188863277613e+00
2.986271025240421206e+00
2.984341035038232892e+00
2.985770666599273593e+00
2.992673206329345525e+00
2.988625044375658124e+00
2.984765311330556781e+00
2.985176120698452173e+00
2.992095520347356707e+00
2.987383535504341214e+00
2.985699684917926700e+00
2.984891115874051870e+00
2.985934242606163025e+00
2.987384979426860987e+00
2.986296894401311963e+00
2.985336554795503528e+00
2.987924889475107371e+00
2.985259568691253751e+00
2.987111660093069165e+00
2.983312822133302511e+00
2.984712970256805598e+00
2.985564275085926145e+00
2.986419899761676877e+00
2.985793667286634534e+00
2.985330444574356257e+00
2.984665699303150177e+00
2.985552294552326291e+00
2.985871801525354474e+00
2.988997598737478167e+00
2.986914159357547671e+00
2.986735797673463644e+00
2.987857779860496610e+00
2.990949892997741610e+00
2.987564973533153534e+00
2.988476110249757678e+00
2.986820359528064905e+00
2.987854386121034711e+00
2.985084275901317419e+00
2.986391656100749969e+00
2.988610657304525464e+00
2.985066801309585571e+00
2.982222806662321091e+00
2.985391560941934586e+00
2.987635560333728790e+00
2.986717546731233686e+00
2.987431450933217825e+00
2.985239033401012598e+00
2.984673397243022830e+00
2.986017528921365738e+00
2.985835760831832886e+00
2.984686237573623835e+00
2.986795238405465902e+00
2.986536974459886640e+00
2.987359414994716467e+00
2.985732013732194989e+00
2.986112171411514193e+00
2.986662595719098867e+00
2.984675055742263883e+00
2.984391422569751651e+00
2.986698243021964849e+00
2.985523974895477384e+00
2.984777667373418986e+00
2.983755607903003870e+00
2.989121465384960263e+00
2.984168832749128253e+00
2.986190859973430811e+00
2.985816232860088348e+00
2.987702888250351130e+00
2.985803528130054563e+00
2.986165101081132978e+00
2.986349837481975467e+00
2.989254657924175440e+00
2.985258541256189169e+00
2.988868034631013693e+00
2.985502347350120544e+00
2.987254086136817754e+00
2.989706914126872839e+00
2.984864416718482794e+00
2.986489190161228269e+00
2.989231079816818237e+00
2.987799654901027502e+00
2.991158131510019302e+00
2.983152011036872775e+00
2.983803813904523761e+00
2.986001291871070773e+00
2.986360520124435425e+00
2.985268449038267047e+00
2.985365068167447955e+00
2.987934421002864660e+00
2.984379035979509265e+00
2.989992294460535049e+00
2.984761485457420260e+00
2.986717407405376612e+00
2.984372959285974680e+00
2.984120864421129227e+00
2.987848547846078784e+00
2.987625814229249777e+00
2.984808266907930552e+00
2.987425050884485067e+00
2.986495029181241989e+00
2.987737064063549219e+00
2.985612365603446783e+00
2.983684309571981608e+00
2.982031674683093936e+00
2.983830479532480151e+00
2.984412093460560023e+00
2.983133690059184939e+00
2.991122166067361920e+00
2.986878803372383206e+00
2.986847037822008222e+00
2.983076906204223722e+00
2.984532422572374166e+00
2.984371358156204135e+00
2.988977503031492233e+00
2.982935622334480286e+00
2.986667152494192123e+00
2.988892156630754471e+00
2.984650366753339945e+00
2.989203661680221558e+00
2.985213805735111414e+00
2.995671930909156622e+00
2.987432309240102946e+00
2.983929421752691269e+00
2.987035632133483887e+00
2.981431507319212137e+00
2.985016150027513415e+00
2.984136999398470103e+00
2.983936037123203100e+00
2.984520603716373621e+00
2.983923988044261844e+00
2.984376629441976458e+00
2.984299778193235220e+00
2.985769691318273633e+00
2.986638767272233874e+00
2.985191825777292252e+00
2.992285268008708865e+00
2.987954398244619281e+00
2.981329245865345090e+00
2.987846185266971766e+00
2.985681502521038144e+00
2.985422159731387914e+00
2.981701531261205851e+00
2.978820666670799255e+00
2.980898229777813047e+00
2.965382562577724368e+00
2.969242285937070847e+00
2.959400644898414701e+00
2.956576146930456339e+00
2.954347375035285772e+00
2.956731773167848409e+00
2.955901125818491071e+00
2.953781363368034540e+00
2.953031101822853000e+00
2.955968020111322314e+00
2.952781687676906408e+00
2.955680286139249713e+00
2.951418777555227191e+00
2.950549221038818448e+00
2.953984344750642865e+00
2.949370383471250356e+00
2.955607816576957703e+00
2.953712111711502164e+00
2.953635740280151190e+00
2.951254834234714686e+00
2.949755227565765470e+00
2.952280726283788681e+00
2.951999589800834656e+00
2.953364292532205670e+00
2.951096671074628919e+00
2.954193784296512693e+00
2.950486081093549817e+00
2.950808482617139905e+00
2.951044167578220190e+00
2.950941407680511386e+00
2.950829094648361295e+00
2.952095937728882014e+00
2.949741617590189158e+00
2.952107051759958356e+00
2.948545731604099274e+00
2.952873179316520602e+00
2.950377322733402252e+00
2.949972882866859436e+00
2.952395297586917877e+00
2.949113982170820325e+00
2.953833145648240954e+00
2.950891828536987394e+00
2.951710827648639679e+00
2.949904747307300568e+00
2.952555176615715204e+00
2.951128238439559848e+00
2.951904943585395902e+00
2.950347033888101489e+00
2.950302758812904269e+00
2.957746947556734174e+00
2.952230899780988516e+00
2.951567971706390292e+00
2.951797421276569189e+00
2.953687868267297567e+00
2.951243100315332324e+00
2.950093794614076614e+00
2.953780145198106943e+00
2.952259513735771002e+00
2.948252451419830500e+00
2.948709771037101746e+00
2.952214447408914477e+00
2.949815000593662084e+00
2.954194548726081671e+00
2.950169990956783117e+00
2.951726802438497721e+00
2.950536666065454394e+00
2.950805512815713794e+00
2.952057822793721975e+00
2.950169781595468610e+00
2.949962383508682340e+00
2.953641451895236969e+00
2.950272828340530396e+00
2.951173704862594782e+00
2.952001307904720484e+00
2.947944539040327161e+00
2.948544425517320544e+00
2.952730993181467145e+00
2.951165434718132197e+00
2.950748052448034286e+00
2.952207682281732470e+00
2.951490762084722608e+00
2.951216045022010626e+00
2.950467263162136256e+00
2.949267878383397878e+00
2.950445567816495807e+00
2.949379608035087585e+00
2.952298124134540735e+00
2.951804419606923968e+00
2.953349903225898743e+00
2.949165607243776410e+00
2.952275183796882807e+00
2.950742330402135849e+00
2.949437281489372342e+00
2.951018796116113840e+00
2.951811969280242920e+00
2.948741270601749509e+00
2.949500666558742434e+00
2.950172159075736822e+00
2.950372713804244817e+00
2.952782630175351919e+00
2.951541647315025330e+00
2.951225066184997470e+00
2.950515931844711393e+00
2.950506895780563354e+00
2.955092477798461736e+00
2.955541755259036840e+00
2.949796047061681747e+00
2.953010940551757724e+00
2.952835336327552795e+00
2.950352155417204081e+00
2.949855404347181409e+00
2.949573572725057602e+00
2.954885705560445608e+00
2.954268324375152410e+00
2.950407706201076508e+00
2.952885310351848425e+00
2.952008539438247592e+00
2.949484996497631073e+00
2.953952620923518957e+00
2.951364902406930835e+00
2.952462657541036428e+00
2.951490593701600940e+00
2.950015425682067871e+00
2.951053998619317831e+00
2.949428632855415344e+00
2.948246534913778305e+00
2.949988690763711841e+00
2.952464840561151327e+00
2.949063568562269033e+00
2.954425104707479655e+00
2.950836730003357111e+00
2.949114938825368792e+00
2.953821902722120196e+00
2.957318109273910700e+00
2.952184113860130132e+00
2.953718596696853549e+00
2.950557443499564947e+00
2.953808803111314774e+00
2.950554821640253067e+00
2.949577095359563916e+00
2.951701530069112955e+00
2.948589649796486079e+00
2.951189415156841189e+00
2.951427277922630488e+00
2.954673786461353480e+00
2.948934572190046399e+00
2.949726908653974355e+00
2.951129421591758728e+00
2.948703420907258899e+00
2.951066278666258036e+00
2.953207244724035174e+00
2.952207130193710505e+00
2.952785124629735858e+00
2.952507303655147464e+00
2.950027154386043460e+00
2.950853516161441981e+00
2.953135088086128235e+00
2.950211070477962494e+00
2.950525140017270953e+00
2.951813557744026095e+00
2.950618577748536975e+00
2.950463857501745224e+00
2.949513404816388906e+00
2.949760136753320605e+00
2.956280483305454343e+00
2.949454993754625498e+00
2.950482548028230845e+00
2.951771606504917322e+00
2.952065195888280869e+00
2.952760737389326096e+00
2.950706276297569097e+00
2.950882763415575205e+00
2.949897515028715222e+00
2.952540941536426544e+00
2.949255930632352918e+00
2.951036583632230759e+00
2.949633795022964300e+00
2.951969448477029800e+00
2.949530482292175293e+00
2.950842646509408862e+00
2.951729664951562970e+00
2.951346684992313563e+00
2.953428660333156763e+00
2.950652115792036234e+00
2.951051617413759320e+00
2.951410679519176572e+00
2.950313372164964587e+00
2.953340762108564554e+00
