4.618499755859375000e+00 -4.428710937500000000e-01 2.408126831054687500e+00
4.097503662109375000e+00 2.713012695312500000e-02 3.070129394531250000e+00
4.460494995117187500e+00 5.721282958984375000e-01 2.364120483398437500e+00
4.184509277343750000e+00 1.368118286132812500e+00 2.790115356445312500e+00
3.954498291015625000e+00 1.007125854492187500e+00 3.647125244140625000e+00
2.995498657226562500e+00 1.191116333007812500e+00 3.526123046875000000e+00
2.837509155273437500e+00 9.931182861328125000e-01 4.442123413085937500e+00
2.945495605468750000e+00 4.112243652343750000e-02 4.377120971679687500e+00
2.019500732421875000e+00 -2.028808593750000000e-01 4.346115112304687500e+00
1.425506591796875000e+00 3.821258544921875000e-01 4.880126953125000000e+00
5.984954833984375000e-01 -8.287048339843750000e-02 4.567123413085937500e+00
6.050109863281250000e-02 -5.898742675781250000e-01 3.928115844726562500e+00
-9.249877929687500000e-02 -9.878692626953125000e-01 3.127120971679687500e+00
-6.575012207031250000e-01 -4.938812255859375000e-01 2.371124267578125000e+00
-1.015014648437500000e-01 -8.387756347656250000e-02 1.657119750976562500e+00
-1.069503784179687500e+00 1.471252441406250000e-01 1.643127441406250000e+00
-1.378494262695312500e+00 -2.138824462890625000e-01 8.041229248046875000e-01
-1.898498535156250000e+00 -1.618804931640625000e-01 1.220703125000000000e-04
-2.571502685546875000e+00 3.531188964843750000e-01 5.111236572265625000e-01
-2.868499755859375000e+00 1.065124511718750000e+00 -1.128845214843750000e-01
-2.110504150390625000e+00 1.063125610351562500e+00 -7.338714599609375000e-01
-1.229492187500000000e+00 1.061126708984375000e+00 -3.898773193359375000e-01
-6.214904785156250000e-01 1.375122070312500000e+00 2.271270751953125000e-01
-4.524993896484375000e-01 2.021118164062500000e+00 9.541168212890625000e-01
-7.734985351562500000e-01 2.766128540039062500e+00 4.181213378906250000e-01
-1.621490478515625000e+00 3.229125976562500000e+00 3.571166992187500000e-01
-1.985504150390625000e+00 4.036117553710937500e+00 8.117675781250000000e-03
-2.625503540039062500e+00 4.629119873046875000e+00 -4.398803710937500000e-01
-2.175491333007812500e+00 4.501129150390625000e+00 -1.247879028320312500e+00
-1.904495239257812500e+00 5.149124145507812500e+00 -1.830871582031250000e+00
-1.940490722656250000e+00 5.531127929687500000e+00 -2.692871093750000000e+00
-1.717498779296875000e+00 5.143127441406250000e+00 -3.531875610351562500e+00
-1.490493774414062500e+00 5.077117919921875000e+00 -4.430877685546875000e+00
-8.404998779296875000e-01 4.378128051757812500e+00 -4.248870849609375000e+00
-5.115051269531250000e-01 3.733123779296875000e+00 -4.896881103515625000e+00
-8.605041503906250000e-01 3.041122436523437500e+00 -5.552871704101562500e+00
-9.185028076171875000e-01 2.216125488281250000e+00 -5.051879882812500000e+00
-7.095031738281250000e-01 2.696121215820312500e+00 -4.293884277343750000e+00
-1.578491210937500000e+00 2.228118896484375000e+00 -3.991882324218750000e+00
-1.447494506835937500e+00 1.739120483398437500e+00 -3.181884765625000000e+00
-1.893493652343750000e+00 1.140121459960937500e+00 -2.572875976562500000e+00
-2.505493164062500000e+00 3.441314697265625000e-01 -2.650878906250000000e+00
-3.046493530273437500e+00 -7.186889648437500000e-02 -1.949874877929687500e+00
-2.581497192382812500e+00 -9.418792724609375000e-01 -2.049880981445312500e+00
-2.091491699218750000e+00 -1.685882568359375000e+00 -2.589874267578125000e+00
-3.021499633789062500e+00 -2.090881347656250000e+00 -2.824874877929687500e+00
-3.687500000000000000e+00 -2.401870727539062500e+00 -2.143875122070312500e+00
-3.197494506835937500e+00 -1.942871093750000000e+00 -1.371871948242187500e+00
-3.427490234375000000e+00 -1.667877197265625000e+00 -4.748840332031250000e-01
-2.596496582031250000e+00 -1.209869384765625000e+00 -1.798706054687500000e-01
-2.156494140625000000e+00 -2.014877319335937500e+00 -2.968750000000000000e-01
-1.361495971679687500e+00 -2.296875000000000000e+00 2.211151123046875000e-01
-8.484954833984375000e-01 -2.786880493164062500e+00 8.271179199218750000e-01
-3.144989013671875000e-01 -3.415878295898437500e+00 2.281188964843750000e-01
1.894989013671875000e-01 -3.695877075195312500e+00 -5.508728027343750000e-01
8.645019531250000000e-01 -4.046875000000000000e+00 -3.488159179687500000e-02
1.027496337890625000e+00 -4.713882446289062500e+00 5.831146240234375000e-01
7.075042724609375000e-01 -4.000869750976562500e+00 1.133117675781250000e+00
1.012496948242187500e+00 -3.288879394531250000e+00 1.674118041992187500e+00
1.706497192382812500e+00 -2.953872680664062500e+00 1.128128051757812500e+00
1.007507324218750000e+00 -3.146881103515625000e+00 4.821166992187500000e-01
1.822509765625000000e+00 -3.128875732421875000e+00 -1.048736572265625000e-01
2.526504516601562500e+00 -3.766876220703125000e+00 -3.198852539062500000e-01
3.164505004882812500e+00 -3.362869262695312500e+00 -9.498748779296875000e-01
3.572509765625000000e+00 -3.067871093750000000e+00 -1.618804931640625000e-01
3.017501831054687500e+00 -2.380874633789062500e+00 1.911163330078125000e-01
3.871505737304687500e+00 -1.974868774414062500e+00 3.791198730468750000e-01
4.449508666992187500e+00 -2.026870727539062500e+00 1.150115966796875000e+00
3.560501098632812500e+00 -1.712875366210937500e+00 1.446121215820312500e+00
4.184509277343750000e+00 -1.189880371093750000e+00 1.989120483398437500e+00
