1.266727970361709623e+02
6.837623032331467243e+01
3.759071462750434733e+01
2.501125886440276958e+01
1.702226237654685903e+01
1.309154074490070307e+01
1.090176641643047262e+01
9.322131270170212147e+00
8.204355911910534260e+00
7.618578338623047230e+00
6.961120060086249950e+00
6.193405194580554607e+00
5.715430633723736165e+00
5.106965687870979487e+00
4.763562589883804321e+00
4.204247387498616817e+00
3.865859302878379644e+00
3.553769169747829526e+00
3.365825838595628561e+00
3.090753246098756790e+00
2.869828791916370303e+00
2.653068856149912058e+00
2.527818328887224020e+00
2.331579735130071551e+00
2.190139721333980383e+00
2.098294422030448914e+00
1.987700022757053375e+00
1.883424523845314891e+00
1.759726901352405504e+00
1.685731500387191772e+00
1.600190420448780015e+00
1.550253027677535922e+00
1.426587346568703563e+00
1.392214148864149958e+00
1.326925186812877744e+00
1.262047281861305326e+00
1.222792839631438255e+00
1.184216336160898164e+00
1.143428836762905076e+00
1.095901749283075377e+00
1.071670432388782457e+00
1.066333062946796417e+00
1.021505337581038564e+00
1.016777696833014444e+00
9.921368476003408210e-01
9.745271872729063256e-01
9.464188285171986070e-01
9.414774388074874656e-01
9.106541909277439117e-01
9.053986849263310210e-01
9.070654436945915222e-01
8.972956676036119017e-01
8.877157416194677575e-01
8.869742099195718765e-01
8.791620044037700143e-01
8.642523050308227317e-01
8.541048621758818848e-01
8.669884001836181131e-01
8.478720247745513694e-01
8.460919439792633501e-01
8.387052422389388306e-01
8.421926740556955338e-01
8.366864705458283424e-01
8.295683873817324416e-01
8.348807049915194511e-01
8.229032972827553527e-01
8.221243401989341004e-01
8.194358369335532633e-01
8.323640789836644904e-01
8.167014993727207406e-01
8.144151670858263969e-01
8.198799464851618257e-01
8.210990140214562416e-01
8.042341148480772750e-01
8.112582067027688248e-01
8.095639577135443909e-01
8.009752115234732850e-01
8.022769100964068922e-01
8.004219787195324676e-01
8.012977639213204606e-01
8.050112614408135858e-01
7.992555655539035353e-01
7.915092278271913528e-01
7.842053717002273050e-01
7.805287070572376473e-01
7.753880919888616052e-01
7.617057861760259119e-01
7.617763618007302728e-01
7.503826741129160371e-01
7.406619625166058762e-01
7.397722493857145087e-01
7.147865420207381026e-01
7.209636921063065085e-01
7.184800855815410836e-01
7.061664322391152382e-01
6.887940280139446259e-01
6.778742134571075217e-01
6.845994638279080391e-01
6.756864776834845543e-01
6.766575587913393752e-01
6.692209223285316977e-01
6.640757948160171953e-01
6.639362379908562151e-01
6.530068421736359152e-01
6.518346481025218964e-01
6.331620592623948829e-01
6.339403823018073814e-01
6.151241857558489290e-01
6.287742333486676660e-01
6.223136967048048529e-01
6.087116591632366625e-01
6.154585197567939980e-01
6.099890714511275736e-01
6.049615671858191712e-01
6.183934293687343153e-01
6.039207886904478517e-01
6.020929357036948204e-01
6.050466606393456459e-01
5.998588012531399505e-01
5.982393402606248634e-01
5.929170330986380799e-01
5.958765123039484468e-01
5.983024083077908006e-01
6.029796959832310899e-01
5.911510854959487471e-01
5.980599589645863023e-01
5.902649413794278654e-01
5.921749865636229959e-01
5.844093902036547883e-01
5.987622335553168806e-01
5.846740216016769187e-01
5.911834405735134634e-01
5.872254241257905960e-01
5.868723139166831526e-01
5.880509549751877785e-01
5.860726745799184068e-01
5.845926752313971297e-01
5.835990753024816735e-01
5.858709221705794556e-01
5.850140176713466422e-01
5.869615778326988664e-01
5.889057617634534392e-01
5.814590733498334885e-01
5.891748217865824255e-01
5.807905983179807441e-01
5.925667792558669822e-01
5.869795056059956551e-01
5.834695162251591904e-01
5.915733093395829645e-01
5.862178806215524451e-01
5.877421317622065766e-01
5.853364624083041701e-01
5.810653638094663842e-01
5.856049556285143343e-01
5.840731808915734513e-01
5.895537041127681954e-01
5.846145663410424742e-01
5.878407072275877443e-01
5.869627036154270172e-01
5.820624344050884247e-01
5.803696591407060401e-01
5.791491093114018440e-01
5.841636592522263527e-01
5.761652208864689317e-01
5.767555246129631996e-01
5.810483569279313310e-01
5.810602398589252982e-01
5.767930381000041518e-01
5.841960972175002098e-01
5.756200548261404260e-01
5.751351037994026916e-01
5.800661273300647958e-01
5.751552902162074821e-01
5.741677835583687273e-01
5.744896924123168436e-01
5.751849476248025450e-01
5.763883657753468004e-01
5.759146368131041749e-01
5.770393073558807151e-01
5.778399437665939775e-01
5.753352077677845733e-01
5.798646479845046553e-01
5.760128239169717279e-01
5.743043007329106109e-01
5.738981222733855470e-01
5.782026790082455125e-01
5.750359736382961717e-01
5.836641371250153032e-01
5.709208842366934045e-01
5.762352345511316809e-01
5.730849849060177803e-01
5.709956398233770880e-01
5.770857404917478783e-01
5.716750875115395036e-01
5.765595469623804314e-01
5.732671041041612625e-01
5.740062644705176131e-01
5.804564360529184119e-01
5.763053530827164650e-01
5.745355159044265303e-01
5.734791312366723792e-01
5.708734083920716795e-01
5.708769220858812554e-01
5.776401484385133012e-01
5.709486709907650726e-01
5.772228173911571059e-01
5.711018251255154388e-01
5.653294207528233306e-01
5.591424953192472014e-01
5.598041020333767159e-01
5.523193135857582536e-01
5.651297293603420036e-01
5.433512916788458824e-01
5.482710488140583038e-01
5.438740283250809160e-01
5.455574855208397134e-01
5.477874089032411797e-01
5.413320686668157133e-01
5.422280162572861162e-01
5.427345102652907372e-01
5.457421176135539564e-01
5.429394317790865454e-01
5.406212804839014563e-01
5.391069034114479575e-01
5.387212548404931578e-01
5.396461617201566696e-01
5.368743285536765608e-01
5.325731888413429704e-01
5.328956980258225951e-01
5.312769202515482680e-01
5.316025694832205994e-01
5.352453116327524629e-01
5.323508925735950248e-01
5.253858085721730964e-01
5.269355626776814905e-01
5.261575713753700034e-01
5.200808087363839594e-01
5.180528825148940086e-01
5.104770999401807563e-01
5.210696024820208327e-01
5.150719929486513582e-01
5.059619529172778574e-01
5.169298959895968215e-01
5.225020017474889533e-01
5.103365460410713705e-01
5.056983124464750068e-01
5.053512129932642427e-01
4.991154521703720093e-01
4.993147756904363632e-01
4.999229164794087299e-01
4.990687871351838223e-01
4.972208669409156068e-01
5.004549633711576906e-01
4.981008600443601608e-01
4.998160330578684807e-01
5.156454233452677505e-01
4.988219318911433220e-01
5.020699845626950264e-01
5.052993491291999373e-01
4.960784275084734185e-01
5.015182154253124969e-01
4.956077570095658302e-01
4.952806469053029903e-01
4.946402274072170258e-01
4.951707180589437485e-01
4.945210227742791176e-01
4.971806092187762149e-01
4.959488386288285477e-01
4.948967672884464486e-01
4.935676671564578899e-01
4.911167081445455551e-01
4.912879692390560993e-01
4.863443098962306754e-01
4.792920138686895259e-01
4.753431085497140662e-01
4.852813286706805229e-01
4.715112723410129769e-01
4.680613489821553452e-01
4.804055759683251159e-01
4.768558448180556519e-01
4.680405145511031262e-01
4.664608842693269142e-01
4.634665014222264512e-01
4.616318592801690324e-01
4.622679566964507103e-01
4.611698737367987411e-01
4.604210793972015603e-01
4.587270831689238548e-01
4.611866742372512928e-01
4.653646141290664895e-01
4.567738452926278225e-01
4.613393310457468144e-01
4.595640093088150246e-01
4.580282164737582429e-01
4.570579273626208527e-01
4.583857808262109534e-01
4.560764066874981038e-01
4.577778755687177403e-01
4.599293336272239907e-01
4.574176613241434097e-01
4.557665606960654148e-01
4.561516243964433559e-01
4.557981356978416665e-01
4.581453956663608662e-01
4.567229153588414081e-01
4.560534005984663852e-01
4.583817229606211296e-01
4.609485489316284546e-01
4.545242335647344811e-01
4.549132006242871396e-01
4.573986731469631417e-01
4.604597756639122741e-01
4.556158666498958953e-01
4.558606987819075473e-01
4.564428983256220707e-01
4.557998236268758774e-01
4.556276272051036358e-01
4.568926379084586875e-01
4.587581176310777664e-01
4.562049908563494682e-01
4.561944222077727318e-01
4.568918194621801598e-01
4.585199690423905627e-01
4.551949369721114413e-01
4.545476070605218299e-01
4.555207982659340016e-01
4.434547487646341435e-01
4.492517694830894248e-01
4.384288758970796840e-01
4.389403021894395240e-01
4.345956245437264664e-01
4.412323222495615482e-01
4.445682713761925919e-01
4.297434852458536514e-01
4.331658371724188550e-01
4.295676762238144764e-01
4.319913257844746335e-01
4.305281312204897182e-01
4.312149913050234429e-01
4.280951492488384025e-01
4.325740460306405910e-01
4.309949724934994952e-01
4.290433413349091785e-01
4.292212065309286007e-01
4.297453494742512481e-01
4.285886756144464127e-01
4.299550301395356766e-01
4.397510273382067569e-01
4.276800888590514549e-01
4.360922290012240188e-01
4.311371392570436112e-01
4.389233354479074589e-01
4.282026971690356953e-01
4.362058836035430653e-01
4.281619950197637081e-01
4.280202494934201018e-01
4.285764595493674056e-01
4.286334540694952122e-01
4.298733664676547273e-01
4.323797781020403130e-01
4.290725138969719299e-01
4.284195465035736672e-01
4.272819481790065543e-01
4.295618866570293792e-01
4.296760397031903489e-01
4.309519126079976448e-01
4.284275214187800995e-01
4.282770104706287162e-01
4.279170967638492584e-01
4.290675821714103333e-01
4.275601994246244208e-01
4.288702748715877422e-01
4.279547531157731899e-01
4.288347082212567440e-01
4.291679205372929684e-01
4.272009653039276489e-01
4.278120482340455055e-01
4.260275189764797799e-01
4.278726973570883274e-01
4.262884550727903954e-01
4.273385500535368808e-01
4.270550522021949180e-01
4.270478115417063458e-01
4.288436900824308395e-01
4.258629940450191498e-01
4.251606192439794651e-01
4.257055370137095562e-01
4.257611793465912453e-01
4.260570372454822174e-01
4.247883088886738046e-01
4.244923026300966851e-01
4.244660105556249396e-01
4.235757602378725784e-01
4.235279669985175244e-01
4.238228153437376133e-01
4.233789377845823543e-01
4.230503164231776969e-01
4.239364165812730678e-01
4.233959854580461868e-01
4.233995281159877999e-01
4.237619585357606522e-01
4.237637915648519993e-01
4.255406950600445493e-01
4.237376406788825878e-01
4.233404419384896866e-01
4.237814368680119514e-01
4.256228290498256794e-01
4.233430340886116250e-01
4.245096931234002002e-01
4.235459564253687970e-01
4.236370375379919784e-01
4.233552749268710835e-01
4.229159270413219707e-01
4.246041567996144406e-01
4.229145075194537529e-01
4.237363287247717381e-01
4.230103494599461444e-01
4.225651028566062561e-01
4.234940548427402751e-01
4.238203132525086292e-01
4.241995763033628575e-01
4.221128287725150474e-01
4.240918237715959327e-01
4.233136110007763020e-01
4.227556508965790161e-01
4.236265622079372628e-01
4.234653155319392792e-01
4.230440601706504933e-01
4.236617160961032025e-01
4.244648870080709457e-01
4.235314799472689740e-01
4.234572098590433376e-01
4.237157296389341132e-01
4.243206500075757392e-01
4.232485726475715415e-01
4.228862523101269977e-01
4.238834522664546856e-01
4.230418526567518711e-01
4.250020599924028142e-01
4.233257433399558178e-01
4.229666931554675324e-01
4.253376989625394233e-01
4.230291948653757683e-01
4.233601841144263855e-01
4.240494983270764462e-01
4.231046695262193902e-01
4.249804629012942092e-01
4.230648212134838215e-01
4.231683429330587165e-01
4.227332566864788754e-01
4.246167130768299103e-01
4.263383923098444939e-01
4.229730454273522011e-01
4.238318243063986523e-01
4.236725230701267608e-01
4.228899458423256985e-01
4.239825364202260971e-01
4.228467072360217460e-01
4.233780198730528466e-01
4.241950292140245216e-01
4.224098028615116962e-01
4.236632670275867207e-01
4.244463374838233216e-01
4.252733800560236088e-01
4.226559428498148918e-01
4.225781043991446717e-01
4.235617220401763916e-01
4.227653502486646286e-01
4.239362576976418717e-01
4.234318163245916478e-01
4.237275152467191441e-01
4.224887902848422638e-01
4.243425597436726315e-01
4.228996012359857448e-01
4.247649087570607440e-01
4.238182140514254459e-01
4.234670591540634632e-01
4.228999581187963264e-01
4.234257693402468936e-01
4.252275157719850318e-01
4.230753482319414838e-01
4.227588734589516895e-01
4.229824940674006828e-01
4.229572895914316399e-01
4.245305390097200982e-01
4.223487958312034385e-01
4.235057899728417175e-01
4.248550086282193439e-01
4.234892765991389862e-01
4.236417429521679989e-01
4.230567313730716483e-01
4.261951789259910695e-01
4.249308272264897823e-01
4.231146722100674884e-01
4.231964395381510036e-01
4.223354970104992168e-01
4.236146756447851658e-01
4.242304638959467633e-01
4.241087741218507179e-01
4.238980307243764289e-01
4.241872266866266727e-01
4.238756641745567433e-01
4.243202605284750462e-01
4.224914487451315037e-01
4.256444731727242470e-01
4.275398474186659081e-01
4.234770488925277965e-01
4.230105297639966122e-01
4.247367639094591363e-01
4.231243574991822021e-01
4.246187481097877248e-01
4.232296437956392654e-01
4.239636845886707306e-01
4.230953196063637622e-01
4.242982122115790955e-01
4.242085274308919907e-01
4.220318472944200039e-01
4.243110374547541253e-01
4.219279044307768234e-01
4.234182864427566417e-01
4.230783283710479736e-01
4.240796839818358199e-01
4.240358564071357028e-01
4.308870657347142474e-01
4.270131467841565831e-01
4.222983598709106334e-01
4.233863744884729385e-01
4.228046949021518341e-01
4.226221931166946888e-01
4.259002503007650597e-01
4.237126905471086391e-01
4.224839801900088787e-01
4.242447776719927566e-01
4.237242828123271576e-01
4.224431307055055984e-01
4.230814888142049313e-01
4.230238554067909940e-01
4.233222720213234425e-01
4.227170693688094838e-01
4.228170132264494896e-01
4.256257474422454612e-01
4.247097342275082954e-01
4.312012224458158238e-01
4.224535102955996879e-01
4.227055244147777668e-01
4.229458196088671795e-01
4.231386954896151908e-01
4.234379960224032291e-01
4.239929061383008735e-01
4.232158098369837029e-01
4.233287851326167361e-01
4.229233438149094804e-01
4.226576053537428601e-01
4.255074371583759674e-01
4.245570342056453339e-01
4.235517670400440471e-01
4.226776880212128051e-01
4.239156805910170300e-01
4.239898555912077205e-01
4.245155662298202293e-01
4.227580792270601018e-01
4.253601724281906860e-01
4.246025456115603558e-01
4.226789726875722630e-01
4.229706736281514390e-01
4.230271625332534535e-01
4.225545751862228028e-01
4.240705147385597229e-01
4.237256501801311970e-01
4.247883257456123718e-01
4.227460623718798383e-01
4.246761401183903328e-01
4.246828798204660416e-01
4.230061860755086056e-01
4.239547408185899147e-01
4.239898790605366452e-01
4.234547611325979455e-01
4.230886578559875377e-01
4.224227349273860233e-01
4.255991113372147305e-01
4.254973071627318748e-01
4.230023227632045968e-01
4.221510728821158409e-01
4.239492794498801453e-01
4.240863113664090633e-01
4.237196439877152221e-01
4.225096423178911209e-01
4.231147551909089088e-01
4.235476965084671863e-01
4.235608210787177308e-01
4.271456203423440456e-01
4.231536322273313777e-01
4.234100167639553436e-01
4.240366265177726857e-01
4.222317852079868206e-01
4.234108271077275387e-01
4.230202276259660832e-01
4.236917151138186455e-01
4.282220072112977727e-01
4.227494443766772747e-01
